0.000 -6.076863
0.010 -0.193847
0.020 12.182360
0.030 -7.714844
0.040 0.407085
0.050 9.487410
0.060 -5.825239
0.070 8.347228
0.080 11.847047
0.090 -0.721513
0.100 1.744775
0.110 9.415672
0.120 -5.359940
0.130 -6.197530
0.140 -15.795221
0.150 -6.731255
0.160 -5.028656
0.170 -7.734679
0.180 3.932940
0.190 -8.686572
0.200 -1.934801
0.210 -0.655020
0.220 -8.047885
0.230 -9.912350
0.240 8.693117
0.250 5.042932
0.260 5.215381
0.270 2.137465
0.280 1.517951
0.290 7.734167
0.300 7.966314
0.310 2.314427
0.320 1.357507
0.330 4.732055
0.340 3.858626
0.350 11.763703
0.360 0.446536
0.370 11.896144
0.380 -1.894921
0.390 -5.176244
0.400 -2.898069
0.410 5.154101
0.420 -7.964641
0.430 6.220960
0.440 5.744734
0.450 -17.484274
0.460 -9.518032
0.470 1.967880
0.480 4.331995
0.490 -7.968606
0.500 -4.511766
0.510 0.291195
0.520 -2.734376
0.530 -6.654682
0.540 5.929896
0.550 -9.637224
0.560 14.508984
0.570 4.878253
0.580 0.924741
0.590 -4.495539
0.600 4.430007
0.610 -6.429320
0.620 9.218031
0.630 7.375052
0.640 -14.707517
0.650 -6.924775
0.660 10.345808
0.670 -3.508950
0.680 2.663565
0.690 3.645961
0.700 3.885581
0.710 9.218658
0.720 -2.098386
0.730 0.055532
0.740 3.188036
0.750 -3.766808
0.760 3.619447
0.770 0.460333
0.780 -0.411159
0.790 -0.781503
0.800 -0.459014
0.810 7.269027
0.820 11.566508
0.830 2.808301
0.840 5.420929
0.850 5.262287
0.860 8.924423
0.870 -1.058790
0.880 -14.012040
0.890 9.347401
0.900 -15.388116
0.910 -2.767387
0.920 -0.211715
0.930 2.633864
0.940 12.121234
0.950 -1.864174
0.960 -4.011522
0.970 -2.015330
0.980 -5.568792
0.990 8.654286
