0.000 5.176357
0.010 -8.565381
0.020 12.207427
0.030 7.500409
0.040 -0.119219
0.050 0.995088
0.060 7.567453
0.070 -0.954377
0.080 -6.022914
0.090 -7.113162
0.100 1.628698
0.110 -12.501399
0.120 13.067182
0.130 -2.084267
0.140 -0.402437
0.150 3.396799
0.160 -8.520587
0.170 18.226982
0.180 11.186855
0.190 17.915075
0.200 4.157690
0.210 4.531824
0.220 10.878899
0.230 -2.504794
0.240 0.685671
0.250 5.606323
0.260 3.273373
0.270 1.442885
0.280 -3.014578
0.290 -1.487198
0.300 5.053302
0.310 -4.897847
0.320 -3.501766
0.330 -8.470927
0.340 -5.133891
0.350 -2.414095
0.360 -1.738076
0.370 0.163922
0.380 1.873151
0.390 -2.092341
0.400 -11.784179
0.410 5.635978
0.420 -0.263836
0.430 -1.902233
0.440 -3.782595
0.450 0.325581
0.460 1.426181
0.470 6.682465
0.480 3.820585
0.490 -6.146255
0.500 -19.462114
0.510 16.014618
0.520 -10.737280
0.530 13.582036
0.540 4.999053
0.550 0.426503
0.560 0.986881
0.570 11.295647
0.580 -5.724776
0.590 -6.299651
0.600 -3.836737
0.610 5.269715
0.620 -3.823574
0.630 -0.289709
0.640 -4.965347
0.650 -21.689683
0.660 -18.986681
0.670 -1.293141
0.680 -6.945014
0.690 0.490643
0.700 -20.294273
0.710 -0.356918
0.720 6.118905
0.730 -15.717379
0.740 7.934226
0.750 0.863263
0.760 -9.263164
0.770 0.667976
0.780 2.166446
0.790 -6.912755
0.800 14.060331
0.810 -1.523352
0.820 -5.579280
0.830 -4.158737
0.840 1.329886
0.850 8.180975
0.860 5.534572
0.870 8.199891
0.880 -0.600288
0.890 -0.133496
0.900 2.743068
0.910 -0.410144
0.920 -0.054230
0.930 1.914489
0.940 5.439130
0.950 -16.031929
0.960 5.262857
0.970 2.691901
0.980 1.829342
0.990 -6.675624
