0.000 -7.668806
0.010 -9.429919
0.020 -8.869976
0.030 -11.375707
0.040 10.709360
0.050 0.417165
0.060 -5.408156
0.070 -20.674162
0.080 2.298413
0.090 -4.940911
0.100 -3.653110
0.110 -2.109100
0.120 9.188680
0.130 -1.399353
0.140 -3.911714
0.150 -2.168196
0.160 7.774830
0.170 5.470152
0.180 10.063974
0.190 2.407751
0.200 2.670311
0.210 -5.655663
0.220 0.364577
0.230 -7.255610
0.240 -13.299485
0.250 11.982692
0.260 -7.715402
0.270 -8.745378
0.280 -13.691418
0.290 3.191592
0.300 -3.275629
0.310 -4.071006
0.320 -2.540919
0.330 8.619342
0.340 -0.066184
0.350 6.223020
0.360 8.468813
0.370 2.937413
0.380 6.222625
0.390 -1.322707
0.400 -8.403623
0.410 -12.549921
0.420 -2.389275
0.430 0.602620
0.440 1.589816
0.450 1.114440
0.460 -8.447237
0.470 -11.154713
0.480 8.273617
0.490 4.234997
0.500 -8.704047
0.510 0.097196
0.520 7.681845
0.530 -8.405261
0.540 -7.334622
0.550 14.379813
0.560 7.953925
0.570 5.397724
0.580 2.253157
0.590 -8.634464
0.600 5.672848
0.610 -13.096929
0.620 2.807295
0.630 5.661241
0.640 -0.834092
0.650 0.443904
0.660 1.728342
0.670 7.377553
0.680 -11.892503
0.690 -1.380584
0.700 3.897379
0.710 8.586543
0.720 7.476235
0.730 -19.509485
0.740 4.784931
0.750 -2.222004
0.760 -5.697279
0.770 -0.001501
0.780 5.329037
0.790 7.088652
0.800 -2.883848
0.810 28.667314
0.820 -4.312090
0.830 4.366887
0.840 0.519137
0.850 4.929114
0.860 -2.750566
0.870 -6.222828
0.880 8.215674
0.890 -5.261316
0.900 -4.198689
0.910 -0.119905
0.920 11.996909
0.930 -5.551186
0.940 6.195471
0.950 12.834203
0.960 8.643274
0.970 2.889869
0.980 -4.522125
0.990 -1.157419
