0.000 8.062021
0.010 -2.255289
0.020 4.719275
0.030 -18.802827
0.040 -3.823557
0.050 3.619684
0.060 -7.434989
0.070 -2.237558
0.080 -3.609142
0.090 6.969933
0.100 17.612818
0.110 0.822046
0.120 0.599231
0.130 4.297176
0.140 -10.236580
0.150 3.726577
0.160 -0.189794
0.170 1.394283
0.180 -10.952177
0.190 13.238707
0.200 -2.785728
0.210 11.657884
0.220 -6.046069
0.230 -9.646913
0.240 -0.006063
0.250 -9.589330
0.260 6.385825
0.270 1.420036
0.280 -6.054194
0.290 -8.751823
0.300 -8.946583
0.310 4.092345
0.320 4.608233
0.330 -7.978823
0.340 1.022656
0.350 -10.299835
0.360 6.654539
0.370 4.035202
0.380 1.860088
0.390 -3.794790
0.400 6.652735
0.410 -8.716400
0.420 11.546193
0.430 -4.897243
0.440 -2.192363
0.450 -8.398816
0.460 -8.343707
0.470 1.971301
0.480 5.168967
0.490 1.844146
0.500 -6.614147
0.510 6.656652
0.520 2.286886
0.530 14.501352
0.540 5.639946
0.550 -0.080256
0.560 -3.243127
0.570 -0.651419
0.580 -4.776790
0.590 11.130288
0.600 -6.926958
0.610 4.135430
0.620 -1.220235
0.630 5.397465
0.640 -9.959479
0.650 5.798347
0.660 1.550234
0.670 15.178600
0.680 -9.888408
0.690 8.397122
0.700 5.334201
0.710 3.675706
0.720 -4.460423
0.730 -0.993839
0.740 2.466265
0.750 -0.765535
0.760 5.994402
0.770 -0.335182
0.780 5.513378
0.790 -15.375867
0.800 -4.470006
0.810 0.851517
0.820 5.506326
0.830 -8.878434
0.840 -3.073348
0.850 -5.796219
0.860 -1.601377
0.870 2.717979
0.880 0.458967
0.890 0.756019
0.900 -20.092080
0.910 3.812788
0.920 12.118976
0.930 -4.264278
0.940 -3.640336
0.950 6.401611
0.960 -2.895302
0.970 -9.727782
0.980 -3.572159
0.990 11.399040
