0.000 -3.385636
0.010 -12.782455
0.020 -13.577203
0.030 -1.196203
0.040 7.338104
0.050 17.691095
0.060 2.355194
0.070 -1.979161
0.080 -12.438939
0.090 -13.420404
0.100 -0.380632
0.110 13.426059
0.120 6.475607
0.130 -1.686505
0.140 -6.965111
0.150 -20.690542
0.160 3.081735
0.170 5.925905
0.180 5.621396
0.190 -16.643250
0.200 1.152945
0.210 5.752777
0.220 21.667124
0.230 4.559471
0.240 13.490148
0.250 9.691309
0.260 -0.690723
0.270 -0.561811
0.280 2.200290
0.290 -1.176298
0.300 -3.927048
0.310 5.660350
0.320 14.940902
0.330 -4.964514
0.340 9.163875
0.350 6.810486
0.360 0.626623
0.370 -4.657924
0.380 15.254745
0.390 -11.847363
0.400 5.394022
0.410 -3.803891
0.420 3.912929
0.430 -5.060252
0.440 5.034356
0.450 -10.455643
0.460 9.895001
0.470 17.327947
0.480 -3.362436
0.490 -3.478720
0.500 15.589948
0.510 8.357194
0.520 8.430527
0.530 -28.909040
0.540 10.876304
0.550 -2.614697
0.560 9.456166
0.570 15.709742
0.580 2.544716
0.590 11.948534
0.600 -6.605955
0.610 10.074335
0.620 -14.991286
0.630 10.384855
0.640 19.365051
0.650 13.384369
0.660 3.835274
0.670 -5.364529
0.680 -1.110630
0.690 0.042334
0.700 13.204761
0.710 -14.467391
0.720 11.787846
0.730 -6.403551
0.740 -6.930288
0.750 -9.581468
0.760 4.315910
0.770 -0.648109
0.780 -4.032173
0.790 4.627858
0.800 7.855429
0.810 -6.968332
0.820 0.899668
0.830 11.770837
0.840 1.490735
0.850 8.682066
0.860 3.703199
0.870 1.393527
0.880 -10.618747
0.890 3.170473
0.900 7.984596
0.910 5.235880
0.920 0.218224
0.930 4.679434
0.940 10.449021
0.950 -9.832354
0.960 2.118823
0.970 6.810512
0.980 6.445673
0.990 -7.747510
