0.000 3.260543
0.010 -8.794409
0.020 -1.485564
0.030 5.169974
0.040 -4.566188
0.050 -4.563159
0.060 9.011876
0.070 -6.419533
0.080 -2.891122
0.090 -7.390873
0.100 -9.317928
0.110 -5.207220
0.120 -19.134199
0.130 -18.658307
0.140 0.807350
0.150 3.188125
0.160 -9.296017
0.170 -11.891413
0.180 1.821053
0.190 0.175277
0.200 -1.426673
0.210 -7.046424
0.220 2.522857
0.230 -6.058267
0.240 0.622358
0.250 -11.770740
0.260 17.812944
0.270 8.093228
0.280 8.707684
0.290 5.174528
0.300 1.651710
0.310 -8.804325
0.320 4.247964
0.330 5.567394
0.340 -5.544068
0.350 -3.417300
0.360 -8.609370
0.370 -3.405989
0.380 6.458547
0.390 1.861442
0.400 -5.694382
0.410 11.878038
0.420 -1.608540
0.430 7.109971
0.440 -5.295022
0.450 -11.910762
0.460 -7.974080
0.470 2.478910
0.480 9.883772
0.490 -7.003382
0.500 0.684734
0.510 -6.788412
0.520 -2.521208
0.530 -3.776796
0.540 6.463179
0.550 -0.885477
0.560 2.268888
0.570 -5.189262
0.580 0.252446
0.590 -3.301203
0.600 -13.028713
0.610 -5.727306
0.620 1.535081
0.630 -2.146789
0.640 -4.853394
0.650 -13.167306
0.660 4.591954
0.670 -9.229837
0.680 -1.794222
0.690 1.526063
0.700 -3.795981
0.710 -11.839596
0.720 6.491152
0.730 0.846668
0.740 -7.574486
0.750 -12.087814
0.760 -3.231285
0.770 12.069550
0.780 -2.194198
0.790 0.416950
0.800 -0.482906
0.810 4.567101
0.820 1.893183
0.830 8.600553
0.840 -8.214409
0.850 1.266914
0.860 9.229635
0.870 -4.877966
0.880 15.503993
0.890 4.769464
0.900 -0.804901
0.910 5.428418
0.920 14.088608
0.930 10.125346
0.940 -2.944503
0.950 -8.903325
0.960 -3.334004
0.970 -6.961063
0.980 6.734793
0.990 -0.757987
