0.000 5.552344
0.010 5.896673
0.020 -4.957262
0.030 -1.747172
0.040 4.941729
0.050 0.099923
0.060 11.319520
0.070 0.611533
0.080 -4.949071
0.090 -11.025479
0.100 7.586739
0.110 -4.311470
0.120 -15.703522
0.130 4.246085
0.140 9.813110
0.150 -15.798228
0.160 0.249811
0.170 9.821749
0.180 -0.019680
0.190 -2.279643
0.200 -6.655666
0.210 -7.523527
0.220 0.927208
0.230 -0.487989
0.240 0.453386
0.250 0.243090
0.260 -6.282285
0.270 -6.428119
0.280 -0.054754
0.290 -4.117338
0.300 -1.946185
0.310 -2.211931
0.320 3.068360
0.330 11.476412
0.340 -9.310250
0.350 -11.908564
0.360 -9.402493
0.370 -4.474324
0.380 -3.653360
0.390 -6.974940
0.400 11.715616
0.410 5.614032
0.420 -1.087444
0.430 -2.648688
0.440 -7.941586
0.450 -10.972152
0.460 15.001278
0.470 -4.634217
0.480 3.633516
0.490 12.341866
0.500 0.400970
0.510 6.367063
0.520 -1.990349
0.530 -0.419428
0.540 6.740557
0.550 -0.029806
0.560 6.895644
0.570 -10.155038
0.580 7.022556
0.590 0.628874
0.600 4.344730
0.610 -9.778598
0.620 -1.935054
0.630 9.790773
0.640 2.186027
0.650 -8.560578
0.660 2.255409
0.670 1.852911
0.680 15.616090
0.690 4.574657
0.700 -2.371177
0.710 -0.681922
0.720 9.030263
0.730 -2.712347
0.740 14.048296
0.750 0.717372
0.760 -1.156016
0.770 -17.749867
0.780 0.685002
0.790 -8.862095
0.800 -8.809422
0.810 -17.101453
0.820 4.635024
0.830 -2.827063
0.840 11.707386
0.850 -4.234844
0.860 13.442063
0.870 -2.811125
0.880 9.500833
0.890 -2.850793
0.900 10.795412
0.910 -5.479110
0.920 10.078914
0.930 -1.445959
0.940 9.412276
0.950 -1.074651
0.960 -3.156178
0.970 11.990483
0.980 4.020840
0.990 5.660594
