0.000 11.143791
0.010 -8.107476
0.020 -9.535437
0.030 11.822267
0.040 -9.051562
0.050 7.521489
0.060 6.359281
0.070 9.600960
0.080 3.365665
0.090 7.587518
0.100 21.047472
0.110 -2.281273
0.120 1.952773
0.130 1.710453
0.140 -8.887365
0.150 -4.247516
0.160 5.706607
0.170 18.648098
0.180 -10.974364
0.190 1.373105
0.200 4.135799
0.210 3.179325
0.220 -8.119187
0.230 -9.436274
0.240 5.443306
0.250 11.222739
0.260 -21.763078
0.270 -7.448183
0.280 -9.961907
0.290 -6.775321
0.300 8.169022
0.310 -1.248205
0.320 2.574830
0.330 -7.409365
0.340 -8.628263
0.350 -13.051377
0.360 -0.103777
0.370 -5.625307
0.380 -16.789900
0.390 -2.360512
0.400 6.129299
0.410 1.259606
0.420 14.639772
0.430 -7.340381
0.440 -13.587106
0.450 -5.389819
0.460 -5.490872
0.470 -1.330551
0.480 5.454504
0.490 -8.527670
0.500 -6.777163
0.510 0.205549
0.520 7.602338
0.530 -5.374506
0.540 12.221665
0.550 -6.315831
0.560 0.422836
0.570 11.521361
0.580 7.955575
0.590 7.290096
0.600 11.658072
0.610 -4.266136
0.620 12.455934
0.630 8.599571
0.640 -1.241171
0.650 -4.631811
0.660 6.845311
0.670 3.180815
0.680 -8.932849
0.690 -4.075079
0.700 -2.674628
0.710 -14.323443
0.720 -9.933504
0.730 -2.299378
0.740 1.381049
0.750 5.237009
0.760 -6.253808
0.770 -7.399916
0.780 -2.794514
0.790 -10.289782
0.800 14.534759
0.810 -7.740166
0.820 4.086319
0.830 9.943746
0.840 -6.602305
0.850 -6.054799
0.860 -12.235000
0.870 7.675496
0.880 2.630961
0.890 0.494697
0.900 -6.281286
0.910 4.376850
0.920 3.677233
0.930 -11.858929
0.940 -0.292050
0.950 -8.692662
0.960 7.335635
0.970 8.133368
0.980 -6.978208
0.990 6.193883
