0.000 0.149436
0.010 -0.221376
0.020 7.861120
0.030 2.921233
0.040 7.689201
0.050 11.812375
0.060 1.505251
0.070 -3.540724
0.080 4.947150
0.090 -4.362561
0.100 -20.173707
0.110 1.728847
0.120 -1.035570
0.130 -7.493968
0.140 7.937968
0.150 15.906649
0.160 -6.109431
0.170 1.144757
0.180 5.818310
0.190 -2.470982
0.200 -1.809028
0.210 -2.377380
0.220 -0.295775
0.230 -1.336316
0.240 -11.531558
0.250 -15.701964
0.260 -14.282769
0.270 -10.984448
0.280 -3.786719
0.290 -3.044355
0.300 -10.977066
0.310 13.371464
0.320 1.395987
0.330 -5.376867
0.340 2.399349
0.350 12.720301
0.360 1.683006
0.370 -10.176287
0.380 -5.983805
0.390 13.708729
0.400 -7.692080
0.410 11.169908
0.420 1.222779
0.430 3.957141
0.440 -13.092133
0.450 -6.734263
0.460 3.854735
0.470 -3.589097
0.480 -4.228737
0.490 12.349911
0.500 1.638825
0.510 -4.301587
0.520 -0.482386
0.530 -5.369431
0.540 5.609536
0.550 0.167168
0.560 -2.107408
0.570 -9.632647
0.580 -13.260087
0.590 0.709694
0.600 1.413007
0.610 -7.144519
0.620 -8.992902
0.630 1.979209
0.640 5.887614
0.650 13.819336
0.660 1.852870
0.670 13.516830
0.680 2.830961
0.690 -5.522919
0.700 7.324073
0.710 -1.598268
0.720 -5.512070
0.730 -9.396430
0.740 7.927015
0.750 7.420640
0.760 -1.965440
0.770 -2.742588
0.780 -6.937212
0.790 -1.552853
0.800 -10.254602
0.810 -6.146053
0.820 3.105648
0.830 -9.066586
0.840 2.905701
0.850 -11.778549
0.860 -2.018319
0.870 4.002434
0.880 -4.413117
0.890 -8.425524
0.900 -1.157502
0.910 0.010168
0.920 2.143121
0.930 -12.601546
0.940 -4.739078
0.950 8.750511
0.960 -8.863277
0.970 8.543443
0.980 -3.554953
0.990 -3.180419
