0.000 -9.197363
0.010 -3.600853
0.020 17.678503
0.030 -4.381796
0.040 -8.356577
0.050 -5.263628
0.060 0.833282
0.070 -4.990570
0.080 20.373758
0.090 -12.563960
0.100 -12.294446
0.110 2.872642
0.120 -7.856661
0.130 2.169505
0.140 6.779916
0.150 -1.769289
0.160 -6.951545
0.170 7.228274
0.180 11.633567
0.190 7.804700
0.200 3.348891
0.210 8.115797
0.220 -6.748788
0.230 14.069176
0.240 1.865091
0.250 0.413029
0.260 -2.473335
0.270 24.069537
0.280 4.291863
0.290 -12.912216
0.300 -10.332785
0.310 1.312563
0.320 6.069203
0.330 17.194018
0.340 7.509899
0.350 -12.370739
0.360 4.972234
0.370 3.835727
0.380 2.540736
0.390 -3.734318
0.400 -7.549551
0.410 -5.212192
0.420 1.359271
0.430 -16.553553
0.440 -3.123199
0.450 -0.027028
0.460 8.283888
0.470 -1.345532
0.480 -15.004279
0.490 -4.821012
0.500 -12.040301
0.510 1.527794
0.520 1.755084
0.530 2.847803
0.540 -11.631645
0.550 5.481895
0.560 2.137963
0.570 1.810998
0.580 2.704112
0.590 0.506615
0.600 13.988442
0.610 -6.012053
0.620 0.702661
0.630 -7.524693
0.640 5.601041
0.650 0.604070
0.660 -0.754427
0.670 2.419858
0.680 3.993774
0.690 -9.962996
0.700 15.951873
0.710 1.713477
0.720 17.478268
0.730 -8.353115
0.740 0.820893
0.750 2.397005
0.760 3.821837
0.770 10.355267
0.780 2.922542
0.790 -1.237047
0.800 4.571092
0.810 3.821839
0.820 3.009954
0.830 2.800604
0.840 -7.625965
0.850 5.303875
0.860 1.190988
0.870 4.420577
0.880 -10.260134
0.890 -2.496546
0.900 -3.598234
0.910 -3.934039
0.920 1.556728
0.930 3.782433
0.940 -1.849829
0.950 14.355617
0.960 8.644066
0.970 -1.039974
0.980 0.702067
0.990 12.465029
