0.000 -12.399278
0.010 16.952255
0.020 1.994306
0.030 8.195395
0.040 3.413244
0.050 -9.988796
0.060 -2.962451
0.070 2.241640
0.080 -4.048336
0.090 -13.022444
0.100 2.934108
0.110 -5.986690
0.120 -9.438423
0.130 -9.582099
0.140 11.974702
0.150 7.791234
0.160 4.923673
0.170 3.843616
0.180 -1.987239
0.190 -14.597356
0.200 1.396536
0.210 0.297837
0.220 -10.536805
0.230 -1.114996
0.240 -10.256915
0.250 -2.982899
0.260 -0.975100
0.270 4.316195
0.280 2.834891
0.290 -2.348182
0.300 -18.125501
0.310 -3.046735
0.320 -1.468286
0.330 1.943696
0.340 -3.785352
0.350 6.693522
0.360 -8.134124
0.370 -7.392441
0.380 -13.648722
0.390 -5.463762
0.400 -0.627290
0.410 7.341436
0.420 -6.172269
0.430 -9.306107
0.440 6.657544
0.450 -6.028176
0.460 -14.819383
0.470 2.255794
0.480 -13.652241
0.490 9.522902
0.500 -2.025054
0.510 10.203418
0.520 -5.447535
0.530 1.632558
0.540 -1.345995
0.550 -5.120889
0.560 -3.891493
0.570 -3.089690
0.580 1.284492
0.590 5.574261
0.600 17.205949
0.610 5.902559
0.620 13.673149
0.630 -4.709989
0.640 10.669408
0.650 -0.583800
0.660 -12.480292
0.670 -8.051983
0.680 11.851300
0.690 17.572071
0.700 3.025745
0.710 -9.201975
0.720 -2.070288
0.730 12.134695
0.740 9.291944
0.750 8.625431
0.760 4.237560
0.770 15.413629
0.780 6.027632
0.790 6.076907
0.800 -10.792056
0.810 13.595513
0.820 -9.961540
0.830 16.068289
0.840 5.176015
0.850 15.550633
0.860 4.603793
0.870 6.251728
0.880 9.700096
0.890 -6.961447
0.900 -9.040352
0.910 1.962805
0.920 -6.804565
0.930 4.987829
0.940 -0.648403
0.950 -2.227235
0.960 14.072425
0.970 -21.155796
0.980 -16.117313
0.990 -7.216574
