0.000 -3.094716
0.010 -3.437238
0.020 -0.937517
0.030 6.512507
0.040 12.571822
0.050 12.582462
0.060 -7.613617
0.070 6.524769
0.080 3.846221
0.090 8.921556
0.100 17.178234
0.110 -6.245769
0.120 -11.907988
0.130 14.946651
0.140 -3.291681
0.150 -2.495821
0.160 -13.964259
0.170 1.961411
0.180 -3.620041
0.190 8.039165
0.200 2.512781
0.210 0.824264
0.220 8.587867
0.230 -2.006539
0.240 8.360705
0.250 13.298217
0.260 -0.029416
0.270 0.818065
0.280 11.877197
0.290 -4.315125
0.300 6.636696
0.310 24.055456
0.320 -2.177194
0.330 -8.544517
0.340 27.174622
0.350 3.380335
0.360 9.489076
0.370 3.503016
0.380 4.950916
0.390 -4.344727
0.400 3.736504
0.410 0.150706
0.420 -3.210809
0.430 -3.841723
0.440 -9.727701
0.450 17.994415
0.460 14.773198
0.470 -1.231537
0.480 -2.120778
0.490 3.557940
0.500 -0.264667
0.510 -1.689047
0.520 -10.322659
0.530 4.535165
0.540 5.862731
0.550 16.491422
0.560 -3.082091
0.570 -15.926473
0.580 -2.223559
0.590 0.042569
0.600 3.406497
0.610 -5.220814
0.620 9.526047
0.630 -4.060176
0.640 1.830457
0.650 -1.827120
0.660 -5.694980
0.670 3.080352
0.680 -7.019528
0.690 -8.245997
0.700 12.763670
0.710 2.362662
0.720 -2.437070
0.730 6.570490
0.740 6.206056
0.750 -12.250112
0.760 -13.830477
0.770 -2.677473
0.780 11.841807
0.790 -6.127880
0.800 -4.311431
0.810 -5.196261
0.820 4.310802
0.830 6.569947
0.840 -16.547913
0.850 9.930421
0.860 -8.277890
0.870 5.873895
0.880 10.865500
0.890 14.292982
0.900 3.319881
0.910 -2.044241
0.920 -2.257172
0.930 2.710492
0.940 -2.666227
0.950 -6.800019
0.960 11.030258
0.970 -12.888566
0.980 11.252041
0.990 6.785078
