0.000 2.768662
0.010 -17.077508
0.020 3.696401
0.030 11.135396
0.040 -7.513559
0.050 2.722707
0.060 5.025863
0.070 7.440115
0.080 -7.082838
0.090 -6.278400
0.100 2.800478
0.110 -4.794415
0.120 2.297761
0.130 -6.288341
0.140 -0.652579
0.150 5.532946
0.160 -4.922125
0.170 2.130536
0.180 20.948780
0.190 -3.181398
0.200 -9.493815
0.210 -2.553563
0.220 23.217658
0.230 -3.410824
0.240 17.476041
0.250 12.858708
0.260 12.514074
0.270 0.681439
0.280 -8.624809
0.290 -2.159938
0.300 -2.118895
0.310 -7.819504
0.320 4.021074
0.330 -1.373992
0.340 -4.236668
0.350 -13.876954
0.360 -2.799060
0.370 -4.860143
0.380 14.372419
0.390 8.338417
0.400 -1.072548
0.410 1.108103
0.420 -4.871917
0.430 1.185249
0.440 -0.859392
0.450 12.726355
0.460 0.807110
0.470 8.020478
0.480 11.565782
0.490 -1.390264
0.500 2.283937
0.510 11.922657
0.520 -7.068885
0.530 10.939165
0.540 -0.255690
0.550 -12.476226
0.560 -12.946822
0.570 -10.929106
0.580 0.275250
0.590 2.531875
0.600 7.473919
0.610 18.050779
0.620 1.359873
0.630 11.123145
0.640 -0.051353
0.650 -0.310970
0.660 0.362879
0.670 0.989920
0.680 9.289862
0.690 9.920384
0.700 25.494146
0.710 -8.480542
0.720 0.025902
0.730 19.447162
0.740 -4.103047
0.750 -8.488495
0.760 4.894662
0.770 3.096703
0.780 -6.020945
0.790 8.466277
0.800 0.012044
0.810 -9.368039
0.820 3.360052
0.830 -18.767155
0.840 2.412738
0.850 -21.084270
0.860 5.756400
0.870 7.106032
0.880 -3.267291
0.890 -10.069976
0.900 3.077241
0.910 -16.895133
0.920 -14.458471
0.930 11.876593
0.940 -11.202535
0.950 6.029258
0.960 -1.292019
0.970 -7.188660
0.980 -8.752937
0.990 6.549800
