0.000 -5.435384
0.010 -24.627447
0.020 4.609835
0.030 -17.187265
0.040 9.767828
0.050 -4.718326
0.060 -4.614381
0.070 -2.063361
0.080 1.482648
0.090 2.552465
0.100 -1.992914
0.110 -5.465896
0.120 8.213928
0.130 11.469502
0.140 5.794777
0.150 2.574543
0.160 22.986539
0.170 -13.801084
0.180 5.326750
0.190 5.411577
0.200 -9.694684
0.210 8.800128
0.220 -9.144917
0.230 10.102940
0.240 -2.759882
0.250 6.903293
0.260 -6.834771
0.270 2.438994
0.280 6.052068
0.290 9.567133
0.300 4.620565
0.310 -2.055441
0.320 -5.173531
0.330 -8.382247
0.340 3.479797
0.350 -11.310892
0.360 -11.824342
0.370 3.593728
0.380 14.162654
0.390 1.915409
0.400 4.833174
0.410 -17.787142
0.420 -10.442399
0.430 0.510709
0.440 -4.136610
0.450 12.476152
0.460 2.457055
0.470 7.857936
0.480 -11.448085
0.490 10.341845
0.500 4.413372
0.510 -5.043767
0.520 -4.091495
0.530 5.766513
0.540 -6.060628
0.550 -21.581400
0.560 3.932670
0.570 -15.708928
0.580 11.923217
0.590 19.049493
0.600 0.330396
0.610 -5.958299
0.620 -11.247447
0.630 1.703375
0.640 -7.178662
0.650 14.648289
0.660 2.537001
0.670 3.913597
0.680 2.856608
0.690 -6.762967
0.700 -1.822283
0.710 5.489843
0.720 1.067665
0.730 -11.997216
0.740 6.242825
0.750 7.173853
0.760 -5.809154
0.770 1.680628
0.780 8.716799
0.790 5.335594
0.800 -4.796559
0.810 -4.010640
0.820 1.670450
0.830 4.900330
0.840 -4.451773
0.850 1.129014
0.860 -5.791009
0.870 15.912550
0.880 -2.281702
0.890 -0.627900
0.900 15.852867
0.910 6.031060
0.920 -4.082460
0.930 11.129986
0.940 4.417153
0.950 -5.849644
0.960 3.801163
0.970 -14.821790
0.980 19.157172
0.990 -5.726698
