0.000 8.982096
0.010 -0.574147
0.020 -2.907598
0.030 -14.741018
0.040 0.841114
0.050 -14.431542
0.060 -7.828545
0.070 5.514692
0.080 -2.678352
0.090 -14.429309
0.100 1.603934
0.110 4.371508
0.120 -7.591695
0.130 9.070051
0.140 4.644533
0.150 0.556035
0.160 2.699106
0.170 8.720488
0.180 1.267708
0.190 -3.471582
0.200 3.610429
0.210 1.163952
0.220 4.361874
0.230 10.619493
0.240 5.621821
0.250 -10.623744
0.260 -1.979328
0.270 2.148064
0.280 -4.982874
0.290 -16.699873
0.300 -6.440162
0.310 0.850365
0.320 2.621898
0.330 0.379175
0.340 5.281095
0.350 8.537351
0.360 12.290426
0.370 4.724849
0.380 5.182788
0.390 10.240701
0.400 1.443888
0.410 -8.283443
0.420 2.164386
0.430 8.814269
0.440 -0.851758
0.450 4.749449
0.460 -2.816646
0.470 -2.021465
0.480 -4.230201
0.490 5.769261
0.500 -5.674915
0.510 2.657654
0.520 9.369049
0.530 10.077059
0.540 7.225796
0.550 5.006183
0.560 -6.659673
0.570 12.148179
0.580 5.024687
0.590 -5.971503
0.600 6.613106
0.610 1.333059
0.620 -18.886715
0.630 -5.365337
0.640 3.867287
0.650 -2.089320
0.660 0.125189
0.670 -0.722123
0.680 -7.799716
0.690 -16.751753
0.700 -2.606758
0.710 4.346897
0.720 -2.435266
0.730 -7.519488
0.740 3.747844
0.750 0.510776
0.760 15.523736
0.770 0.158796
0.780 -3.362316
0.790 -6.079145
0.800 -17.894534
0.810 8.760060
0.820 -3.977794
0.830 3.349990
0.840 0.337428
0.850 9.794420
0.860 10.974393
0.870 2.366636
0.880 -14.451849
0.890 13.167003
0.900 4.466578
0.910 2.235805
0.920 2.861937
0.930 2.616092
0.940 5.025114
0.950 -4.851309
0.960 -3.157357
0.970 6.533453
0.980 -7.585979
0.990 5.634792
