0.000 -15.677578
0.010 -0.508211
0.020 2.839514
0.030 2.586259
0.040 -9.211836
0.050 13.636094
0.060 -8.039800
0.070 -9.175645
0.080 9.241252
0.090 -3.526373
0.100 6.188139
0.110 -0.597609
0.120 -4.350815
0.130 -9.219054
0.140 -3.709117
0.150 3.721814
0.160 0.396846
0.170 12.924530
0.180 -7.807354
0.190 -2.059084
0.200 -3.367026
0.210 4.164287
0.220 -0.839834
0.230 10.844411
0.240 -0.872277
0.250 1.068485
0.260 -6.188105
0.270 3.471511
0.280 -2.941406
0.290 7.601408
0.300 11.274919
0.310 -4.937374
0.320 -13.559966
0.330 -3.920522
0.340 -2.634061
0.350 -7.815435
0.360 -15.099732
0.370 4.052579
0.380 -17.669808
0.390 7.188535
0.400 -11.900464
0.410 -4.806031
0.420 -7.016931
0.430 -0.598331
0.440 9.539127
0.450 5.446590
0.460 10.251463
0.470 -4.043309
0.480 7.361506
0.490 2.197229
0.500 4.684070
0.510 -0.664823
0.520 -2.141962
0.530 -5.518469
0.540 -3.988448
0.550 -13.763584
0.560 -1.665037
0.570 -8.662227
0.580 -8.428039
0.590 3.670156
0.600 2.254746
0.610 -6.772445
0.620 2.404978
0.630 -2.677743
0.640 5.459058
0.650 4.437645
0.660 -14.154843
0.670 -13.059539
0.680 6.421297
0.690 -7.987806
0.700 4.885825
0.710 8.627208
0.720 22.261367
0.730 4.241171
0.740 10.167560
0.750 0.006990
0.760 -6.334006
0.770 13.905023
0.780 1.036099
0.790 10.014163
0.800 13.194915
0.810 -9.951254
0.820 -9.386869
0.830 -11.355656
0.840 7.398343
0.850 4.384123
0.860 -0.796874
0.870 -0.400245
0.880 3.634368
0.890 -8.833798
0.900 3.878174
0.910 1.712939
0.920 4.408913
0.930 -7.358837
0.940 -1.845954
0.950 9.363399
0.960 -6.774271
0.970 -10.838698
0.980 19.929978
0.990 0.715235
