0.000 -1.503571
0.010 -0.918779
0.020 -3.061617
0.030 -1.042297
0.040 16.985075
0.050 11.870043
0.060 -5.975136
0.070 -3.017004
0.080 8.191359
0.090 0.983865
0.100 -5.185602
0.110 0.548369
0.120 17.717452
0.130 7.683467
0.140 -7.254465
0.150 0.389794
0.160 -2.148256
0.170 5.010123
0.180 4.764573
0.190 7.040155
0.200 6.209941
0.210 10.353919
0.220 16.981458
0.230 11.483490
0.240 -2.007808
0.250 4.804390
0.260 -4.439524
0.270 -9.112735
0.280 -2.694548
0.290 -2.015246
0.300 9.406451
0.310 -0.874317
0.320 -5.681594
0.330 0.285923
0.340 7.379713
0.350 11.094124
0.360 -6.730592
0.370 11.606340
0.380 2.146506
0.390 -4.034333
0.400 0.146197
0.410 6.126837
0.420 -20.421479
0.430 8.306330
0.440 -7.683913
0.450 5.688017
0.460 0.564364
0.470 0.758145
0.480 1.543041
0.490 6.222370
0.500 -1.206812
0.510 13.643425
0.520 -1.182140
0.530 -14.094885
0.540 4.291370
0.550 15.432437
0.560 -5.791771
0.570 7.445520
0.580 -0.773314
0.590 -3.493908
0.600 -0.947437
0.610 -0.411733
0.620 -1.049123
0.630 -13.120024
0.640 -12.945586
0.650 -8.469970
0.660 3.824436
0.670 -5.245055
0.680 -7.439287
0.690 10.541632
0.700 -7.565573
0.710 -0.190077
0.720 -1.806269
0.730 7.634288
0.740 -1.291486
0.750 9.599785
0.760 0.105655
0.770 0.870579
0.780 -8.299342
0.790 9.888228
0.800 -13.130890
0.810 1.218174
0.820 2.798916
0.830 -14.152199
0.840 -1.806331
0.850 7.276184
0.860 -14.919263
0.870 7.043055
0.880 2.784585
0.890 8.627933
0.900 3.961714
0.910 -0.891893
0.920 0.340203
0.930 -1.864233
0.940 1.641773
0.950 8.971233
0.960 -9.722080
0.970 -4.798955
0.980 0.606519
0.990 10.591409
