0.000 -6.733933
0.010 -4.115822
0.020 -10.196785
0.030 -9.772859
0.040 6.347057
0.050 0.075474
0.060 2.688162
0.070 -3.289220
0.080 -0.823752
0.090 -2.390837
0.100 3.817769
0.110 13.553729
0.120 -10.387819
0.130 1.021317
0.140 -2.735005
0.150 2.479386
0.160 5.214156
0.170 -13.443963
0.180 6.747705
0.190 -0.975523
0.200 4.795940
0.210 5.619156
0.220 6.652437
0.230 3.044815
0.240 -11.903479
0.250 0.141974
0.260 -5.612779
0.270 -3.427272
0.280 4.819696
0.290 -8.419977
0.300 3.031982
0.310 4.896798
0.320 -17.032774
0.330 -2.418066
0.340 -5.973580
0.350 -3.918401
0.360 6.475989
0.370 3.371283
0.380 -0.323006
0.390 -1.715753
0.400 -5.287197
0.410 -3.220817
0.420 2.974935
0.430 1.285291
0.440 -2.819095
0.450 -5.212017
0.460 -6.770221
0.470 -2.646903
0.480 -0.150737
0.490 1.007649
0.500 6.018466
0.510 4.795803
0.520 4.593114
0.530 1.358223
0.540 -3.899343
0.550 -6.856499
0.560 3.108414
0.570 -5.605628
0.580 -1.017237
0.590 4.848703
0.600 -1.952064
0.610 -4.255040
0.620 19.552496
0.630 -9.292471
0.640 3.224007
0.650 -2.987603
0.660 7.303973
0.670 13.128546
0.680 4.677098
0.690 9.519194
0.700 8.426622
0.710 1.445072
0.720 0.584558
0.730 -9.974773
0.740 0.065014
0.750 6.312599
0.760 7.826882
0.770 7.389041
0.780 -6.439909
0.790 14.226516
0.800 6.311168
0.810 5.098257
0.820 7.510612
0.830 6.086749
0.840 -11.104343
0.850 -5.562875
0.860 5.371399
0.870 2.685856
0.880 22.432878
0.890 -1.741226
0.900 10.060017
0.910 -9.509217
0.920 -6.659436
0.930 -1.782682
0.940 -3.728546
0.950 -10.768463
0.960 -4.779820
0.970 -4.214507
0.980 11.570381
0.990 11.580521
