0.000 24.106585
0.010 12.705213
0.020 1.373422
0.030 3.859896
0.040 -2.325662
0.050 3.259843
0.060 5.212833
0.070 7.047419
0.080 6.825828
0.090 7.912016
0.100 14.077308
0.110 1.052987
0.120 0.969764
0.130 0.567080
0.140 -5.990477
0.150 -9.199454
0.160 -4.666424
0.170 1.285868
0.180 -7.870494
0.190 9.549877
0.200 3.020427
0.210 4.106545
0.220 10.940061
0.230 7.738251
0.240 8.271312
0.250 -7.183803
0.260 9.653942
0.270 -8.868119
0.280 -1.639292
0.290 -3.403087
0.300 -2.973289
0.310 1.897288
0.320 -6.481279
0.330 11.952218
0.340 6.525299
0.350 -5.557796
0.360 0.086023
0.370 8.724288
0.380 -10.583823
0.390 2.428729
0.400 -5.211186
0.410 10.315358
0.420 3.405470
0.430 -1.133475
0.440 9.474092
0.450 7.026793
0.460 8.358803
0.470 4.214605
0.480 -12.196766
0.490 1.394980
0.500 -2.139893
0.510 -3.842864
0.520 -8.243300
0.530 8.597365
0.540 -2.605561
0.550 -6.944208
0.560 4.839534
0.570 -8.894128
0.580 15.804382
0.590 1.454176
0.600 -1.378313
0.610 0.951683
0.620 -18.722615
0.630 1.993193
0.640 5.677534
0.650 7.719910
0.660 -14.063996
0.670 5.765973
0.680 -1.220387
0.690 -10.482742
0.700 11.292844
0.710 3.587763
0.720 12.814002
0.730 -0.858348
0.740 3.056953
0.750 14.826578
0.760 8.618901
0.770 -2.920926
0.780 3.260132
0.790 4.468994
0.800 -2.290453
0.810 -5.270399
0.820 6.920384
0.830 10.619671
0.840 7.889443
0.850 5.632885
0.860 -6.942864
0.870 14.587660
0.880 0.149010
0.890 1.656089
0.900 7.443654
0.910 18.631543
0.920 -2.746358
0.930 3.607019
0.940 -1.240805
0.950 -28.237904
0.960 -6.592979
0.970 -7.676806
0.980 -8.034083
0.990 -5.331006
