0.000 -12.121749
0.010 6.833177
0.020 -4.993095
0.030 9.507792
0.040 -4.229195
0.050 13.212471
0.060 -5.900817
0.070 5.607009
0.080 -7.614634
0.090 0.578821
0.100 -12.612159
0.110 4.808419
0.120 5.018694
0.130 0.325179
0.140 -8.042227
0.150 4.076151
0.160 -11.286621
0.170 4.876382
0.180 0.395866
0.190 9.245662
0.200 12.858988
0.210 -8.576253
0.220 11.242663
0.230 5.727897
0.240 -1.479579
0.250 -2.186270
0.260 -12.784275
0.270 16.657082
0.280 -2.353548
0.290 -2.767698
0.300 -4.323166
0.310 -10.340141
0.320 0.500612
0.330 11.987097
0.340 3.917975
0.350 -8.764387
0.360 9.207962
0.370 -1.409321
0.380 5.288347
0.390 1.047240
0.400 -4.933538
0.410 -19.500211
0.420 9.923250
0.430 17.453187
0.440 7.534273
0.450 -4.775347
0.460 2.424477
0.470 0.886214
0.480 -10.649694
0.490 1.220216
0.500 1.274116
0.510 1.472053
0.520 -1.180068
0.530 -1.413639
0.540 5.981888
0.550 1.377360
0.560 7.110991
0.570 -6.127697
0.580 -5.963300
0.590 6.132253
0.600 12.819965
0.610 1.118192
0.620 -5.328739
0.630 -1.473591
0.640 -1.740273
0.650 14.039229
0.660 -12.198939
0.670 -2.026290
0.680 12.041648
0.690 3.615463
0.700 13.020459
0.710 -0.064583
0.720 8.881552
0.730 -7.749563
0.740 3.411105
0.750 1.672474
0.760 11.121594
0.770 -3.015003
0.780 2.531143
0.790 2.178208
0.800 9.398496
0.810 6.617815
0.820 -0.696229
0.830 3.376585
0.840 2.456863
0.850 6.608275
0.860 2.955252
0.870 -3.325624
0.880 7.724043
0.890 -9.276455
0.900 -1.375779
0.910 7.595710
0.920 14.807365
0.930 5.813070
0.940 -1.517710
0.950 4.941039
0.960 -15.994925
0.970 5.482753
0.980 4.425800
0.990 9.235424
