0.000 -2.468838
0.010 -2.666360
0.020 -0.514105
0.030 3.318786
0.040 26.431786
0.050 9.156435
0.060 9.695130
0.070 -4.667569
0.080 3.620466
0.090 -4.114387
0.100 4.547141
0.110 2.415647
0.120 10.373564
0.130 -0.870041
0.140 13.531397
0.150 -13.071431
0.160 6.625519
0.170 2.044899
0.180 -2.832656
0.190 0.097569
0.200 4.392508
0.210 -4.732178
0.220 -4.675600
0.230 14.726334
0.240 3.676278
0.250 -6.174509
0.260 -0.213275
0.270 -7.176442
0.280 4.101785
0.290 -18.402779
0.300 8.436811
0.310 11.805393
0.320 -6.870627
0.330 9.636421
0.340 -5.996601
0.350 -6.187374
0.360 -9.318436
0.370 0.597224
0.380 -13.901825
0.390 -7.061722
0.400 4.764812
0.410 -2.717940
0.420 -1.998016
0.430 -12.433321
0.440 -5.170569
0.450 -0.306316
0.460 7.646420
0.470 15.832732
0.480 -3.061482
0.490 -3.655905
0.500 -6.714739
0.510 14.075947
0.520 9.528432
0.530 -2.142613
0.540 -0.404386
0.550 10.626324
0.560 7.193177
0.570 -12.218203
0.580 2.142698
0.590 -10.099046
0.600 -13.089612
0.610 7.475622
0.620 13.914641
0.630 4.471188
0.640 13.861208
0.650 -16.257387
0.660 -9.751244
0.670 8.024078
0.680 -1.905187
0.690 8.721774
0.700 -5.072781
0.710 2.064144
0.720 -10.677232
0.730 1.921256
0.740 -11.335262
0.750 -2.623689
0.760 5.731094
0.770 -1.944741
0.780 1.314588
0.790 -4.626098
0.800 4.897618
0.810 -1.387920
0.820 6.831926
0.830 -10.885337
0.840 -2.113376
0.850 4.589524
0.860 -8.331077
0.870 14.918828
0.880 -6.687475
0.890 -9.139447
0.900 0.701082
0.910 10.950373
0.920 8.469987
0.930 -7.598852
0.940 5.663466
0.950 10.177611
0.960 2.911359
0.970 -3.396765
0.980 2.382668
0.990 -1.038429
