0.000 -8.671138
0.010 -12.990924
0.020 3.618790
0.030 14.089574
0.040 -7.348960
0.050 1.843878
0.060 -1.860835
0.070 -6.216485
0.080 -0.682496
0.090 3.788493
0.100 -6.495489
0.110 -15.528478
0.120 1.398544
0.130 -7.148804
0.140 1.526981
0.150 3.378668
0.160 -1.598877
0.170 0.909326
0.180 3.635692
0.190 15.260749
0.200 1.943282
0.210 6.250789
0.220 -5.405690
0.230 9.266650
0.240 -0.611338
0.250 -0.213002
0.260 -8.136244
0.270 -3.049491
0.280 6.304989
0.290 9.625123
0.300 6.996319
0.310 -10.579110
0.320 -4.200632
0.330 7.922863
0.340 1.336520
0.350 17.266155
0.360 5.326635
0.370 -3.607058
0.380 2.654879
0.390 -4.274206
0.400 -3.997173
0.410 -6.657430
0.420 -6.453621
0.430 -12.709460
0.440 -7.119561
0.450 0.164005
0.460 3.306260
0.470 15.851561
0.480 3.301856
0.490 1.219303
0.500 6.070217
0.510 11.648655
0.520 -12.610463
0.530 6.558744
0.540 -6.048055
0.550 16.805253
0.560 6.090962
0.570 15.696999
0.580 3.035931
0.590 0.823461
0.600 8.504112
0.610 -9.728937
0.620 -11.315496
0.630 5.798805
0.640 10.396014
0.650 15.468620
0.660 -7.017494
0.670 1.990071
0.680 -5.289641
0.690 -8.187262
0.700 1.380155
0.710 -1.482237
0.720 -14.491995
0.730 -9.581988
0.740 -0.384532
0.750 -11.576927
0.760 -4.297712
0.770 3.818074
0.780 -14.220589
0.790 9.001047
0.800 -10.660608
0.810 7.062711
0.820 -4.159818
0.830 -6.569698
0.840 2.573146
0.850 2.300430
0.860 -0.821527
0.870 1.096612
0.880 -12.661098
0.890 0.448508
0.900 -7.496429
0.910 4.316002
0.920 16.888630
0.930 3.821141
0.940 -4.458221
0.950 0.507485
0.960 0.310747
0.970 -0.715186
0.980 -3.125754
0.990 2.909807
