0.000 2.366211
0.010 0.853683
0.020 14.881444
0.030 6.887516
0.040 4.770623
0.050 12.226506
0.060 -0.366540
0.070 -6.877133
0.080 9.388264
0.090 -7.004143
0.100 -3.199318
0.110 0.456109
0.120 -3.387874
0.130 -3.221773
0.140 -2.359661
0.150 -0.968327
0.160 1.093891
0.170 -3.043746
0.180 -5.658844
0.190 1.737564
0.200 -1.137769
0.210 4.034324
0.220 -9.198805
0.230 5.170201
0.240 -10.560669
0.250 0.358876
0.260 15.172410
0.270 -6.978955
0.280 -10.077901
0.290 -19.742326
0.300 -2.991638
0.310 -7.891447
0.320 0.962590
0.330 15.791150
0.340 -12.074375
0.350 3.111548
0.360 -10.478160
0.370 -5.463405
0.380 -4.184857
0.390 -10.240915
0.400 3.190040
0.410 -2.466912
0.420 -7.876095
0.430 -4.924690
0.440 -3.445263
0.450 1.134022
0.460 8.614361
0.470 1.053215
0.480 11.797513
0.490 5.759780
0.500 7.155442
0.510 -1.272462
0.520 6.466719
0.530 -11.613392
0.540 -3.391033
0.550 8.403321
0.560 -0.232719
0.570 -2.058637
0.580 -2.533649
0.590 -10.864042
0.600 9.206720
0.610 5.558632
0.620 4.452035
0.630 -7.020250
0.640 -3.361954
0.650 2.197953
0.660 1.766639
0.670 7.942450
0.680 0.253172
0.690 4.985343
0.700 6.687260
0.710 13.894204
0.720 6.676218
0.730 20.246341
0.740 13.581916
0.750 -9.442035
0.760 -4.010323
0.770 12.101368
0.780 3.258770
0.790 1.133735
0.800 -2.296393
0.810 -5.052708
0.820 -24.593785
0.830 -9.925165
0.840 6.555416
0.850 -8.126003
0.860 7.522408
0.870 -9.140833
0.880 5.878509
0.890 6.958244
0.900 1.749597
0.910 12.632824
0.920 -11.025949
0.930 -11.219401
0.940 -7.405631
0.950 1.542046
0.960 1.023837
0.970 7.479284
0.980 -15.220628
0.990 -10.302813
