0.000 8.333432
0.010 2.412528
0.020 -1.158276
0.030 15.365331
0.040 -2.077289
0.050 -10.479491
0.060 -0.912155
0.070 -7.178094
0.080 -6.741166
0.090 -4.501721
0.100 -18.300363
0.110 0.348887
0.120 0.672669
0.130 -5.365603
0.140 -11.263102
0.150 -5.304740
0.160 -8.190521
0.170 -2.058431
0.180 -3.199877
0.190 1.843932
0.200 2.219438
0.210 7.237465
0.220 -0.550519
0.230 2.928380
0.240 -11.831830
0.250 -7.721660
0.260 5.092890
0.270 -1.451812
0.280 -5.319531
0.290 2.078959
0.300 -1.129935
0.310 -7.989674
0.320 -5.616159
0.330 5.287049
0.340 -1.877916
0.350 0.053157
0.360 -16.818439
0.370 10.675350
0.380 -1.000573
0.390 -1.920058
0.400 -11.745559
0.410 -4.608690
0.420 -9.102661
0.430 -1.248852
0.440 -2.931468
0.450 -7.446572
0.460 -17.861713
0.470 -8.761301
0.480 2.973621
0.490 -6.918447
0.500 15.894428
0.510 3.812104
0.520 -1.288094
0.530 -6.216758
0.540 15.016385
0.550 2.264592
0.560 1.607516
0.570 2.099477
0.580 -1.196346
0.590 -4.560704
0.600 -12.334244
0.610 -7.504828
0.620 -8.958173
0.630 -15.570242
0.640 8.735666
0.650 11.273272
0.660 -17.569517
0.670 5.211400
0.680 2.126710
0.690 1.760480
0.700 -1.580692
0.710 -2.217023
0.720 1.690222
0.730 -6.285870
0.740 -6.045844
0.750 1.811467
0.760 -2.766033
0.770 -1.912226
0.780 2.343310
0.790 -15.213477
0.800 -11.175582
0.810 2.016321
0.820 -0.446291
0.830 8.631240
0.840 -8.478771
0.850 4.304247
0.860 -7.273712
0.870 2.329613
0.880 0.021108
0.890 -2.480722
0.900 5.220745
0.910 -11.235027
0.920 5.458324
0.930 9.079638
0.940 7.548459
0.950 -4.350915
0.960 -1.734611
0.970 2.593028
0.980 -24.899323
0.990 -0.787814
