0.000 -6.395518
0.010 -7.008328
0.020 -1.158876
0.030 0.517199
0.040 0.806650
0.050 -2.844519
0.060 -2.270542
0.070 -4.695112
0.080 6.734439
0.090 -11.430434
0.100 7.238506
0.110 16.562777
0.120 0.738684
0.130 7.332327
0.140 -6.830854
0.150 7.933584
0.160 2.902637
0.170 6.015347
0.180 -9.570029
0.190 3.619505
0.200 -5.394881
0.210 10.911175
0.220 -22.882708
0.230 2.370295
0.240 -5.130507
0.250 9.430194
0.260 5.488817
0.270 -5.195556
0.280 -5.400203
0.290 -0.201410
0.300 -7.430847
0.310 -0.582557
0.320 -4.193381
0.330 4.100032
0.340 -17.206932
0.350 8.515005
0.360 26.578023
0.370 13.270526
0.380 11.822223
0.390 4.904234
0.400 2.732360
0.410 -3.621112
0.420 6.762032
0.430 -4.720606
0.440 -6.271812
0.450 -6.102906
0.460 7.991812
0.470 -2.114017
0.480 5.088617
0.490 3.872685
0.500 11.397901
0.510 9.584862
0.520 -5.375341
0.530 6.813580
0.540 4.878584
0.550 0.316068
0.560 -7.227401
0.570 1.214657
0.580 2.485453
0.590 10.729279
0.600 14.510347
0.610 -3.877000
0.620 9.925867
0.630 -5.767599
0.640 -14.295245
0.650 -5.213264
0.660 0.534174
0.670 2.281919
0.680 -1.771683
0.690 -11.981164
0.700 -11.543229
0.710 2.937773
0.720 -0.314700
0.730 5.397675
0.740 -1.229406
0.750 -5.029069
0.760 -4.857566
0.770 14.060741
0.780 -11.718394
0.790 -10.160963
0.800 3.889606
0.810 -6.567285
0.820 4.024092
0.830 2.925779
0.840 1.255500
0.850 7.430989
0.860 -4.027863
0.870 -15.562193
0.880 -6.095813
0.890 -4.491789
0.900 -9.209984
0.910 -2.329523
0.920 1.982433
0.930 3.225667
0.940 3.334483
0.950 -5.643891
0.960 -9.029667
0.970 -5.850818
0.980 -2.453736
0.990 -5.934936
