0.000 -3.035240
0.010 9.215964
0.020 -9.671149
0.030 11.651741
0.040 14.090800
0.050 -10.716455
0.060 -12.541714
0.070 2.815917
0.080 1.646591
0.090 -4.863525
0.100 4.313049
0.110 -8.037642
0.120 -5.770702
0.130 3.267270
0.140 -4.747148
0.150 15.014335
0.160 10.120097
0.170 -14.938216
0.180 -1.806726
0.190 9.455166
0.200 10.155280
0.210 -6.419327
0.220 -11.491217
0.230 3.029972
0.240 -7.047583
0.250 -1.538424
0.260 2.320662
0.270 3.241143
0.280 -7.513894
0.290 5.790063
0.300 5.119603
0.310 -5.106724
0.320 0.085883
0.330 -3.519437
0.340 5.221355
0.350 9.343614
0.360 5.496454
0.370 -16.534841
0.380 -12.095984
0.390 -7.319304
0.400 -8.570114
0.410 0.423662
0.420 -24.221028
0.430 -14.899506
0.440 13.471084
0.450 11.362036
0.460 -12.325579
0.470 7.288766
0.480 4.742263
0.490 -11.435272
0.500 -5.156065
0.510 -6.343645
0.520 -9.302737
0.530 16.544103
0.540 -0.950635
0.550 5.055114
0.560 -9.035775
0.570 -5.923592
0.580 1.842641
0.590 -0.167061
0.600 6.404542
0.610 -9.319521
0.620 -11.894257
0.630 5.287783
0.640 -8.091578
0.650 -3.473258
0.660 2.634789
0.670 12.770784
0.680 -6.039100
0.690 -4.766897
0.700 -4.574222
0.710 -4.219056
0.720 -12.580892
0.730 3.381650
0.740 2.272957
0.750 -16.713854
0.760 14.666915
0.770 11.094885
0.780 -3.417861
0.790 -12.913198
0.800 5.869725
0.810 3.026060
0.820 15.244661
0.830 -11.158335
0.840 -7.706084
0.850 -5.975037
0.860 -5.838433
0.870 1.819503
0.880 0.474314
0.890 -6.141695
0.900 14.572983
0.910 2.335939
0.920 -5.589968
0.930 5.683029
0.940 -18.346463
0.950 -8.968759
0.960 -9.919847
0.970 -17.321802
0.980 4.300487
0.990 8.426664
