0.000 28.326368
0.010 -7.659113
0.020 0.582684
0.030 12.323011
0.040 12.176287
0.050 12.561142
0.060 -2.474810
0.070 -0.075853
0.080 0.009754
0.090 3.576929
0.100 -12.751981
0.110 -2.488087
0.120 -6.213357
0.130 -2.185112
0.140 -1.396171
0.150 -0.865005
0.160 -6.998007
0.170 -1.323270
0.180 -1.204267
0.190 -9.228479
0.200 -1.802620
0.210 0.940213
0.220 13.086835
0.230 -0.905637
0.240 -0.729199
0.250 5.648540
0.260 -1.383506
0.270 6.394923
0.280 -3.263765
0.290 14.519141
0.300 -4.814079
0.310 7.410950
0.320 -2.999373
0.330 -10.842890
0.340 1.359695
0.350 -3.801569
0.360 -9.676230
0.370 -15.123665
0.380 7.408931
0.390 15.016835
0.400 1.097388
0.410 3.635205
0.420 6.199254
0.430 -12.309065
0.440 3.059566
0.450 -9.934276
0.460 -10.834446
0.470 14.258073
0.480 -7.188799
0.490 3.304243
0.500 -7.668047
0.510 8.047335
0.520 16.608282
0.530 -5.916030
0.540 5.856734
0.550 -10.006677
0.560 3.401713
0.570 3.837254
0.580 2.722082
0.590 -12.480557
0.600 -4.118716
0.610 5.038569
0.620 9.297179
0.630 -4.739002
0.640 5.125154
0.650 7.493689
0.660 16.292499
0.670 7.616750
0.680 -0.063499
0.690 -7.959780
0.700 -2.763726
0.710 -6.294536
0.720 1.085989
0.730 3.023438
0.740 -6.596212
0.750 3.274430
0.760 1.404981
0.770 -3.058328
0.780 -13.573241
0.790 -1.129357
0.800 -3.692929
0.810 -5.884646
0.820 -7.327825
0.830 -1.403207
0.840 7.496163
0.850 7.102921
0.860 -2.262475
0.870 5.185672
0.880 -0.989613
0.890 -1.978453
0.900 -1.245553
0.910 -4.752929
0.920 -7.847312
0.930 -6.672756
0.940 -6.153187
0.950 -2.011448
0.960 -4.536146
0.970 -7.691487
0.980 9.018598
0.990 -2.086593
