0.000 -1.786043
0.010 1.380045
0.020 -6.505199
0.030 9.982711
0.040 -6.572408
0.050 3.025979
0.060 6.602479
0.070 -3.727888
0.080 -12.054537
0.090 1.158308
0.100 14.010004
0.110 7.477459
0.120 -1.908430
0.130 10.651378
0.140 -11.630135
0.150 2.825883
0.160 6.465124
0.170 -9.548269
0.180 1.283902
0.190 -9.823643
0.200 12.795398
0.210 16.394112
0.220 0.859568
0.230 7.332228
0.240 3.905599
0.250 1.807229
0.260 -12.960574
0.270 6.925706
0.280 7.678717
0.290 -2.751223
0.300 -5.029270
0.310 -3.645739
0.320 -5.305955
0.330 -10.624954
0.340 0.429197
0.350 11.571153
0.360 -2.299640
0.370 0.377375
0.380 3.237713
0.390 2.850085
0.400 -4.885845
0.410 7.882722
0.420 -2.583559
0.430 -5.833202
0.440 0.358704
0.450 -2.339400
0.460 2.296560
0.470 -2.548504
0.480 8.512146
0.490 -9.761548
0.500 3.251992
0.510 -4.597377
0.520 -11.760706
0.530 -0.438183
0.540 -4.310755
0.550 2.426194
0.560 13.647249
0.570 0.544555
0.580 -8.620095
0.590 -8.450098
0.600 -3.128996
0.610 8.604879
0.620 0.221392
0.630 8.120908
0.640 3.845492
0.650 -2.113821
0.660 -11.518763
0.670 -12.501193
0.680 7.393130
0.690 -6.368344
0.700 -0.952217
0.710 2.272549
0.720 -8.405344
0.730 -0.319803
0.740 7.247030
0.750 -4.082224
0.760 4.201788
0.770 -11.216484
0.780 -18.981087
0.790 5.294725
0.800 0.002830
0.810 2.827701
0.820 1.641482
0.830 -5.420700
0.840 -11.077977
0.850 -1.519261
0.860 -11.630446
0.870 17.157610
0.880 0.037013
0.890 16.071274
0.900 6.889231
0.910 -6.874958
0.920 -1.201142
0.930 -9.247384
0.940 -5.849159
0.950 -4.063145
0.960 6.112687
0.970 5.970759
0.980 -14.755922
0.990 1.377545
