0.000 5.100284
0.010 -10.528722
0.020 3.542541
0.030 12.947035
0.040 9.027992
0.050 -2.454256
0.060 13.433967
0.070 -1.323170
0.080 -5.010959
0.090 1.948058
0.100 4.482161
0.110 -12.332524
0.120 0.159155
0.130 -14.330029
0.140 0.309679
0.150 8.284461
0.160 8.604061
0.170 -6.433503
0.180 1.252664
0.190 -3.836926
0.200 11.931939
0.210 10.146905
0.220 9.902664
0.230 -12.772444
0.240 -4.091758
0.250 5.250337
0.260 -3.191151
0.270 -8.834509
0.280 -5.485515
0.290 -9.260596
0.300 1.684298
0.310 -15.153596
0.320 -4.937693
0.330 4.296128
0.340 -9.943462
0.350 -4.061950
0.360 5.466074
0.370 -11.065000
0.380 10.100509
0.390 13.620661
0.400 -8.619018
0.410 0.590500
0.420 -6.844594
0.430 4.984436
0.440 -6.243416
0.450 1.607363
0.460 4.397554
0.470 0.064468
0.480 2.341161
0.490 -13.618536
0.500 -0.454181
0.510 -11.293195
0.520 -4.180185
0.530 -9.027799
0.540 12.713104
0.550 3.505594
0.560 5.948371
0.570 0.710153
0.580 5.282357
0.590 2.667721
0.600 2.108281
0.610 -15.685892
0.620 -11.086630
0.630 6.434536
0.640 8.331708
0.650 16.903970
0.660 5.434996
0.670 10.387979
0.680 -5.119119
0.690 -0.957668
0.700 4.981170
0.710 7.103522
0.720 -5.300164
0.730 -6.036958
0.740 -0.825367
0.750 15.503487
0.760 -6.161754
0.770 6.564173
0.780 -5.405541
0.790 -16.956375
0.800 -8.319310
0.810 7.089870
0.820 -7.195364
0.830 -4.049466
0.840 -7.423950
0.850 4.502467
0.860 -21.835599
0.870 5.077678
0.880 8.384593
0.890 13.139441
0.900 -15.208314
0.910 -3.330481
0.920 4.955473
0.930 -8.206244
0.940 0.455810
0.950 6.106529
0.960 7.402368
0.970 -1.800962
0.980 3.779052
0.990 9.187649
