0.000 -5.877637
0.010 1.761169
0.020 -9.550100
0.030 -1.612537
0.040 12.305441
0.050 5.724279
0.060 -1.364243
0.070 -9.642700
0.080 -2.646977
0.090 7.814966
0.100 -1.868667
0.110 6.740120
0.120 9.617210
0.130 -6.628845
0.140 -6.051871
0.150 -8.626987
0.160 -0.788510
0.170 -1.520718
0.180 -7.650213
0.190 9.753331
0.200 -2.961574
0.210 1.321631
0.220 -0.886092
0.230 0.958722
0.240 -19.089889
0.250 -16.663752
0.260 3.488443
0.270 -0.949789
0.280 -5.808936
0.290 2.047781
0.300 2.206404
0.310 4.369086
0.320 7.368113
0.330 0.042937
0.340 -1.150798
0.350 2.926135
0.360 8.151772
0.370 -13.159129
0.380 6.059905
0.390 -4.422971
0.400 -2.580893
0.410 4.064146
0.420 -0.616310
0.430 -2.789217
0.440 -6.504027
0.450 -5.183389
0.460 -1.634368
0.470 -6.881381
0.480 -16.411555
0.490 5.675159
0.500 -2.674156
0.510 -5.934345
0.520 -11.741390
0.530 0.016398
0.540 -5.373803
0.550 -3.789351
0.560 -6.343517
0.570 3.015413
0.580 3.399256
0.590 -0.599344
0.600 3.931485
0.610 2.847727
0.620 9.398677
0.630 -1.300594
0.640 -11.756971
0.650 6.883779
0.660 -4.143215
0.670 -1.512655
0.680 -5.810454
0.690 -5.655612
0.700 12.466439
0.710 11.814049
0.720 -1.566605
0.730 -9.017865
0.740 -5.025379
0.750 2.394935
0.760 1.251420
0.770 8.059303
0.780 -8.547155
0.790 -1.984734
0.800 10.516760
0.810 13.264542
0.820 -6.288622
0.830 0.304359
0.840 -24.406943
0.850 -7.277912
0.860 -1.052869
0.870 -2.319257
0.880 15.124370
0.890 10.344120
0.900 -9.567580
0.910 0.988458
0.920 -3.869911
0.930 0.072851
0.940 2.903210
0.950 8.547719
0.960 -5.204175
0.970 -4.719765
0.980 0.176822
0.990 2.319595
