0.000 -4.171868
0.010 1.605973
0.020 14.212930
0.030 7.314103
0.040 7.511445
0.050 4.456286
0.060 -3.804505
0.070 1.979379
0.080 -3.331169
0.090 -9.986875
0.100 0.953788
0.110 0.528443
0.120 -6.933073
0.130 2.719251
0.140 -9.064126
0.150 -12.732226
0.160 -8.485032
0.170 -4.992877
0.180 -6.641180
0.190 5.738491
0.200 -17.519138
0.210 -0.449177
0.220 5.360482
0.230 -2.397716
0.240 -10.563186
0.250 11.348917
0.260 1.736753
0.270 4.923198
0.280 1.046550
0.290 -3.861457
0.300 -14.841124
0.310 -14.046377
0.320 -6.978382
0.330 0.170372
0.340 6.139175
0.350 0.655749
0.360 -7.728584
0.370 -1.191854
0.380 10.332574
0.390 -8.078157
0.400 -0.386171
0.410 6.481944
0.420 3.728588
0.430 0.248133
0.440 2.837050
0.450 2.854519
0.460 -2.789033
0.470 3.021992
0.480 7.551669
0.490 7.138023
0.500 0.710863
0.510 -3.896935
0.520 -8.603681
0.530 -8.323122
0.540 -3.702069
0.550 10.865453
0.560 -0.325246
0.570 3.822338
0.580 -7.472162
0.590 12.159154
0.600 8.105450
0.610 5.881699
0.620 -10.182380
0.630 -18.826908
0.640 5.053205
0.650 8.155449
0.660 0.704665
0.670 -4.578879
0.680 -0.480933
0.690 -7.538550
0.700 -3.596751
0.710 5.043088
0.720 11.600013
0.730 4.639414
0.740 -11.178287
0.750 -0.944631
0.760 -0.778305
0.770 -6.308949
0.780 -12.204938
0.790 0.329183
0.800 16.274816
0.810 12.650860
0.820 -9.609304
0.830 5.794562
0.840 6.549378
0.850 -18.869300
0.860 -1.876659
0.870 -11.934504
0.880 -0.651780
0.890 -3.500725
0.900 -0.381901
0.910 -4.651832
0.920 1.468710
0.930 -2.920218
0.940 12.359811
0.950 -9.134137
0.960 -8.388000
0.970 -2.415524
0.980 -5.717062
0.990 -2.671462
