0.000 -3.813429
0.010 0.822788
0.020 2.574661
0.030 -2.213141
0.040 -2.065747
0.050 6.014863
0.060 -6.918848
0.070 -17.154907
0.080 0.202300
0.090 -9.272683
0.100 -0.540759
0.110 -14.762576
0.120 -11.474733
0.130 13.555538
0.140 -8.714400
0.150 -9.335907
0.160 4.472552
0.170 0.069629
0.180 -11.513805
0.190 -6.724871
0.200 -3.344048
0.210 -10.520436
0.220 -9.171244
0.230 -10.297593
0.240 10.644148
0.250 -10.264998
0.260 5.280090
0.270 4.912597
0.280 -15.265222
0.290 -0.774501
0.300 -5.238104
0.310 -8.675752
0.320 3.905541
0.330 -10.153029
0.340 -2.509873
0.350 -2.175987
0.360 13.321606
0.370 7.103114
0.380 0.317680
0.390 2.133344
0.400 -2.738275
0.410 7.562775
0.420 -0.388357
0.430 -5.864853
0.440 -2.605069
0.450 -9.235805
0.460 4.769130
0.470 -10.491900
0.480 -5.604028
0.490 4.680215
0.500 5.289414
0.510 4.703805
0.520 -2.661925
0.530 10.968446
0.540 14.924509
0.550 3.965838
0.560 0.327499
0.570 1.214377
0.580 -0.470265
0.590 7.831029
0.600 -14.012102
0.610 -9.078852
0.620 -8.596733
0.630 9.674856
0.640 -3.465309
0.650 0.911676
0.660 -0.335065
0.670 -5.424451
0.680 -11.690442
0.690 2.535534
0.700 -8.694026
0.710 3.153519
0.720 -1.997319
0.730 -8.246120
0.740 11.158489
0.750 -3.598425
0.760 -18.678986
0.770 -0.085247
0.780 3.056028
0.790 -6.418799
0.800 -10.089550
0.810 -8.887571
0.820 -11.940128
0.830 -3.494141
0.840 16.710834
0.850 9.263563
0.860 1.752136
0.870 7.730481
0.880 1.824510
0.890 2.694936
0.900 -2.892414
0.910 -15.091243
0.920 8.223490
0.930 2.803743
0.940 5.438122
0.950 -20.053124
0.960 3.910808
0.970 -5.362061
0.980 3.659488
0.990 8.065272
