0.000 -1.360848
0.010 -10.129277
0.020 8.106708
0.030 4.879590
0.040 -7.316980
0.050 -11.842603
0.060 1.102025
0.070 2.097416
0.080 2.986016
0.090 -2.884768
0.100 -0.842704
0.110 -0.759753
0.120 3.572503
0.130 -6.120974
0.140 5.803617
0.150 -3.590501
0.160 -8.172962
0.170 -15.076224
0.180 -8.146993
0.190 11.321300
0.200 7.521753
0.210 4.541883
0.220 1.679359
0.230 -3.987722
0.240 -7.646396
0.250 4.692353
0.260 -4.213950
0.270 8.288954
0.280 -8.064034
0.290 0.166901
0.300 -7.319710
0.310 -4.355801
0.320 10.872209
0.330 8.685683
0.340 -2.078014
0.350 -11.416413
0.360 9.416214
0.370 -7.604650
0.380 -5.902670
0.390 -2.254463
0.400 1.927620
0.410 -1.494978
0.420 5.011633
0.430 0.716896
0.440 1.686685
0.450 -3.192277
0.460 12.388555
0.470 11.472507
0.480 -10.464959
0.490 4.130818
0.500 -7.605732
0.510 7.557740
0.520 1.353090
0.530 -11.460600
0.540 -2.650650
0.550 -4.265040
0.560 1.573669
0.570 0.055153
0.580 -11.241948
0.590 0.390627
0.600 6.314941
0.610 -14.303154
0.620 -0.645060
0.630 -5.195138
0.640 1.003678
0.650 4.244200
0.660 7.055565
0.670 -4.600011
0.680 2.394314
0.690 4.695692
0.700 4.276700
0.710 15.614220
0.720 -13.787835
0.730 -5.272754
0.740 -1.192835
0.750 11.489211
0.760 -0.384706
0.770 0.468285
0.780 -4.312710
0.790 -1.604702
0.800 17.464951
0.810 -0.431711
0.820 -9.836853
0.830 -10.361587
0.840 11.632620
0.850 1.676030
0.860 -4.152739
0.870 3.916056
0.880 7.116917
0.890 -4.492431
0.900 4.250032
0.910 -3.885630
0.920 20.259518
0.930 5.764550
0.940 -8.164308
0.950 -9.771321
0.960 8.743730
0.970 -4.340421
0.980 4.313036
0.990 -3.274984
