0.000 -5.657008
0.010 -3.810396
0.020 9.864237
0.030 8.652171
0.040 -10.719252
0.050 2.947200
0.060 8.874239
0.070 17.384594
0.080 -4.370749
0.090 2.368933
0.100 -0.486307
0.110 -19.087016
0.120 11.996865
0.130 11.496546
0.140 1.704372
0.150 -11.555825
0.160 -0.790871
0.170 0.265577
0.180 10.439803
0.190 -1.727426
0.200 1.917696
0.210 13.064190
0.220 -3.756871
0.230 1.615437
0.240 3.159202
0.250 -3.089743
0.260 1.238836
0.270 -9.422079
0.280 -15.798603
0.290 -13.100697
0.300 15.003018
0.310 9.865278
0.320 5.947261
0.330 5.279934
0.340 13.394570
0.350 -9.276896
0.360 18.270989
0.370 11.740847
0.380 11.082298
0.390 -21.471965
0.400 -6.523961
0.410 -14.172161
0.420 4.347981
0.430 -10.721201
0.440 8.438635
0.450 -2.474641
0.460 -0.834904
0.470 6.905811
0.480 11.057876
0.490 6.341472
0.500 2.729929
0.510 -7.397964
0.520 -1.284887
0.530 -7.160116
0.540 -11.045988
0.550 3.779793
0.560 -8.477800
0.570 7.732968
0.580 13.642327
0.590 6.680736
0.600 8.374573
0.610 -4.719653
0.620 -4.239449
0.630 9.460502
0.640 -11.991357
0.650 -10.039266
0.660 -3.438388
0.670 -14.290052
0.680 -12.115336
0.690 -0.993232
0.700 6.443506
0.710 1.079890
0.720 4.010742
0.730 5.173156
0.740 -4.701062
0.750 -1.604094
0.760 3.707680
0.770 -3.365278
0.780 7.825209
0.790 1.907611
0.800 -11.290023
0.810 0.284492
0.820 23.132631
0.830 0.225797
0.840 -1.203334
0.850 -15.422504
0.860 3.385939
0.870 -6.791109
0.880 3.891094
0.890 -5.116899
0.900 -2.427505
0.910 -2.196922
0.920 -16.192416
0.930 2.035365
0.940 -7.869353
0.950 -8.674817
0.960 -3.947600
0.970 -10.964492
0.980 6.748138
0.990 -0.564843
