0.000 7.405471
0.010 -3.167076
0.020 7.275336
0.030 -4.608715
0.040 -1.850262
0.050 -10.124392
0.060 -3.062595
0.070 4.975628
0.080 4.563569
0.090 1.929474
0.100 5.878931
0.110 1.528793
0.120 3.149008
0.130 -1.626006
0.140 3.060442
0.150 -13.271955
0.160 5.557077
0.170 -12.432105
0.180 1.365952
0.190 15.095346
0.200 12.610167
0.210 3.443542
0.220 -3.457043
0.230 4.294812
0.240 -9.441789
0.250 -3.645645
0.260 -13.746271
0.270 -4.624389
0.280 -0.804836
0.290 6.357811
0.300 4.075924
0.310 -4.898443
0.320 -1.490994
0.330 2.185161
0.340 11.340348
0.350 -2.568256
0.360 0.357336
0.370 -1.015831
0.380 1.333484
0.390 -6.324861
0.400 5.356622
0.410 -11.637489
0.420 -7.418774
0.430 5.049006
0.440 1.846041
0.450 -15.240002
0.460 7.400126
0.470 3.794669
0.480 -5.209689
0.490 12.401927
0.500 -16.054728
0.510 -4.146760
0.520 7.531849
0.530 2.534621
0.540 -8.780380
0.550 -4.178862
0.560 0.212851
0.570 4.431232
0.580 -3.117100
0.590 2.591114
0.600 -5.706513
0.610 2.090052
0.620 10.823121
0.630 11.003070
0.640 -3.932350
0.650 4.392451
0.660 -4.397890
0.670 8.492220
0.680 6.145407
0.690 12.975722
0.700 -7.106403
0.710 10.915346
0.720 14.788573
0.730 -10.091564
0.740 -10.771210
0.750 -16.157303
0.760 -8.533194
0.770 -22.861992
0.780 2.636229
0.790 4.922042
0.800 -12.298134
0.810 -17.702673
0.820 6.333170
0.830 5.873042
0.840 5.757476
0.850 2.213365
0.860 11.129033
0.870 -3.999982
0.880 3.850761
0.890 -4.565258
0.900 8.920322
0.910 1.630432
0.920 2.766368
0.930 2.762453
0.940 -7.029957
0.950 -2.918519
0.960 7.762621
0.970 -13.672461
0.980 5.239984
0.990 -5.339818
