0.000 -11.070289
0.010 -9.887361
0.020 -9.187309
0.030 -4.750855
0.040 -3.694142
0.050 -0.451832
0.060 7.666265
0.070 1.295668
0.080 -5.462109
0.090 -0.847124
0.100 2.120520
0.110 -1.559123
0.120 -3.307107
0.130 5.730830
0.140 13.421111
0.150 -4.886249
0.160 8.075872
0.170 -3.219937
0.180 2.916002
0.190 -6.991919
0.200 -2.207167
0.210 2.077817
0.220 7.691730
0.230 0.865881
0.240 -8.578773
0.250 5.134861
0.260 11.912825
0.270 12.705243
0.280 -5.749032
0.290 4.025792
0.300 -10.206820
0.310 -7.897789
0.320 7.416419
0.330 9.133972
0.340 -5.791269
0.350 0.114439
0.360 14.851510
0.370 4.885656
0.380 -9.447606
0.390 -0.540407
0.400 19.140480
0.410 -10.264500
0.420 -5.423972
0.430 1.280438
0.440 17.338855
0.450 -0.258989
0.460 -0.259907
0.470 -7.165540
0.480 1.365910
0.490 -15.872295
0.500 15.413481
0.510 8.021950
0.520 -4.542058
0.530 11.332855
0.540 -7.088802
0.550 -2.617796
0.560 -0.815726
0.570 11.554674
0.580 -9.912332
0.590 4.504931
0.600 -8.922569
0.610 13.700448
0.620 0.430012
0.630 -15.171855
0.640 6.156420
0.650 -13.277994
0.660 3.705698
0.670 -1.999720
0.680 4.637403
0.690 -8.893407
0.700 -5.055540
0.710 -1.055759
0.720 -4.857529
0.730 -3.976891
0.740 5.499990
0.750 -17.981358
0.760 -2.487392
0.770 -4.020483
0.780 -4.476830
0.790 -12.458836
0.800 7.596753
0.810 2.388518
0.820 9.014189
0.830 7.661655
0.840 12.213083
0.850 -1.482007
0.860 4.813130
0.870 -4.725247
0.880 12.011594
0.890 -2.144444
0.900 -2.535883
0.910 -0.688217
0.920 7.101263
0.930 -2.679188
0.940 3.869468
0.950 12.017984
0.960 -9.887931
0.970 -6.938424
0.980 -2.120747
0.990 4.504356
