0.000 -3.744568
0.010 -9.954448
0.020 15.595380
0.030 7.221746
0.040 -5.997271
0.050 -4.654462
0.060 -2.768245
0.070 11.200801
0.080 -9.327847
0.090 -17.091689
0.100 8.037867
0.110 1.048934
0.120 -6.450349
0.130 -5.132344
0.140 3.635518
0.150 -11.928877
0.160 1.732133
0.170 -9.451437
0.180 -0.528603
0.190 -2.783823
0.200 3.097739
0.210 5.987836
0.220 -8.461792
0.230 4.898932
0.240 4.014804
0.250 -7.774334
0.260 -5.313293
0.270 -13.568110
0.280 4.640207
0.290 5.008931
0.300 -2.059610
0.310 5.854040
0.320 -4.207562
0.330 0.172727
0.340 2.908250
0.350 9.623767
0.360 4.045031
0.370 -0.862461
0.380 4.662896
0.390 8.733909
0.400 -8.381676
0.410 0.834633
0.420 -4.258383
0.430 -5.643782
0.440 5.607233
0.450 -7.119289
0.460 -3.374104
0.470 5.335966
0.480 0.422526
0.490 5.049331
0.500 3.820182
0.510 1.951870
0.520 0.121622
0.530 8.560796
0.540 1.382367
0.550 -8.855573
0.560 -0.792169
0.570 23.563765
0.580 -19.576720
0.590 -2.218475
0.600 -8.693406
0.610 2.878515
0.620 15.355023
0.630 -16.147305
0.640 1.900533
0.650 3.204673
0.660 -0.007628
0.670 -2.383402
0.680 -0.337194
0.690 5.811178
0.700 -7.752985
0.710 4.467777
0.720 3.833088
0.730 -9.535041
0.740 2.750383
0.750 1.943272
0.760 -11.019047
0.770 8.617623
0.780 -2.020084
0.790 -0.283267
0.800 5.949572
0.810 -1.197247
0.820 13.143323
0.830 -5.651834
0.840 9.646590
0.850 12.319752
0.860 -1.108438
0.870 -0.270317
0.880 -1.524737
0.890 9.790937
0.900 -3.303562
0.910 14.937033
0.920 6.143708
0.930 -3.375925
0.940 -7.169519
0.950 -1.742740
0.960 2.292068
0.970 -5.531191
0.980 -1.753802
0.990 11.072298
