0.000 -1.857934
0.010 2.895151
0.020 19.267078
0.030 -0.034210
0.040 -5.326442
0.050 10.530046
0.060 -6.314416
0.070 7.330017
0.080 6.033271
0.090 5.686330
0.100 8.645303
0.110 3.944503
0.120 -6.913001
0.130 -15.850630
0.140 -13.939210
0.150 2.667684
0.160 -4.585845
0.170 -6.277995
0.180 -3.246745
0.190 5.489504
0.200 -2.226668
0.210 8.468160
0.220 2.547352
0.230 -2.689349
0.240 -9.101224
0.250 5.020357
0.260 -15.876353
0.270 5.973720
0.280 0.435231
0.290 -4.930116
0.300 11.920276
0.310 -5.717208
0.320 4.110198
0.330 6.900913
0.340 12.303525
0.350 -0.142087
0.360 2.250644
0.370 7.671378
0.380 -2.326383
0.390 -5.109273
0.400 -8.885301
0.410 -3.818768
0.420 -15.917949
0.430 -5.287280
0.440 2.659804
0.450 1.678556
0.460 -2.931331
0.470 -4.160347
0.480 12.195498
0.490 -5.531317
0.500 -4.116606
0.510 2.912667
0.520 8.016506
0.530 -17.167560
0.540 3.814998
0.550 -16.145681
0.560 6.880929
0.570 9.424808
0.580 16.370903
0.590 0.711763
0.600 5.410571
0.610 -3.256336
0.620 -4.434809
0.630 -2.137690
0.640 -6.903741
0.650 -9.048966
0.660 6.153527
0.670 -4.621441
0.680 9.166137
0.690 -0.868017
0.700 -0.552610
0.710 -9.510838
0.720 2.825855
0.730 -9.153302
0.740 4.486483
0.750 -4.594991
0.760 -17.797898
0.770 -14.169361
0.780 2.510778
0.790 -2.696737
0.800 -4.676548
0.810 9.004165
0.820 10.752284
0.830 2.977326
0.840 9.202727
0.850 -4.954519
0.860 2.559108
0.870 -5.350675
0.880 -6.080278
0.890 -6.466127
0.900 -6.287652
0.910 3.593223
0.920 4.498041
0.930 2.060142
0.940 -1.461363
0.950 0.526417
0.960 5.158064
0.970 -1.838304
0.980 3.701292
0.990 4.004947
