0.000 4.470421
0.010 -16.854673
0.020 5.037054
0.030 -5.445247
0.040 8.008549
0.050 -4.705998
0.060 10.424793
0.070 2.991420
0.080 8.903990
0.090 4.069446
0.100 -7.062053
0.110 -12.999371
0.120 17.092847
0.130 6.906096
0.140 9.565077
0.150 -1.481945
0.160 -0.450853
0.170 4.109743
0.180 -11.792503
0.190 2.603012
0.200 -5.921231
0.210 2.523629
0.220 14.412581
0.230 -6.836726
0.240 -0.273822
0.250 -1.329329
0.260 -2.101662
0.270 -5.843948
0.280 -18.963161
0.290 15.390664
0.300 2.553335
0.310 -3.757492
0.320 -8.228826
0.330 12.960473
0.340 -2.718978
0.350 0.787184
0.360 5.724961
0.370 4.767316
0.380 4.478198
0.390 -0.037612
0.400 -3.115894
0.410 -13.566278
0.420 3.641640
0.430 3.446968
0.440 -11.305010
0.450 9.488204
0.460 4.214328
0.470 7.217111
0.480 3.479425
0.490 -3.498300
0.500 3.572760
0.510 1.222340
0.520 8.894911
0.530 2.645052
0.540 -6.287646
0.550 7.487134
0.560 -4.868823
0.570 -0.767062
0.580 -4.534205
0.590 -11.579446
0.600 -10.161198
0.610 0.560317
0.620 -3.992241
0.630 -0.901467
0.640 -5.275166
0.650 3.572454
0.660 1.903569
0.670 19.680165
0.680 -14.403284
0.690 -4.257509
0.700 15.102491
0.710 -21.759895
0.720 7.115806
0.730 2.376205
0.740 -17.616700
0.750 -3.797002
0.760 -7.148808
0.770 0.031573
0.780 -5.526558
0.790 -11.690257
0.800 9.892977
0.810 3.054193
0.820 -10.384299
0.830 7.725008
0.840 -7.015365
0.850 10.351934
0.860 -1.416692
0.870 -4.428842
0.880 6.667539
0.890 -12.756330
0.900 3.290174
0.910 7.201698
0.920 -3.710108
0.930 -3.935962
0.940 1.198249
0.950 9.968821
0.960 3.643730
0.970 -2.424234
0.980 11.842998
0.990 -1.014635
