0.000 9.143250
0.010 -0.270552
0.020 -1.987381
0.030 3.362252
0.040 4.114600
0.050 -0.155539
0.060 -5.174528
0.070 -1.403897
0.080 -13.174817
0.090 12.402887
0.100 2.057163
0.110 -7.051136
0.120 -7.482211
0.130 -7.937444
0.140 -0.335867
0.150 -0.879987
0.160 1.652311
0.170 -2.823320
0.180 -5.997587
0.190 -7.063941
0.200 6.350036
0.210 -1.821450
0.220 -9.915563
0.230 12.878387
0.240 2.302824
0.250 11.993562
0.260 3.011849
0.270 4.830735
0.280 10.782599
0.290 -2.922929
0.300 -6.763646
0.310 0.208976
0.320 7.941013
0.330 -5.793629
0.340 1.767827
0.350 6.219129
0.360 1.729479
0.370 -7.200471
0.380 0.083782
0.390 -8.514430
0.400 -6.693572
0.410 7.599356
0.420 -11.347671
0.430 5.192855
0.440 -1.355839
0.450 -2.708804
0.460 -8.078224
0.470 1.409524
0.480 17.579977
0.490 2.735215
0.500 3.560663
0.510 -16.139138
0.520 3.265610
0.530 -6.969628
0.540 6.910319
0.550 -9.743178
0.560 6.184382
0.570 -3.997530
0.580 -1.300712
0.590 -6.869902
0.600 -3.473985
0.610 -2.179514
0.620 -1.707964
0.630 -0.465024
0.640 -16.768219
0.650 12.084112
0.660 -19.237680
0.670 0.938581
0.680 9.467326
0.690 -3.885951
0.700 -6.987214
0.710 4.930234
0.720 -9.106136
0.730 -0.602125
0.740 -18.358903
0.750 -6.938879
0.760 -1.455355
0.770 -14.755154
0.780 13.310373
0.790 -5.122015
0.800 2.799352
0.810 17.839469
0.820 -0.463550
0.830 -14.144472
0.840 -0.665979
0.850 7.739919
0.860 9.573556
0.870 -2.159654
0.880 10.765152
0.890 6.787187
0.900 2.603656
0.910 4.526150
0.920 -7.841398
0.930 0.861617
0.940 -3.616911
0.950 -2.861953
0.960 8.222645
0.970 -2.663298
0.980 -2.622480
0.990 0.115499
