0.000 3.361019
0.010 -0.037211
0.020 13.157139
0.030 3.577014
0.040 2.144460
0.050 -5.128621
0.060 -12.170887
0.070 17.255950
0.080 -3.566777
0.090 2.072296
0.100 -0.685983
0.110 -6.327654
0.120 -6.452126
0.130 -0.132944
0.140 0.655052
0.150 -0.963013
0.160 -4.914301
0.170 0.890114
0.180 -10.112980
0.190 -4.337327
0.200 -0.972399
0.210 -6.573240
0.220 5.077092
0.230 5.418072
0.240 8.647984
0.250 14.935487
0.260 -6.149291
0.270 -4.239426
0.280 -3.430525
0.290 9.135013
0.300 -13.913838
0.310 2.323835
0.320 3.865020
0.330 -2.313081
0.340 12.713016
0.350 3.934644
0.360 4.508090
0.370 -5.343681
0.380 -15.399884
0.390 -0.618368
0.400 16.819772
0.410 8.253484
0.420 1.457145
0.430 -6.602053
0.440 -1.678968
0.450 -4.948091
0.460 5.579903
0.470 4.936156
0.480 11.434773
0.490 6.505319
0.500 11.512928
0.510 1.530282
0.520 11.913262
0.530 -1.568945
0.540 -1.330216
0.550 -5.508423
0.560 -20.007539
0.570 -7.650618
0.580 -6.724775
0.590 0.108784
0.600 14.534365
0.610 0.139478
0.620 -6.852624
0.630 -0.160811
0.640 3.855628
0.650 -4.635811
0.660 -4.620269
0.670 -0.430122
0.680 0.373653
0.690 -5.427813
0.700 -1.870346
0.710 -3.337650
0.720 -1.894028
0.730 6.194776
0.740 -9.501289
0.750 -2.215848
0.760 4.552900
0.770 0.929683
0.780 9.350493
0.790 9.795751
0.800 -2.443065
0.810 10.284956
0.820 -7.579601
0.830 11.051987
0.840 2.458127
0.850 3.244077
0.860 -4.505944
0.870 2.697831
0.880 24.518955
0.890 -13.963218
0.900 -10.501479
0.910 -4.398414
0.920 4.233004
0.930 -3.883865
0.940 7.773850
0.950 -14.318375
0.960 2.066163
0.970 5.378319
0.980 -6.870100
0.990 -10.624173
