0.000 1.251193
0.010 -7.009593
0.020 6.236186
0.030 -13.460359
0.040 -10.088281
0.050 -9.452298
0.060 0.447766
0.070 4.857947
0.080 -1.226879
0.090 2.796006
0.100 -2.691974
0.110 -11.313407
0.120 4.841790
0.130 -8.916899
0.140 2.557091
0.150 2.585258
0.160 -4.552798
0.170 -1.246091
0.180 2.069033
0.190 0.521733
0.200 -8.284581
0.210 5.550596
0.220 4.431294
0.230 -1.491530
0.240 -1.230332
0.250 1.333653
0.260 5.919005
0.270 -0.198064
0.280 -11.334670
0.290 3.307875
0.300 -6.993390
0.310 -2.581411
0.320 1.952701
0.330 -14.243474
0.340 12.715937
0.350 -1.228665
0.360 -10.841523
0.370 -9.611457
0.380 4.232429
0.390 -0.395689
0.400 3.959886
0.410 8.054358
0.420 -11.782535
0.430 -6.697543
0.440 11.052671
0.450 2.188970
0.460 -2.641961
0.470 -5.488022
0.480 2.257106
0.490 -3.442179
0.500 9.873246
0.510 -8.554992
0.520 -7.676124
0.530 1.724220
0.540 6.291693
0.550 -4.504112
0.560 8.131422
0.570 -1.002292
0.580 6.494219
0.590 9.643292
0.600 -1.007077
0.610 -13.675216
0.620 -0.009808
0.630 -8.465787
0.640 9.665925
0.650 3.409489
0.660 -0.711089
0.670 -3.453610
0.680 -1.057219
0.690 -0.574200
0.700 -4.595777
0.710 -6.642436
0.720 0.301021
0.730 11.207634
0.740 17.663642
0.750 -3.798978
0.760 7.547664
0.770 7.372936
0.780 14.247489
0.790 7.146286
0.800 20.458857
0.810 -19.983622
0.820 14.994416
0.830 7.345999
0.840 -3.644627
0.850 -9.251196
0.860 -1.291357
0.870 5.582989
0.880 4.978683
0.890 -1.779592
0.900 -0.987823
0.910 -8.273678
0.920 -0.133139
0.930 0.408651
0.940 8.240346
0.950 -9.538232
0.960 5.231709
0.970 6.520953
0.980 6.677327
0.990 -8.851392
