0.000 -6.712429
0.010 1.311108
0.020 17.946560
0.030 4.940943
0.040 -0.220121
0.050 4.901546
0.060 -15.475693
0.070 -12.508462
0.080 0.176175
0.090 9.882841
0.100 3.617501
0.110 -2.315051
0.120 -0.640984
0.130 4.066777
0.140 4.836113
0.150 -13.461017
0.160 -2.362964
0.170 4.022460
0.180 5.371400
0.190 -9.549104
0.200 -4.405159
0.210 5.423291
0.220 -6.075915
0.230 -0.963009
0.240 -0.862982
0.250 1.545276
0.260 -11.403173
0.270 -6.211840
0.280 -1.101060
0.290 -11.156162
0.300 4.685402
0.310 -2.176465
0.320 -6.505904
0.330 3.302697
0.340 10.510000
0.350 6.381609
0.360 4.442271
0.370 -3.006034
0.380 4.159679
0.390 -8.951629
0.400 -19.081844
0.410 -2.264957
0.420 7.366405
0.430 4.362476
0.440 0.837865
0.450 -5.903782
0.460 -4.912134
0.470 -2.645699
0.480 -10.559129
0.490 9.050233
0.500 -1.032599
0.510 -7.207212
0.520 -0.140596
0.530 -6.132691
0.540 -1.881340
0.550 6.246176
0.560 9.436654
0.570 -8.036628
0.580 14.976173
0.590 -18.009734
0.600 0.083539
0.610 7.482049
0.620 -10.744148
0.630 -3.442109
0.640 -5.379263
0.650 22.582671
0.660 -5.681319
0.670 -2.231337
0.680 3.766356
0.690 9.304097
0.700 6.089872
0.710 8.222780
0.720 -5.122810
0.730 -2.871394
0.740 1.327356
0.750 4.139204
0.760 -14.595436
0.770 13.455691
0.780 6.396228
0.790 2.013725
0.800 -4.817344
0.810 1.838603
0.820 13.492192
0.830 -9.306838
0.840 2.691675
0.850 1.555529
0.860 -8.024370
0.870 -5.639297
0.880 -9.575296
0.890 4.373258
0.900 6.237781
0.910 -2.328826
0.920 -7.713625
0.930 -14.760347
0.940 7.878269
0.950 3.098782
0.960 6.037133
0.970 -6.617436
0.980 -3.605900
0.990 -4.120343
