0.000 -6.159187
0.010 -11.568451
0.020 -9.410415
0.030 -2.421317
0.040 7.583210
0.050 3.612794
0.060 -2.254045
0.070 -5.499858
0.080 -3.966982
0.090 -0.435508
0.100 4.044481
0.110 -4.808975
0.120 12.999876
0.130 -2.448266
0.140 0.358152
0.150 8.235016
0.160 -0.560539
0.170 -6.729270
0.180 3.951317
0.190 -6.048722
0.200 -4.981671
0.210 3.180852
0.220 -7.285702
0.230 7.177219
0.240 11.801858
0.250 -7.288310
0.260 -0.148262
0.270 4.913514
0.280 15.357223
0.290 -5.894882
0.300 -1.927831
0.310 -4.117769
0.320 7.013931
0.330 -2.700994
0.340 -11.422790
0.350 -5.126197
0.360 13.774941
0.370 -8.469405
0.380 0.550039
0.390 14.636575
0.400 1.483975
0.410 4.071426
0.420 12.190077
0.430 -2.650790
0.440 -4.731537
0.450 -6.594791
0.460 -7.269320
0.470 -3.059712
0.480 -0.378976
0.490 -8.896258
0.500 -8.559456
0.510 1.294613
0.520 10.039281
0.530 8.631453
0.540 -5.072294
0.550 -7.387277
0.560 1.143130
0.570 -18.288777
0.580 12.718371
0.590 4.229965
0.600 -5.972706
0.610 6.065936
0.620 8.824857
0.630 15.005713
0.640 -4.121051
0.650 -8.081899
0.660 -2.870393
0.670 -1.857737
0.680 -2.867800
0.690 15.967419
0.700 12.064573
0.710 -0.465863
0.720 -14.110121
0.730 -9.996665
0.740 -11.436823
0.750 10.939253
0.760 -3.030237
0.770 3.829530
0.780 -0.923724
0.790 -12.168621
0.800 -17.131460
0.810 -10.421320
0.820 6.279001
0.830 -6.745074
0.840 7.938915
0.850 0.472040
0.860 -3.973070
0.870 7.669857
0.880 8.866874
0.890 -4.171066
0.900 15.678992
0.910 1.558747
0.920 -3.836475
0.930 4.352424
0.940 12.475141
0.950 0.105928
0.960 6.777615
0.970 1.904391
0.980 -3.572020
0.990 -3.904090
