0.000 -0.624627
0.010 1.645167
0.020 -5.432869
0.030 -1.470888
0.040 3.240562
0.050 3.262940
0.060 -0.363592
0.070 -2.989228
0.080 -4.388759
0.090 23.349254
0.100 -0.931049
0.110 -12.575705
0.120 -3.190249
0.130 8.709337
0.140 -10.309364
0.150 -3.397269
0.160 -2.708900
0.170 3.669644
0.180 2.222670
0.190 -9.051339
0.200 4.494587
0.210 12.065123
0.220 8.177239
0.230 -4.371664
0.240 3.500598
0.250 2.475376
0.260 -10.766381
0.270 8.161323
0.280 -2.261342
0.290 -3.524667
0.300 -0.257757
0.310 9.672073
0.320 10.916731
0.330 -8.339380
0.340 -1.310110
0.350 -4.768948
0.360 -4.716770
0.370 -6.490632
0.380 0.213856
0.390 4.516030
0.400 -9.266000
0.410 -1.000306
0.420 15.509893
0.430 -14.690606
0.440 -10.018477
0.450 -9.456374
0.460 9.362126
0.470 4.016321
0.480 3.018383
0.490 0.019972
0.500 -7.418782
0.510 4.163602
0.520 -1.180838
0.530 -4.253642
0.540 -7.283397
0.550 -4.131834
0.560 -7.912652
0.570 -0.720116
0.580 -16.731508
0.590 -2.784370
0.600 15.151620
0.610 -7.627569
0.620 -0.248964
0.630 2.303136
0.640 -11.022611
0.650 -12.425092
0.660 10.030441
0.670 -12.828097
0.680 -3.192109
0.690 -11.915869
0.700 8.008170
0.710 4.488617
0.720 11.636151
0.730 8.208418
0.740 -4.356620
0.750 12.543228
0.760 6.396418
0.770 6.567224
0.780 -4.266532
0.790 0.029147
0.800 7.888377
0.810 4.153588
0.820 1.177816
0.830 -16.709437
0.840 0.340409
0.850 -6.297260
0.860 -20.855509
0.870 0.086277
0.880 7.419635
0.890 11.559435
0.900 4.668455
0.910 -2.141251
0.920 8.877987
0.930 5.167703
0.940 -4.889714
0.950 5.816204
0.960 5.222736
0.970 0.355423
0.980 -2.804817
0.990 7.714693
