0.000 0.810803
0.010 -4.462434
0.020 -1.751896
0.030 12.536625
0.040 10.915597
0.050 -4.915952
0.060 -6.792343
0.070 2.065742
0.080 -2.156010
0.090 -9.982499
0.100 -1.076213
0.110 -1.012607
0.120 -10.230667
0.130 1.162107
0.140 6.127270
0.150 5.232732
0.160 -17.761169
0.170 12.452851
0.180 -2.036136
0.190 -1.071326
0.200 -2.900378
0.210 -13.705637
0.220 -5.230301
0.230 9.408793
0.240 -1.204285
0.250 11.683423
0.260 -4.107203
0.270 2.540240
0.280 -12.146352
0.290 -2.837260
0.300 -9.869242
0.310 -16.829868
0.320 -0.276507
0.330 0.426017
0.340 12.515617
0.350 3.446429
0.360 4.634859
0.370 -5.493710
0.380 -4.942830
0.390 17.733668
0.400 2.578584
0.410 8.955408
0.420 8.058601
0.430 12.915763
0.440 4.987982
0.450 -13.343796
0.460 -6.249917
0.470 -13.824998
0.480 -9.048819
0.490 -1.698468
0.500 1.201659
0.510 -6.061644
0.520 -6.426917
0.530 -2.553763
0.540 0.480113
0.550 -2.325673
0.560 -11.079380
0.570 -6.033041
0.580 -7.523951
0.590 -0.967880
0.600 -14.707513
0.610 4.324368
0.620 -5.170136
0.630 22.786830
0.640 2.685105
0.650 -5.171194
0.660 4.545525
0.670 1.140860
0.680 -19.292766
0.690 -3.590394
0.700 -2.173698
0.710 -7.922379
0.720 -1.311224
0.730 0.076119
0.740 1.601746
0.750 -12.910571
0.760 -11.603660
0.770 1.043665
0.780 -2.218130
0.790 8.327551
0.800 -10.090278
0.810 0.902360
0.820 3.924143
0.830 1.649554
0.840 6.173214
0.850 -2.403931
0.860 12.115507
0.870 7.953896
0.880 -16.569894
0.890 6.426688
0.900 -2.190675
0.910 7.731333
0.920 21.332416
0.930 -16.880570
0.940 -22.095556
0.950 -0.457683
0.960 2.486762
0.970 1.789697
0.980 -4.307702
0.990 10.490986
