0.000 -7.913772
0.010 -12.315819
0.020 13.126046
0.030 -6.356316
0.040 5.023902
0.050 -2.476832
0.060 2.860836
0.070 4.669033
0.080 5.356552
0.090 -5.974203
0.100 -1.866172
0.110 -0.820555
0.120 12.474843
0.130 16.788487
0.140 -4.133145
0.150 7.683091
0.160 -7.275740
0.170 0.771160
0.180 10.257398
0.190 1.054182
0.200 -5.803760
0.210 7.400590
0.220 7.811302
0.230 4.851997
0.240 -2.556712
0.250 2.810265
0.260 -9.886362
0.270 -1.187893
0.280 8.821110
0.290 -6.225752
0.300 4.244844
0.310 1.439929
0.320 -4.682022
0.330 13.386957
0.340 0.673619
0.350 5.969391
0.360 10.969850
0.370 9.700556
0.380 -11.809042
0.390 -4.434080
0.400 8.330123
0.410 4.731341
0.420 -11.702614
0.430 1.362859
0.440 14.692785
0.450 13.079221
0.460 6.677523
0.470 -6.825017
0.480 3.343690
0.490 1.619858
0.500 2.292433
0.510 -6.286121
0.520 -4.485449
0.530 7.921505
0.540 -10.750382
0.550 15.196975
0.560 -0.305394
0.570 1.330958
0.580 -4.015551
0.590 18.723491
0.600 -5.492265
0.610 0.731666
0.620 -3.000101
0.630 -3.313583
0.640 -1.379211
0.650 -7.981987
0.660 3.737231
0.670 -0.368718
0.680 -8.658103
0.690 -0.570764
0.700 -7.488741
0.710 5.926351
0.720 5.046557
0.730 -5.398142
0.740 -7.364400
0.750 -3.878385
0.760 -8.490261
0.770 6.429587
0.780 4.651110
0.790 4.857492
0.800 -10.579819
0.810 -2.991816
0.820 -8.708917
0.830 7.312293
0.840 3.184809
0.850 20.565938
0.860 4.014664
0.870 -7.108738
0.880 0.607123
0.890 -5.744105
0.900 -4.179841
0.910 -7.039105
0.920 8.217871
0.930 -1.789871
0.940 -13.338393
0.950 7.896699
0.960 4.270904
0.970 -3.670662
0.980 -7.136618
0.990 -3.785304
