0.000 1.663606
0.010 -11.101678
0.020 -1.520978
0.030 2.557015
0.040 -7.276754
0.050 5.637887
0.060 -9.180168
0.070 7.623811
0.080 1.426750
0.090 -6.270195
0.100 3.575669
0.110 6.561148
0.120 -6.548228
0.130 -0.820348
0.140 5.979464
0.150 2.512047
0.160 -3.298258
0.170 -0.922130
0.180 3.369951
0.190 3.359453
0.200 -6.487032
0.210 7.263629
0.220 8.753052
0.230 1.105977
0.240 15.870137
0.250 -0.874600
0.260 8.240271
0.270 -0.317982
0.280 -1.561479
0.290 9.522544
0.300 7.661799
0.310 2.287026
0.320 -19.029736
0.330 5.655759
0.340 -14.669481
0.350 -13.528697
0.360 -1.350772
0.370 -5.092358
0.380 -4.554495
0.390 11.211954
0.400 -8.212817
0.410 9.917303
0.420 -9.656624
0.430 -9.025734
0.440 -3.001244
0.450 -2.487826
0.460 -5.178651
0.470 5.434310
0.480 10.309589
0.490 -0.755495
0.500 4.799965
0.510 1.631564
0.520 -2.091320
0.530 -1.822414
0.540 -2.624344
0.550 -3.061730
0.560 -0.236067
0.570 4.906946
0.580 -18.549176
0.590 -9.387811
0.600 1.817076
0.610 10.141564
0.620 -9.412135
0.630 -0.433470
0.640 -0.149815
0.650 4.358553
0.660 -2.605559
0.670 5.236040
0.680 6.861960
0.690 -7.778735
0.700 2.275345
0.710 -7.925314
0.720 7.254985
0.730 -10.949100
0.740 -0.859840
0.750 6.377121
0.760 4.303885
0.770 15.810776
0.780 18.853687
0.790 2.421481
0.800 6.080521
0.810 7.297486
0.820 -2.109304
0.830 -14.626835
0.840 -0.257214
0.850 3.515407
0.860 -13.728013
0.870 7.220722
0.880 12.486331
0.890 2.145621
0.900 5.016157
0.910 -3.618761
0.920 -3.730294
0.930 6.772850
0.940 -8.805063
0.950 0.547489
0.960 -2.899800
0.970 -13.231662
0.980 7.425701
0.990 5.095923
