0.000 -2.174405
0.010 -8.128518
0.020 -0.244164
0.030 1.061835
0.040 7.498267
0.050 -3.813889
0.060 12.113705
0.070 8.469935
0.080 -6.082487
0.090 2.057731
0.100 2.715772
0.110 -3.815035
0.120 12.004458
0.130 -12.237590
0.140 11.780258
0.150 0.875260
0.160 0.968640
0.170 -10.989371
0.180 -8.002301
0.190 -3.661719
0.200 -1.208140
0.210 1.052779
0.220 -2.465033
0.230 -5.660650
0.240 -2.889620
0.250 -2.589290
0.260 3.147025
0.270 -9.453965
0.280 -4.662906
0.290 6.370822
0.300 8.855147
0.310 -12.647292
0.320 -7.365151
0.330 -0.280502
0.340 -3.485811
0.350 2.304705
0.360 2.817485
0.370 13.658503
0.380 5.579578
0.390 -6.704597
0.400 -0.265314
0.410 4.478246
0.420 -4.433524
0.430 5.985867
0.440 -3.188511
0.450 -6.448441
0.460 14.471877
0.470 -4.910298
0.480 6.583185
0.490 -11.255828
0.500 -13.750708
0.510 3.644774
0.520 -4.733684
0.530 -11.391587
0.540 -9.565096
0.550 -2.073060
0.560 8.723668
0.570 7.785267
0.580 0.007154
0.590 -4.415999
0.600 0.398182
0.610 2.244531
0.620 -6.672569
0.630 4.872490
0.640 -6.963323
0.650 -7.119317
0.660 -2.817574
0.670 -3.725021
0.680 0.104307
0.690 6.246539
0.700 -6.647305
0.710 -14.484940
0.720 0.364577
0.730 0.027973
0.740 -0.836709
0.750 -2.045516
0.760 8.113698
0.770 -7.516386
0.780 2.695821
0.790 3.182750
0.800 -4.530563
0.810 -16.601394
0.820 -4.948020
0.830 14.117404
0.840 0.746700
0.850 -3.342235
0.860 8.137858
0.870 -2.044314
0.880 -7.166670
0.890 4.406222
0.900 -3.676424
0.910 5.483485
0.920 -1.451161
0.930 2.198771
0.940 3.694343
0.950 -3.853599
0.960 -1.929288
0.970 10.539347
0.980 6.415866
0.990 -4.087971
