0.000 -4.746516
0.010 18.402908
0.020 12.215847
0.030 -4.060342
0.040 6.602446
0.050 -3.945018
0.060 5.066236
0.070 -0.809122
0.080 6.854972
0.090 5.111818
0.100 7.842807
0.110 0.613221
0.120 7.209566
0.130 9.628901
0.140 8.003005
0.150 -2.424741
0.160 -2.186839
0.170 7.958440
0.180 15.604597
0.190 -2.681630
0.200 0.969170
0.210 -1.307708
0.220 -8.065400
0.230 -3.660806
0.240 -4.346798
0.250 -0.409526
0.260 3.852208
0.270 -1.299574
0.280 10.711397
0.290 -0.179891
0.300 -6.367295
0.310 11.012780
0.320 -5.942351
0.330 6.939014
0.340 1.908195
0.350 -5.293410
0.360 8.702961
0.370 7.285329
0.380 1.061358
0.390 -14.819062
0.400 0.180657
0.410 -0.138588
0.420 0.246135
0.430 -13.385626
0.440 9.465139
0.450 -1.315387
0.460 3.917536
0.470 -7.600543
0.480 0.537221
0.490 -1.819436
0.500 -8.661913
0.510 -14.132174
0.520 2.761627
0.530 7.621822
0.540 -9.428784
0.550 -2.666782
0.560 2.773023
0.570 -2.012564
0.580 -9.955399
0.590 6.227362
0.600 1.205332
0.610 -4.827113
0.620 -8.073264
0.630 -0.021617
0.640 -6.920148
0.650 16.115098
0.660 3.558028
0.670 -1.922089
0.680 15.596783
0.690 -2.041927
0.700 10.935636
0.710 -7.858013
0.720 -18.336518
0.730 6.499455
0.740 -0.402506
0.750 6.087614
0.760 1.696884
0.770 -11.319727
0.780 -7.905635
0.790 -7.422773
0.800 -4.839578
0.810 -7.579248
0.820 10.147551
0.830 1.824978
0.840 -6.287585
0.850 -5.594368
0.860 -7.969232
0.870 -18.296929
0.880 0.885175
0.890 13.333219
0.900 4.390429
0.910 7.068251
0.920 8.277883
0.930 -9.551914
0.940 -10.239653
0.950 2.189199
0.960 -0.534850
0.970 3.802548
0.980 6.545696
0.990 0.208291
