0.000 -8.668322
0.010 12.621297
0.020 9.824552
0.030 -4.235216
0.040 -3.530723
0.050 -13.251263
0.060 1.151339
0.070 -2.400022
0.080 -0.497466
0.090 7.495374
0.100 -8.050714
0.110 -0.336135
0.120 -11.435894
0.130 -15.667284
0.140 -12.441140
0.150 4.359183
0.160 -7.296423
0.170 -7.396498
0.180 9.839545
0.190 -2.948219
0.200 -3.871332
0.210 -7.065308
0.220 6.770520
0.230 -0.369006
0.240 -21.301831
0.250 5.525773
0.260 12.331559
0.270 5.413897
0.280 8.150496
0.290 9.566676
0.300 -11.234282
0.310 -11.037241
0.320 -12.640640
0.330 0.701048
0.340 -6.612030
0.350 10.180688
0.360 -5.767766
0.370 -3.167996
0.380 3.374641
0.390 5.494094
0.400 -4.476509
0.410 -8.483035
0.420 5.664464
0.430 -0.506531
0.440 6.026437
0.450 -6.299014
0.460 -12.793989
0.470 -5.104783
0.480 1.286321
0.490 2.093893
0.500 -1.369296
0.510 -2.932019
0.520 -8.798683
0.530 -3.972513
0.540 -0.641353
0.550 -1.739552
0.560 4.295350
0.570 -14.308642
0.580 -6.655448
0.590 -0.982559
0.600 9.229374
0.610 1.528238
0.620 -11.915916
0.630 -12.106676
0.640 -5.447541
0.650 3.783226
0.660 -8.267047
0.670 8.137409
0.680 5.458918
0.690 4.120358
0.700 -7.698772
0.710 -0.511045
0.720 3.241182
0.730 7.833924
0.740 -2.475169
0.750 10.326164
0.760 4.154396
0.770 -4.760300
0.780 7.774585
0.790 -3.492100
0.800 1.514520
0.810 -3.052648
0.820 -10.007116
0.830 -9.641898
0.840 -2.611096
0.850 -3.278725
0.860 -6.726382
0.870 1.230001
0.880 -17.387290
0.890 1.059416
0.900 -17.906795
0.910 0.831895
0.920 -10.483876
0.930 -5.217427
0.940 -4.022997
0.950 -6.049736
0.960 -1.747144
0.970 -3.060709
0.980 3.796490
0.990 -11.943890
