0.000 11.776465
0.010 6.861471
0.020 5.631706
0.030 3.066165
0.040 5.446246
0.050 1.903013
0.060 -5.779155
0.070 3.190829
0.080 2.751642
0.090 -0.526238
0.100 14.063580
0.110 -17.100312
0.120 2.632938
0.130 6.337395
0.140 2.066642
0.150 9.223487
0.160 2.993245
0.170 -7.697090
0.180 0.066589
0.190 -3.114890
0.200 -11.204620
0.210 11.367218
0.220 -4.856387
0.230 3.319420
0.240 -12.155460
0.250 3.171279
0.260 -3.118956
0.270 10.462032
0.280 -1.821737
0.290 -14.024484
0.300 -4.702651
0.310 -4.749056
0.320 20.175382
0.330 1.001938
0.340 2.133950
0.350 11.195765
0.360 -5.726341
0.370 0.890973
0.380 -9.531646
0.390 4.184880
0.400 8.302045
0.410 -6.550953
0.420 3.705065
0.430 0.914510
0.440 -7.727388
0.450 0.037112
0.460 -16.478539
0.470 3.826317
0.480 -8.103093
0.490 9.394233
0.500 6.606712
0.510 -7.212957
0.520 -11.564111
0.530 0.967778
0.540 -0.200569
0.550 -0.409008
0.560 6.304823
0.570 -11.352258
0.580 -5.393257
0.590 -1.309480
0.600 -1.591640
0.610 -0.986850
0.620 -0.836998
0.630 2.656257
0.640 -3.793394
0.650 8.097850
0.660 -2.293965
0.670 0.695212
0.680 0.124640
0.690 9.414903
0.700 3.268769
0.710 8.245514
0.720 -11.687690
0.730 -6.531628
0.740 -12.168592
0.750 12.025510
0.760 9.083381
0.770 11.858696
0.780 -1.839419
0.790 1.463967
0.800 0.464607
0.810 -12.695916
0.820 0.971036
0.830 3.853178
0.840 -8.842613
0.850 -3.728661
0.860 2.435721
0.870 -5.340302
0.880 8.555369
0.890 3.427905
0.900 -1.187029
0.910 2.859736
0.920 4.416313
0.930 8.597054
0.940 -8.640338
0.950 6.285308
0.960 -12.901680
0.970 -1.037539
0.980 -14.752115
0.990 -9.643776
