0.000 -9.863540
0.010 2.106727
0.020 12.688530
0.030 6.656096
0.040 -1.299995
0.050 12.709083
0.060 5.686904
0.070 -1.120297
0.080 0.075048
0.090 -8.882859
0.100 5.807089
0.110 -5.050957
0.120 -5.390154
0.130 -3.779372
0.140 1.853402
0.150 -11.199971
0.160 -4.315660
0.170 -12.301052
0.180 6.374656
0.190 -20.274042
0.200 11.201074
0.210 -0.923183
0.220 -1.288244
0.230 -2.265265
0.240 -9.578793
0.250 13.105224
0.260 -9.415767
0.270 -1.839073
0.280 -5.403747
0.290 10.390354
0.300 0.805433
0.310 1.041566
0.320 7.402367
0.330 13.412866
0.340 1.355395
0.350 6.508495
0.360 -14.249556
0.370 -6.187766
0.380 16.308045
0.390 -8.553444
0.400 9.422211
0.410 8.885319
0.420 -0.849888
0.430 7.600115
0.440 17.081292
0.450 -11.480399
0.460 1.255679
0.470 -3.988638
0.480 -18.530674
0.490 0.905245
0.500 5.067161
0.510 -4.812180
0.520 -5.441411
0.530 -2.304457
0.540 3.114649
0.550 -9.299315
0.560 2.124784
0.570 -6.640076
0.580 3.917394
0.590 -6.075438
0.600 -6.733717
0.610 18.038185
0.620 7.327669
0.630 4.519661
0.640 -2.842409
0.650 -9.910640
0.660 -4.862021
0.670 8.962566
0.680 8.246320
0.690 22.670519
0.700 -4.438317
0.710 11.278900
0.720 3.858993
0.730 -12.501054
0.740 -2.620293
0.750 11.869567
0.760 17.392571
0.770 16.340223
0.780 -1.335330
0.790 8.690802
0.800 1.325844
0.810 2.264469
0.820 0.485546
0.830 -2.038434
0.840 -5.128846
0.850 -0.317823
0.860 -3.392534
0.870 -1.658350
0.880 6.531340
0.890 4.348257
0.900 -9.857992
0.910 -9.791602
0.920 2.758188
0.930 4.468120
0.940 9.147778
0.950 -4.518917
0.960 12.053963
0.970 3.713601
0.980 -0.015810
0.990 -2.405997
