0.000 -9.421425
0.010 1.176754
0.020 -2.974254
0.030 -3.471082
0.040 -7.254738
0.050 -1.659269
0.060 -11.472567
0.070 -8.238259
0.080 4.764618
0.090 2.158625
0.100 -20.169582
0.110 1.725559
0.120 5.830545
0.130 6.525615
0.140 -2.747019
0.150 -8.564956
0.160 8.758489
0.170 11.239569
0.180 -0.473965
0.190 10.907539
0.200 11.140701
0.210 -5.649121
0.220 -10.653514
0.230 -2.910342
0.240 4.470938
0.250 0.440793
0.260 -7.375114
0.270 -15.003072
0.280 7.762759
0.290 8.051585
0.300 2.642290
0.310 1.258295
0.320 11.127461
0.330 -10.372253
0.340 -5.164216
0.350 -3.332191
0.360 -2.112435
0.370 -7.596426
0.380 17.843762
0.390 -12.285611
0.400 0.757025
0.410 -6.008716
0.420 -9.805100
0.430 -5.027681
0.440 1.076558
0.450 -0.740960
0.460 -10.107233
0.470 4.509531
0.480 0.639431
0.490 1.544610
0.500 -12.417905
0.510 6.222782
0.520 4.207172
0.530 0.455512
0.540 -9.429032
0.550 6.769495
0.560 -2.247309
0.570 2.464747
0.580 -2.142311
0.590 -5.280546
0.600 5.296158
0.610 -1.972493
0.620 -21.200331
0.630 -1.725753
0.640 -8.284259
0.650 6.692415
0.660 3.244594
0.670 -17.571683
0.680 0.653298
0.690 10.203755
0.700 -6.430536
0.710 -3.790464
0.720 -5.680925
0.730 0.964739
0.740 -1.790707
0.750 -4.832100
0.760 -8.670811
0.770 -6.316246
0.780 -10.351279
0.790 3.368034
0.800 -4.002940
0.810 4.966173
0.820 0.143424
0.830 17.208126
0.840 18.106077
0.850 -3.084124
0.860 -3.657536
0.870 -2.572376
0.880 -2.751175
0.890 -11.222754
0.900 -1.884441
0.910 -2.748640
0.920 1.863681
0.930 -7.307482
0.940 4.919393
0.950 -0.764462
0.960 -15.463015
0.970 8.422159
0.980 0.787454
0.990 -2.568279
