0.000 -0.195577
0.010 5.917210
0.020 -8.811835
0.030 1.781173
0.040 -5.471185
0.050 -3.379620
0.060 6.297470
0.070 -1.863364
0.080 6.262286
0.090 10.523344
0.100 21.139300
0.110 -11.889409
0.120 19.679305
0.130 0.437031
0.140 2.075754
0.150 -2.767594
0.160 13.190178
0.170 5.087021
0.180 -7.172932
0.190 -5.491268
0.200 6.115956
0.210 -1.018398
0.220 3.612652
0.230 9.398098
0.240 10.500265
0.250 19.947572
0.260 -4.057957
0.270 7.083801
0.280 -5.961162
0.290 -4.041864
0.300 7.180928
0.310 -3.838983
0.320 -0.371073
0.330 7.760355
0.340 21.948536
0.350 15.596341
0.360 2.023076
0.370 -10.162774
0.380 7.976832
0.390 5.837516
0.400 -5.722448
0.410 -6.074312
0.420 8.621701
0.430 -5.355765
0.440 -0.336204
0.450 -5.964915
0.460 -5.777959
0.470 8.566394
0.480 -1.907941
0.490 -3.732453
0.500 -2.693034
0.510 7.842668
0.520 -13.501879
0.530 3.840865
0.540 -16.414582
0.550 4.915651
0.560 3.935900
0.570 -7.360410
0.580 -6.178680
0.590 -0.774681
0.600 -5.450732
0.610 -15.214134
0.620 -8.605344
0.630 12.640563
0.640 -1.182287
0.650 2.400779
0.660 -12.372486
0.670 -9.802105
0.680 12.630026
0.690 -5.568500
0.700 -10.340769
0.710 4.125804
0.720 -5.065968
0.730 -4.813116
0.740 -8.341516
0.750 5.767003
0.760 -7.541928
0.770 11.330025
0.780 6.496265
0.790 6.323215
0.800 5.435925
0.810 -4.499875
0.820 -6.412393
0.830 -2.906536
0.840 -6.606980
0.850 -5.889933
0.860 17.177470
0.870 -5.818222
0.880 4.003980
0.890 -15.548070
0.900 4.360378
0.910 -7.772532
0.920 4.633095
0.930 -15.035037
0.940 -2.600046
0.950 1.440262
0.960 3.647340
0.970 2.952549
0.980 14.407888
0.990 0.713355
