0.000 0.150734
0.010 -6.874272
0.020 -0.520866
0.030 -2.673580
0.040 -2.079461
0.050 -10.978128
0.060 -0.535506
0.070 -9.036638
0.080 -6.362618
0.090 -4.759521
0.100 -10.031482
0.110 7.671436
0.120 -3.232819
0.130 -8.711908
0.140 14.865261
0.150 5.818116
0.160 -1.213620
0.170 6.159652
0.180 14.883473
0.190 5.307585
0.200 20.830606
0.210 0.084378
0.220 9.336453
0.230 -8.881881
0.240 -0.456102
0.250 26.255425
0.260 -10.431992
0.270 -26.772398
0.280 3.044813
0.290 -0.590211
0.300 0.669542
0.310 3.374102
0.320 1.706021
0.330 -11.244235
0.340 12.445619
0.350 -16.892285
0.360 16.059106
0.370 11.551474
0.380 1.905520
0.390 -10.846681
0.400 -1.024736
0.410 -12.054898
0.420 15.558494
0.430 -11.367513
0.440 -18.783443
0.450 18.642594
0.460 14.268472
0.470 -9.118391
0.480 -14.837067
0.490 0.773951
0.500 1.415538
0.510 -2.173108
0.520 3.197384
0.530 11.249532
0.540 -2.938644
0.550 3.055269
0.560 -14.362878
0.570 16.852128
0.580 10.173791
0.590 12.927006
0.600 -5.563351
0.610 16.657460
0.620 -5.913974
0.630 -4.761532
0.640 11.338281
0.650 5.481232
0.660 -9.228615
0.670 -2.297453
0.680 10.964169
0.690 -4.133032
0.700 1.222743
0.710 7.526942
0.720 -5.316324
0.730 -7.595006
0.740 1.240303
0.750 1.739570
0.760 -0.206747
0.770 -22.382786
0.780 -16.849863
0.790 -12.050141
0.800 5.052693
0.810 -7.443962
0.820 -3.390709
0.830 0.579867
0.840 -10.228555
0.850 2.760435
0.860 8.408172
0.870 8.101661
0.880 2.934202
0.890 3.884998
0.900 6.925993
0.910 -7.696483
0.920 0.419396
0.930 1.023535
0.940 -5.815700
0.950 3.498429
0.960 -6.486830
0.970 -2.300021
0.980 0.574950
0.990 -11.119130
