0.000 1.975312
0.010 5.035207
0.020 -2.010711
0.030 15.315082
0.040 -3.993244
0.050 -4.584292
0.060 1.320811
0.070 6.642223
0.080 -0.254985
0.090 -3.361488
0.100 6.855524
0.110 -3.862607
0.120 5.213042
0.130 -9.854566
0.140 -5.344653
0.150 -8.595335
0.160 -7.421239
0.170 -0.700105
0.180 -2.181953
0.190 -1.675120
0.200 -4.307530
0.210 -6.750897
0.220 -6.551580
0.230 -14.428234
0.240 4.386946
0.250 1.553798
0.260 -6.009533
0.270 17.359292
0.280 3.340270
0.290 4.279518
0.300 -8.605538
0.310 -6.917887
0.320 -2.134300
0.330 -6.851686
0.340 19.315971
0.350 -1.747609
0.360 5.588274
0.370 11.778772
0.380 -3.844913
0.390 -7.785372
0.400 11.088697
0.410 -3.754772
0.420 6.952089
0.430 -4.427746
0.440 -1.631219
0.450 4.976388
0.460 -8.702163
0.470 6.172620
0.480 12.663103
0.490 10.596459
0.500 1.421651
0.510 10.074526
0.520 -1.999192
0.530 -10.408604
0.540 19.959180
0.550 -19.524144
0.560 1.035429
0.570 4.889826
0.580 -0.658519
0.590 5.773683
0.600 9.568029
0.610 -8.651431
0.620 0.980495
0.630 6.531697
0.640 -1.078611
0.650 -12.812316
0.660 -4.540914
0.670 -2.827941
0.680 8.624137
0.690 5.032271
0.700 1.284264
0.710 3.295117
0.720 5.749325
0.730 3.688684
0.740 -12.087374
0.750 -10.365286
0.760 -0.476388
0.770 -9.283379
0.780 -6.289020
0.790 -0.752065
0.800 2.033500
0.810 13.083184
0.820 10.431596
0.830 -10.473659
0.840 0.915351
0.850 5.240365
0.860 5.147691
0.870 9.870703
0.880 -6.665521
0.890 -5.777352
0.900 7.894901
0.910 -13.651285
0.920 -0.413038
0.930 2.854408
0.940 17.797681
0.950 9.392595
0.960 6.009491
0.970 6.395278
0.980 5.853287
0.990 0.597310
