0.000 0.720691
0.010 -12.454383
0.020 0.941444
0.030 10.530661
0.040 0.694496
0.050 -10.116124
0.060 0.667040
0.070 -12.102982
0.080 -6.192513
0.090 -13.456445
0.100 4.858828
0.110 -2.213488
0.120 -7.874307
0.130 2.683420
0.140 -2.324087
0.150 -3.936777
0.160 -1.829687
0.170 -11.878315
0.180 6.120257
0.190 6.842221
0.200 24.513316
0.210 -9.325710
0.220 2.175483
0.230 3.648185
0.240 -4.536723
0.250 -5.455159
0.260 8.270822
0.270 1.042494
0.280 -7.407934
0.290 -12.166851
0.300 1.596281
0.310 0.744949
0.320 -8.118160
0.330 7.955623
0.340 1.112756
0.350 -1.178356
0.360 -1.012115
0.370 -0.553935
0.380 -6.673104
0.390 -1.294255
0.400 2.791432
0.410 13.521118
0.420 1.126032
0.430 0.424274
0.440 2.680863
0.450 -6.599984
0.460 -13.412869
0.470 4.641508
0.480 3.493309
0.490 14.915987
0.500 -6.127469
0.510 4.430018
0.520 4.694206
0.530 4.349585
0.540 7.569028
0.550 -8.664651
0.560 -12.657027
0.570 4.322865
0.580 -4.312938
0.590 1.637364
0.600 -11.126255
0.610 -4.137434
0.620 -2.302477
0.630 -2.175034
0.640 1.513855
0.650 1.168152
0.660 -2.926895
0.670 6.959721
0.680 1.826379
0.690 -11.417263
0.700 11.826730
0.710 2.725823
0.720 1.817857
0.730 5.826266
0.740 5.637350
0.750 5.037203
0.760 -1.244566
0.770 3.563650
0.780 -4.747385
0.790 2.265689
0.800 -3.773467
0.810 -6.665464
0.820 -9.486832
0.830 -10.828714
0.840 -1.704673
0.850 4.480052
0.860 1.467359
0.870 -7.945841
0.880 -9.750211
0.890 2.702620
0.900 9.104111
0.910 -0.293712
0.920 10.602974
0.930 5.447950
0.940 6.948472
0.950 -4.608281
0.960 4.897455
0.970 12.230713
0.980 1.178637
0.990 -4.907986
