0.000 -0.721930
0.010 8.792147
0.020 -3.051196
0.030 -3.527217
0.040 1.720465
0.050 -2.077995
0.060 5.344364
0.070 -5.182716
0.080 4.540729
0.090 7.789084
0.100 -7.159272
0.110 6.269599
0.120 -7.885504
0.130 -0.522864
0.140 10.913675
0.150 6.965403
0.160 2.684265
0.170 -1.524187
0.180 2.554786
0.190 -5.256336
0.200 0.887591
0.210 -10.983798
0.220 -3.098890
0.230 0.723597
0.240 1.003854
0.250 4.668490
0.260 0.498878
0.270 2.532375
0.280 0.125198
0.290 -6.505925
0.300 8.338424
0.310 1.760931
0.320 5.166954
0.330 3.409279
0.340 4.910717
0.350 0.865215
0.360 -5.735533
0.370 -19.103239
0.380 -22.631976
0.390 7.060888
0.400 10.983974
0.410 3.938533
0.420 -3.273894
0.430 5.280832
0.440 -3.457046
0.450 -4.621058
0.460 14.606643
0.470 0.765477
0.480 6.585964
0.490 7.431073
0.500 -17.667508
0.510 -8.156610
0.520 14.611278
0.530 3.359512
0.540 -2.830430
0.550 13.923733
0.560 16.809614
0.570 -9.868987
0.580 6.137128
0.590 -15.423868
0.600 -3.243835
0.610 -3.524898
0.620 7.448244
0.630 23.548852
0.640 5.254421
0.650 -9.588674
0.660 -2.091676
0.670 -2.403524
0.680 9.698779
0.690 -12.580139
0.700 -7.687929
0.710 -4.425594
0.720 0.741113
0.730 -1.027030
0.740 -9.196908
0.750 0.759467
0.760 -0.792412
0.770 11.410812
0.780 9.987165
0.790 -13.903961
0.800 -11.049209
0.810 8.962031
0.820 10.141968
0.830 4.648133
0.840 -1.187045
0.850 4.316093
0.860 0.550324
0.870 -10.161512
0.880 -3.865407
0.890 -4.012156
0.900 -14.292384
0.910 -10.255774
0.920 -4.176194
0.930 -6.171979
0.940 -7.640271
0.950 13.191154
0.960 4.767971
0.970 4.870978
0.980 2.044649
0.990 -2.351423
