0.000 -5.723645
0.010 -5.222694
0.020 16.443768
0.030 -9.246938
0.040 -0.318905
0.050 6.779009
0.060 3.215776
0.070 -0.206205
0.080 9.130808
0.090 -8.915455
0.100 0.555430
0.110 18.222911
0.120 2.845599
0.130 6.382404
0.140 4.800193
0.150 13.803915
0.160 11.374461
0.170 -10.416783
0.180 8.052457
0.190 2.120980
0.200 -8.253939
0.210 -11.366914
0.220 -0.524070
0.230 5.309729
0.240 0.900724
0.250 4.158708
0.260 1.619961
0.270 17.539446
0.280 9.823387
0.290 0.524410
0.300 7.182459
0.310 1.511306
0.320 -5.573052
0.330 3.984254
0.340 -6.796350
0.350 -8.531224
0.360 12.190934
0.370 10.723049
0.380 9.799416
0.390 4.990458
0.400 -2.205222
0.410 -12.528864
0.420 -6.567789
0.430 -0.528176
0.440 -1.184990
0.450 0.933115
0.460 10.513046
0.470 -8.201791
0.480 1.210000
0.490 8.331530
0.500 -16.235620
0.510 16.159546
0.520 -1.454246
0.530 3.860697
0.540 -5.023461
0.550 -8.729453
0.560 16.908160
0.570 12.039719
0.580 7.876748
0.590 -5.407218
0.600 0.422727
0.610 12.178970
0.620 -4.131476
0.630 -2.732551
0.640 -3.678956
0.650 0.664924
0.660 -5.960310
0.670 -1.865300
0.680 -2.453479
0.690 -2.224302
0.700 9.622366
0.710 0.256504
0.720 -2.076999
0.730 -0.102763
0.740 -3.526826
0.750 -11.032327
0.760 11.570153
0.770 9.492918
0.780 -5.111071
0.790 -6.662918
0.800 -5.960809
0.810 -2.987572
0.820 0.184435
0.830 -16.159269
0.840 -3.041383
0.850 -0.919556
0.860 0.668931
0.870 -0.027238
0.880 3.280885
0.890 4.845790
0.900 8.493960
0.910 -14.000959
0.920 -15.271797
0.930 -14.525221
0.940 8.455754
0.950 1.765322
0.960 -4.604673
0.970 11.491812
0.980 4.335681
0.990 13.166603
