0.000 -12.075933
0.010 15.135670
0.020 2.875385
0.030 1.680762
0.040 10.224343
0.050 -2.958408
0.060 -5.258633
0.070 -2.279445
0.080 -9.917823
0.090 4.442003
0.100 4.545542
0.110 6.320859
0.120 -1.929771
0.130 0.506962
0.140 14.476618
0.150 -6.557056
0.160 -4.828917
0.170 -6.833537
0.180 14.341092
0.190 -13.324199
0.200 6.831616
0.210 8.773786
0.220 4.094518
0.230 -1.894134
0.240 13.915031
0.250 -7.585044
0.260 -14.467204
0.270 -0.073814
0.280 -4.767600
0.290 3.877682
0.300 0.137684
0.310 -8.759464
0.320 3.024702
0.330 12.511901
0.340 -10.169148
0.350 -7.935567
0.360 -10.814627
0.370 4.407136
0.380 13.761711
0.390 -7.196077
0.400 6.385956
0.410 -14.789522
0.420 -1.591960
0.430 7.896733
0.440 3.237183
0.450 10.649129
0.460 9.606462
0.470 4.308317
0.480 -11.987994
0.490 7.628907
0.500 6.165487
0.510 0.329107
0.520 2.617086
0.530 9.075438
0.540 10.308613
0.550 11.124904
0.560 -0.738317
0.570 -1.282413
0.580 -0.381949
0.590 -3.969441
0.600 17.573617
0.610 10.868856
0.620 -5.342834
0.630 16.525171
0.640 5.215230
0.650 -9.760830
0.660 1.840462
0.670 -9.864717
0.680 -6.735881
0.690 3.538606
0.700 12.592273
0.710 4.799003
0.720 -2.176251
0.730 12.407503
0.740 -16.422520
0.750 17.036093
0.760 -0.977953
0.770 13.089510
0.780 4.803421
0.790 3.415762
0.800 14.423828
0.810 -8.378980
0.820 0.014961
0.830 -15.733151
0.840 11.656870
0.850 1.108747
0.860 11.607779
0.870 -4.161907
0.880 0.171564
0.890 -16.502847
0.900 -13.525781
0.910 15.410516
0.920 6.803328
0.930 -0.047299
0.940 1.363785
0.950 -6.742018
0.960 6.488361
0.970 -5.554628
0.980 -3.970424
0.990 5.001992
