0.000 -0.287500
0.010 -4.114866
0.020 -6.451628
0.030 5.931211
0.040 -9.215979
0.050 -5.015934
0.060 13.776878
0.070 -3.298739
0.080 1.618166
0.090 -2.482620
0.100 -12.014978
0.110 13.447646
0.120 -7.095199
0.130 9.228250
0.140 1.371474
0.150 -15.472102
0.160 6.430482
0.170 10.322112
0.180 -14.037323
0.190 3.330547
0.200 5.446687
0.210 4.147732
0.220 2.268935
0.230 9.094724
0.240 8.263249
0.250 -7.207151
0.260 -11.618493
0.270 -5.780919
0.280 -2.282878
0.290 0.419748
0.300 -3.406199
0.310 -6.685778
0.320 2.784203
0.330 -10.404335
0.340 14.156018
0.350 0.650620
0.360 -9.344375
0.370 2.756223
0.380 10.396507
0.390 -2.073378
0.400 -8.727178
0.410 2.227238
0.420 3.965144
0.430 -12.656280
0.440 7.724154
0.450 3.785949
0.460 -12.636363
0.470 -12.744423
0.480 1.898201
0.490 7.610207
0.500 -5.446764
0.510 5.903554
0.520 10.798462
0.530 9.463693
0.540 -5.861923
0.550 5.329041
0.560 -9.867743
0.570 2.627760
0.580 -0.631609
0.590 -11.098893
0.600 -6.259318
0.610 6.679174
0.620 14.114723
0.630 6.330297
0.640 7.247279
0.650 4.317258
0.660 -9.569989
0.670 1.688212
0.680 13.147304
0.690 -4.021499
0.700 8.685274
0.710 -0.500992
0.720 -9.725970
0.730 10.327885
0.740 -10.197394
0.750 -2.161029
0.760 3.460068
0.770 7.153240
0.780 12.665181
0.790 4.213203
0.800 -6.774635
0.810 1.124544
0.820 -9.915838
0.830 0.093093
0.840 5.130751
0.850 -9.576627
0.860 -5.706249
0.870 -0.672807
0.880 -6.300789
0.890 -11.449469
0.900 1.317634
0.910 9.875371
0.920 -10.949222
0.930 -7.548904
0.940 8.237762
0.950 10.931633
0.960 -8.369300
0.970 1.984118
0.980 -19.338032
0.990 2.599241
