0.000 5.095297
0.010 11.307519
0.020 -5.502167
0.030 -7.738489
0.040 -1.348151
0.050 -4.017959
0.060 -12.009174
0.070 -2.770124
0.080 2.022371
0.090 14.491674
0.100 -16.663257
0.110 -14.064178
0.120 6.295045
0.130 5.882588
0.140 11.527534
0.150 1.074807
0.160 -8.446430
0.170 2.526905
0.180 -0.318126
0.190 0.608842
0.200 16.166173
0.210 -10.266562
0.220 -0.574018
0.230 -3.286512
0.240 1.404711
0.250 -23.914446
0.260 -10.633617
0.270 -5.404293
0.280 0.638163
0.290 -13.618782
0.300 5.352150
0.310 4.166042
0.320 -2.156166
0.330 5.198393
0.340 5.012937
0.350 -18.984915
0.360 -3.155500
0.370 0.052428
0.380 -4.061963
0.390 -11.602856
0.400 0.760596
0.410 19.895770
0.420 5.857997
0.430 11.508482
0.440 -6.491038
0.450 -1.326511
0.460 -10.392641
0.470 -0.852946
0.480 -1.431655
0.490 -0.149961
0.500 -11.525157
0.510 11.171683
0.520 -4.171537
0.530 8.744887
0.540 -20.169703
0.550 1.946025
0.560 -4.589376
0.570 -2.417012
0.580 -1.378408
0.590 -6.919806
0.600 -9.034515
0.610 6.966553
0.620 -7.249580
0.630 1.442689
0.640 0.989229
0.650 -5.506001
0.660 14.271924
0.670 3.773332
0.680 7.687542
0.690 10.691225
0.700 -3.750926
0.710 -6.369445
0.720 -11.341013
0.730 -10.722660
0.740 -5.566973
0.750 -3.792037
0.760 4.285519
0.770 -6.111013
0.780 -4.045128
0.790 -5.670162
0.800 3.183229
0.810 -14.268637
0.820 -6.806780
0.830 -3.156368
0.840 -6.359850
0.850 -10.278071
0.860 5.170714
0.870 15.565885
0.880 11.077760
0.890 15.238845
0.900 1.106329
0.910 -8.162375
0.920 2.685760
0.930 -14.437025
0.940 6.123213
0.950 -4.490675
0.960 11.048288
0.970 5.795535
0.980 -7.949486
0.990 2.335102
