0.000 0.824446
0.010 2.924470
0.020 1.525672
0.030 1.261776
0.040 3.422198
0.050 -4.843621
0.060 3.124624
0.070 10.085468
0.080 -5.744328
0.090 -14.050200
0.100 4.082642
0.110 1.501321
0.120 -7.061400
0.130 14.994206
0.140 -6.003569
0.150 -7.546451
0.160 -8.084395
0.170 11.132105
0.180 0.841182
0.190 -3.042311
0.200 -5.367744
0.210 -5.524335
0.220 -1.271898
0.230 9.264662
0.240 -1.556568
0.250 -2.665241
0.260 13.200050
0.270 1.246274
0.280 1.877882
0.290 5.019082
0.300 -2.264079
0.310 3.576985
0.320 -4.425292
0.330 -5.435225
0.340 11.597828
0.350 -9.998582
0.360 2.008901
0.370 4.011723
0.380 4.950868
0.390 -5.825069
0.400 -2.135297
0.410 -9.989962
0.420 -3.799780
0.430 7.776742
0.440 -7.429012
0.450 -7.621357
0.460 3.997818
0.470 -12.236707
0.480 4.194480
0.490 6.025732
0.500 16.784556
0.510 10.330649
0.520 3.710978
0.530 -9.767954
0.540 17.893584
0.550 4.288586
0.560 1.816116
0.570 -6.181664
0.580 4.037316
0.590 0.536482
0.600 4.922486
0.610 -3.434670
0.620 -18.641247
0.630 0.570453
0.640 6.768310
0.650 -0.671307
0.660 -18.572040
0.670 -8.213747
0.680 -14.110268
0.690 1.358203
0.700 13.158940
0.710 1.166514
0.720 16.519571
0.730 6.279574
0.740 -2.800845
0.750 -0.024460
0.760 15.428912
0.770 -0.156747
0.780 -10.873380
0.790 5.294835
0.800 -14.483800
0.810 12.909940
0.820 10.299902
0.830 -6.902066
0.840 -5.413418
0.850 -2.288005
0.860 9.310054
0.870 13.311779
0.880 1.214955
0.890 7.187336
0.900 -5.910068
0.910 10.334704
0.920 5.844305
0.930 -5.923926
0.940 3.110041
0.950 -5.880830
0.960 11.395721
0.970 11.983807
0.980 -2.908459
0.990 7.611438
