0.000 -16.090299
0.010 -1.080846
0.020 -19.913616
0.030 15.031984
0.040 12.020081
0.050 3.450418
0.060 -5.109939
0.070 0.696819
0.080 -5.346627
0.090 -6.701702
0.100 -7.688923
0.110 2.063488
0.120 -9.018376
0.130 9.213062
0.140 -10.839683
0.150 -6.682605
0.160 4.706319
0.170 5.762729
0.180 8.075383
0.190 -3.499657
0.200 9.570058
0.210 -11.267467
0.220 4.168228
0.230 -4.221707
0.240 -11.678030
0.250 -2.905513
0.260 -9.882356
0.270 9.686432
0.280 -0.545753
0.290 -0.626393
0.300 3.822744
0.310 13.685876
0.320 2.851121
0.330 10.911673
0.340 -10.396375
0.350 4.785540
0.360 3.847466
0.370 -3.156168
0.380 3.245731
0.390 2.066072
0.400 -7.838666
0.410 -16.547893
0.420 -7.237106
0.430 -4.667028
0.440 -4.436585
0.450 9.106094
0.460 -2.151108
0.470 2.507028
0.480 3.999367
0.490 15.927427
0.500 7.773993
0.510 3.197954
0.520 5.019843
0.530 -1.150015
0.540 7.032246
0.550 -7.587398
0.560 7.960703
0.570 8.207273
0.580 -3.362636
0.590 -6.350929
0.600 5.803635
0.610 5.091313
0.620 -0.891892
0.630 4.948482
0.640 4.622283
0.650 0.212894
0.660 5.376019
0.670 2.309165
0.680 -1.817484
0.690 12.664981
0.700 -3.947766
0.710 9.440380
0.720 1.841775
0.730 -8.761420
0.740 9.721732
0.750 12.709558
0.760 16.315836
0.770 2.735906
0.780 17.491937
0.790 -1.611548
0.800 -2.355044
0.810 7.969321
0.820 -2.604130
0.830 10.231738
0.840 -7.192574
0.850 -4.808165
0.860 -5.573526
0.870 -13.058773
0.880 13.597830
0.890 5.527572
0.900 3.091575
0.910 3.204699
0.920 4.210049
0.930 -4.040650
0.940 -7.011569
0.950 -5.299519
0.960 9.354491
0.970 3.528091
0.980 12.096160
0.990 -3.511922
