0.000 3.304538
0.010 -5.252563
0.020 5.543331
0.030 -2.343629
0.040 -2.004271
0.050 9.261869
0.060 -8.101088
0.070 -1.665418
0.080 -11.991597
0.090 -7.809814
0.100 -3.843846
0.110 19.240660
0.120 -10.639642
0.130 12.113621
0.140 -1.314785
0.150 13.307386
0.160 -11.517194
0.170 -7.797389
0.180 -3.483914
0.190 1.003762
0.200 5.933414
0.210 -19.052373
0.220 -5.056322
0.230 16.892467
0.240 11.022097
0.250 -4.575685
0.260 12.078487
0.270 -1.273564
0.280 -2.015919
0.290 -3.668926
0.300 4.697602
0.310 -9.854624
0.320 5.788993
0.330 -5.859190
0.340 9.711574
0.350 -1.408652
0.360 -8.023905
0.370 9.523473
0.380 -8.313180
0.390 7.643809
0.400 10.086471
0.410 -6.545146
0.420 -2.664067
0.430 5.083031
0.440 13.173845
0.450 12.099569
0.460 -2.921022
0.470 -12.399259
0.480 -5.364757
0.490 -6.295968
0.500 9.575779
0.510 -6.656970
0.520 -1.005553
0.530 -1.347089
0.540 -6.370307
0.550 4.885460
0.560 -0.017705
0.570 8.255239
0.580 3.151439
0.590 0.539470
0.600 3.529943
0.610 -5.902416
0.620 20.173722
0.630 -2.396670
0.640 -9.672437
0.650 12.525094
0.660 -9.665042
0.670 -0.881354
0.680 -10.188006
0.690 -8.984301
0.700 6.200164
0.710 15.079753
0.720 -12.566081
0.730 -10.230508
0.740 -8.267346
0.750 2.255577
0.760 17.133251
0.770 -7.075453
0.780 -1.637065
0.790 0.230005
0.800 -2.662148
0.810 -4.517567
0.820 1.929105
0.830 12.630587
0.840 -0.445446
0.850 -2.705678
0.860 -16.691453
0.870 10.671464
0.880 0.589231
0.890 4.811579
0.900 4.633878
0.910 7.640228
0.920 8.012892
0.930 -9.082311
0.940 10.109172
0.950 5.060450
0.960 4.757209
0.970 0.668991
0.980 -4.121019
0.990 -0.650561
