0.000 -4.112010
0.010 14.419844
0.020 0.353893
0.030 0.329452
0.040 0.208763
0.050 -7.186033
0.060 -6.693789
0.070 2.216717
0.080 12.502943
0.090 -4.284143
0.100 -4.192552
0.110 -2.265195
0.120 5.059222
0.130 -3.184970
0.140 -12.182226
0.150 16.534331
0.160 -11.265813
0.170 1.777421
0.180 -4.214280
0.190 -5.144494
0.200 -5.357920
0.210 11.278540
0.220 0.876439
0.230 -2.524522
0.240 -6.859939
0.250 3.749200
0.260 -19.948783
0.270 7.369274
0.280 -8.643091
0.290 -4.759015
0.300 -2.609385
0.310 -14.355937
0.320 -19.557888
0.330 -12.174081
0.340 -2.091177
0.350 0.099444
0.360 -4.090785
0.370 -4.227687
0.380 -0.111870
0.390 -11.345605
0.400 5.259622
0.410 1.772549
0.420 10.459212
0.430 10.455070
0.440 12.205455
0.450 -13.127887
0.460 3.686190
0.470 10.276611
0.480 2.711846
0.490 -3.160008
0.500 13.868009
0.510 2.240727
0.520 -3.048422
0.530 13.037290
0.540 -3.755679
0.550 8.967956
0.560 -0.350576
0.570 0.815983
0.580 -4.910903
0.590 0.914382
0.600 -3.829028
0.610 -2.382231
0.620 -0.957337
0.630 9.514210
0.640 3.615174
0.650 0.927017
0.660 15.168553
0.670 0.866529
0.680 2.466502
0.690 1.893231
0.700 -6.972319
0.710 -5.480469
0.720 -0.134652
0.730 0.795665
0.740 6.072043
0.750 13.909893
0.760 -8.137990
0.770 11.572668
0.780 13.332811
0.790 -13.551927
0.800 7.197710
0.810 -5.701737
0.820 -7.226268
0.830 -4.110540
0.840 0.481586
0.850 -9.473209
0.860 4.342694
0.870 -3.391999
0.880 -4.525694
0.890 -2.240558
0.900 6.778672
0.910 7.634560
0.920 -0.835362
0.930 9.240832
0.940 -5.492601
0.950 0.027805
0.960 -5.967677
0.970 -3.317104
0.980 2.938192
0.990 -8.038783
