0.000 -4.035473
0.010 6.507964
0.020 -7.031829
0.030 -13.822505
0.040 -7.673142
0.050 12.546291
0.060 5.046402
0.070 6.604188
0.080 11.649769
0.090 -22.626515
0.100 0.981198
0.110 7.747803
0.120 6.624806
0.130 5.446754
0.140 2.906418
0.150 14.199244
0.160 -13.390899
0.170 -1.033789
0.180 3.706620
0.190 -6.156390
0.200 -7.465211
0.210 16.299510
0.220 16.123413
0.230 3.869871
0.240 -7.831310
0.250 13.657097
0.260 -3.076870
0.270 -0.851178
0.280 1.220188
0.290 -3.065979
0.300 -0.838902
0.310 -4.978607
0.320 4.561252
0.330 2.367299
0.340 -14.912732
0.350 2.370025
0.360 -4.885756
0.370 -1.787033
0.380 14.103887
0.390 -10.573721
0.400 4.697576
0.410 13.961757
0.420 -1.586878
0.430 7.954227
0.440 2.382927
0.450 -2.047749
0.460 -1.883306
0.470 -14.563804
0.480 4.979549
0.490 2.591080
0.500 8.142842
0.510 -4.082402
0.520 -1.552138
0.530 -9.763632
0.540 -10.132599
0.550 -14.547741
0.560 -15.528375
0.570 -11.279391
0.580 6.406212
0.590 -5.245798
0.600 10.824869
0.610 13.252318
0.620 -1.942962
0.630 -5.281690
0.640 6.224221
0.650 12.793363
0.660 -8.341243
0.670 5.970938
0.680 -11.545200
0.690 0.454395
0.700 19.247466
0.710 11.430746
0.720 -6.650173
0.730 5.307371
0.740 3.618812
0.750 10.714984
0.760 14.087451
0.770 0.060821
0.780 -4.836146
0.790 14.472724
0.800 9.657990
0.810 -2.478656
0.820 2.822303
0.830 1.353009
0.840 -7.135557
0.850 -11.344020
0.860 2.607711
0.870 -5.317508
0.880 8.997801
0.890 17.949697
0.900 3.875724
0.910 5.790403
0.920 -1.860772
0.930 -2.658337
0.940 -0.093538
0.950 6.401987
0.960 -6.081765
0.970 0.345056
0.980 -9.078070
0.990 15.996117
