0.000 1.435546
0.010 8.259503
0.020 0.518132
0.030 8.918390
0.040 -9.041665
0.050 0.675161
0.060 -5.287215
0.070 -2.387119
0.080 -13.474053
0.090 1.217716
0.100 8.471401
0.110 8.686226
0.120 3.638543
0.130 -5.496508
0.140 4.765284
0.150 -11.388700
0.160 1.330030
0.170 1.293454
0.180 16.389770
0.190 0.236382
0.200 1.252875
0.210 0.282058
0.220 -2.484525
0.230 10.281035
0.240 -4.627232
0.250 8.683591
0.260 0.139614
0.270 6.758310
0.280 -3.433524
0.290 -7.685399
0.300 7.462929
0.310 -12.974985
0.320 -5.278405
0.330 -5.574409
0.340 -10.066129
0.350 -8.200656
0.360 -9.803906
0.370 -2.798670
0.380 5.196659
0.390 4.184566
0.400 9.652454
0.410 -8.178072
0.420 3.709723
0.430 17.644132
0.440 0.692466
0.450 1.823830
0.460 6.176003
0.470 11.260061
0.480 -2.568863
0.490 1.664182
0.500 6.090138
0.510 -0.784679
0.520 2.764014
0.530 -16.809188
0.540 2.934159
0.550 8.986202
0.560 -1.893748
0.570 -10.667168
0.580 9.126048
0.590 5.539452
0.600 -2.275540
0.610 -0.371051
0.620 11.804893
0.630 -2.616112
0.640 7.022367
0.650 9.753648
0.660 -3.695683
0.670 10.735783
0.680 -1.231658
0.690 -4.058164
0.700 -14.228301
0.710 0.516751
0.720 -1.409897
0.730 1.460788
0.740 -10.949794
0.750 1.295708
0.760 -3.909690
0.770 3.190659
0.780 -0.952507
0.790 8.271887
0.800 -5.330569
0.810 7.124569
0.820 -5.229736
0.830 -21.289656
0.840 -9.938555
0.850 17.538490
0.860 4.223856
0.870 8.825143
0.880 -1.031059
0.890 4.262095
0.900 7.597848
0.910 -1.994255
0.920 5.719138
0.930 8.844014
0.940 -11.461743
0.950 -5.738093
0.960 9.862528
0.970 -5.858330
0.980 6.442963
0.990 -4.994888
