0.000 -10.506373
0.010 -4.215360
0.020 3.586943
0.030 -3.440962
0.040 6.592424
0.050 9.902133
0.060 8.228027
0.070 0.233835
0.080 -17.936560
0.090 -2.584060
0.100 8.179411
0.110 3.297670
0.120 0.587900
0.130 13.417679
0.140 2.583756
0.150 10.109395
0.160 4.781776
0.170 11.145855
0.180 -12.662515
0.190 -7.854769
0.200 15.596194
0.210 1.176784
0.220 -6.549625
0.230 0.376831
0.240 6.832021
0.250 -1.878500
0.260 3.984838
0.270 -1.429940
0.280 -4.841182
0.290 3.350273
0.300 3.808239
0.310 0.117008
0.320 -6.700860
0.330 -2.391835
0.340 -6.489783
0.350 -1.834106
0.360 7.457995
0.370 7.972876
0.380 -6.529636
0.390 10.063133
0.400 -10.270432
0.410 8.011847
0.420 5.932300
0.430 -5.688814
0.440 0.387991
0.450 4.833231
0.460 -0.713412
0.470 -3.295404
0.480 -1.343643
0.490 2.443789
0.500 4.565425
0.510 0.505826
0.520 -3.106328
0.530 3.914267
0.540 -4.773992
0.550 -10.016614
0.560 4.077212
0.570 4.674231
0.580 -5.790785
0.590 -9.722247
0.600 -5.514262
0.610 8.489605
0.620 -15.290029
0.630 -10.136282
0.640 -15.814046
0.650 4.399695
0.660 -8.199314
0.670 -11.458296
0.680 -1.470721
0.690 6.345997
0.700 -9.609756
0.710 6.771127
0.720 3.027984
0.730 7.344929
0.740 -2.994174
0.750 5.128022
0.760 -2.326752
0.770 0.258199
0.780 12.112187
0.790 -1.844436
0.800 -2.948552
0.810 10.326618
0.820 -1.933309
0.830 8.062472
0.840 5.438348
0.850 9.489690
0.860 -1.507797
0.870 -5.667628
0.880 -0.374206
0.890 -4.804810
0.900 5.747326
0.910 -7.109927
0.920 -4.452536
0.930 -4.913874
0.940 8.311543
0.950 -10.781218
0.960 8.716365
0.970 -3.494151
0.980 -1.390212
0.990 -2.326690
