0.000 8.048316
0.010 2.644935
0.020 4.863404
0.030 -6.983387
0.040 12.808099
0.050 5.854005
0.060 9.892085
0.070 -11.145326
0.080 -5.545697
0.090 -2.093770
0.100 8.210245
0.110 -7.629785
0.120 7.510451
0.130 -1.340673
0.140 -5.218089
0.150 7.362222
0.160 -12.996868
0.170 -21.654179
0.180 -8.303448
0.190 -2.042327
0.200 -9.776249
0.210 -2.727932
0.220 8.771269
0.230 -11.976538
0.240 -3.073152
0.250 6.245554
0.260 -0.697307
0.270 -0.653993
0.280 -0.720435
0.290 11.948062
0.300 0.098725
0.310 -18.846698
0.320 -9.393710
0.330 5.369043
0.340 -3.541232
0.350 11.244866
0.360 4.688377
0.370 -2.877951
0.380 8.677816
0.390 10.947545
0.400 -4.550205
0.410 -14.052971
0.420 -6.339020
0.430 6.134542
0.440 -9.612027
0.450 -17.102119
0.460 -9.861375
0.470 -21.129939
0.480 10.723642
0.490 3.030863
0.500 9.397042
0.510 7.554449
0.520 -4.712792
0.530 6.753006
0.540 3.993122
0.550 -1.087173
0.560 9.342355
0.570 7.443575
0.580 4.836629
0.590 -9.398728
0.600 6.036748
0.610 8.028447
0.620 -4.342676
0.630 14.735866
0.640 3.713109
0.650 4.827502
0.660 6.743822
0.670 5.404358
0.680 7.832743
0.690 17.079851
0.700 -10.716773
0.710 -4.924070
0.720 -8.581633
0.730 5.523473
0.740 4.958836
0.750 2.890893
0.760 -4.820043
0.770 5.682618
0.780 1.088564
0.790 -1.014840
0.800 -15.774715
0.810 -0.513381
0.820 0.639444
0.830 10.026133
0.840 -4.226026
0.850 -9.388120
0.860 -3.437167
0.870 8.786382
0.880 5.462216
0.890 5.662233
0.900 3.822479
0.910 -5.484441
0.920 3.171133
0.930 0.636365
0.940 -3.443142
0.950 -5.589328
0.960 -7.073699
0.970 23.415547
0.980 10.051802
0.990 5.210845
