0.000 1.837365
0.010 5.137236
0.020 3.172994
0.030 -9.581929
0.040 11.142373
0.050 6.063048
0.060 -2.773951
0.070 9.314396
0.080 -3.127507
0.090 -4.448344
0.100 6.211561
0.110 10.618497
0.120 7.382748
0.130 4.136188
0.140 -2.965997
0.150 7.761993
0.160 -10.432280
0.170 8.527066
0.180 2.253471
0.190 7.953872
0.200 2.301968
0.210 -1.997161
0.220 4.055408
0.230 -11.877489
0.240 9.354765
0.250 -9.853570
0.260 -12.508153
0.270 -1.629425
0.280 6.562542
0.290 -22.219872
0.300 5.175583
0.310 -2.387093
0.320 4.414206
0.330 5.918910
0.340 -7.032841
0.350 0.222056
0.360 -12.685679
0.370 -12.478267
0.380 -9.105215
0.390 -6.990151
0.400 -10.172582
0.410 0.828676
0.420 5.566992
0.430 -4.576522
0.440 -7.226742
0.450 4.069545
0.460 10.738199
0.470 2.208871
0.480 -0.118645
0.490 -12.601706
0.500 7.559388
0.510 6.705290
0.520 -17.910996
0.530 2.561212
0.540 -3.861237
0.550 0.022183
0.560 14.853818
0.570 3.819559
0.580 1.080012
0.590 8.032208
0.600 9.172406
0.610 3.080357
0.620 -0.162583
0.630 0.528581
0.640 -11.277275
0.650 6.635213
0.660 15.499261
0.670 9.981110
0.680 9.707494
0.690 7.441762
0.700 -2.177130
0.710 1.360720
0.720 9.122887
0.730 -13.618649
0.740 13.403454
0.750 -10.755477
0.760 1.428620
0.770 2.116000
0.780 -4.796788
0.790 -2.147553
0.800 7.335445
0.810 -1.961362
0.820 -5.617420
0.830 -4.332570
0.840 -7.945368
0.850 -11.143092
0.860 -6.477222
0.870 5.671314
0.880 7.388395
0.890 6.508931
0.900 -0.864840
0.910 3.964046
0.920 -0.593066
0.930 4.119638
0.940 -7.921790
0.950 -2.334986
0.960 -11.195199
0.970 -3.301882
0.980 -5.078290
0.990 7.272505
