0.000 -3.969788
0.010 -6.205462
0.020 6.924401
0.030 1.902666
0.040 10.653649
0.050 11.886435
0.060 -15.751417
0.070 2.541655
0.080 4.478902
0.090 -0.947937
0.100 -1.413730
0.110 -8.338384
0.120 -9.886382
0.130 2.254965
0.140 -5.791463
0.150 -1.695328
0.160 -9.958486
0.170 0.053043
0.180 -6.959023
0.190 2.066711
0.200 -6.759422
0.210 10.842543
0.220 -2.829115
0.230 -7.800568
0.240 5.182507
0.250 -16.660898
0.260 -19.186460
0.270 -8.455109
0.280 -7.973030
0.290 7.484309
0.300 6.709011
0.310 5.909040
0.320 -1.832557
0.330 1.596078
0.340 -0.956419
0.350 2.500808
0.360 -4.040594
0.370 11.294683
0.380 4.934198
0.390 3.173855
0.400 -18.860505
0.410 0.970376
0.420 -9.333378
0.430 5.745468
0.440 -10.542881
0.450 16.006862
0.460 -1.198269
0.470 4.105004
0.480 -3.041157
0.490 9.722978
0.500 -0.034584
0.510 -5.170696
0.520 0.103930
0.530 -1.301511
0.540 -1.200773
0.550 14.331696
0.560 -3.113323
0.570 5.812588
0.580 2.098093
0.590 -11.751606
0.600 9.522110
0.610 2.934454
0.620 -0.165831
0.630 2.673525
0.640 2.819159
0.650 -10.609842
0.660 14.489218
0.670 -13.064300
0.680 0.319764
0.690 4.354024
0.700 -3.491098
0.710 15.451609
0.720 -12.463541
0.730 7.043003
0.740 -1.338654
0.750 2.501221
0.760 2.866360
0.770 -0.085211
0.780 7.993647
0.790 -17.406975
0.800 -7.791125
0.810 -23.456160
0.820 1.862828
0.830 2.846635
0.840 -3.014491
0.850 -1.335831
0.860 -3.287984
0.870 -7.026377
0.880 -2.024677
0.890 7.855944
0.900 -16.277627
0.910 -12.659649
0.920 7.581373
0.930 0.965718
0.940 -15.311204
0.950 -5.680546
0.960 2.734365
0.970 -22.477112
0.980 0.761796
0.990 2.917188
