0.000 13.253829
0.010 10.911450
0.020 -1.533872
0.030 -4.386038
0.040 -14.273921
0.050 -16.594903
0.060 7.692299
0.070 -1.396916
0.080 -11.495493
0.090 3.671981
0.100 15.263889
0.110 9.776052
0.120 -5.446276
0.130 2.748178
0.140 -7.954089
0.150 9.797551
0.160 -4.940697
0.170 -4.469675
0.180 4.060410
0.190 3.184405
0.200 6.264643
0.210 -5.105530
0.220 1.522346
0.230 6.194966
0.240 -6.727913
0.250 8.442220
0.260 4.501142
0.270 3.438523
0.280 -10.941031
0.290 -8.119148
0.300 -4.561401
0.310 -1.573668
0.320 -0.354829
0.330 3.909167
0.340 11.818625
0.350 0.911568
0.360 -7.274364
0.370 -13.208960
0.380 -1.120906
0.390 -6.298136
0.400 8.016185
0.410 2.117617
0.420 4.866494
0.430 3.369397
0.440 20.762986
0.450 -7.277043
0.460 4.168117
0.470 -4.469915
0.480 -0.322633
0.490 -3.592559
0.500 -14.553762
0.510 -14.476486
0.520 -18.380264
0.530 1.888502
0.540 2.177156
0.550 3.315668
0.560 -1.046324
0.570 3.329061
0.580 -8.608591
0.590 -2.650624
0.600 2.240140
0.610 -4.427262
0.620 -1.637171
0.630 1.824202
0.640 -2.112970
0.650 -5.726895
0.660 -4.127100
0.670 -4.110647
0.680 -2.771519
0.690 -2.126938
0.700 0.797957
0.710 7.011658
0.720 -7.166850
0.730 4.046831
0.740 7.246794
0.750 -3.657473
0.760 5.462963
0.770 -9.286588
0.780 1.115367
0.790 2.734172
0.800 3.331580
0.810 4.486636
0.820 -6.566969
0.830 1.408045
0.840 2.207775
0.850 -9.056107
0.860 5.267259
0.870 -11.674437
0.880 10.905648
0.890 -1.110382
0.900 -14.063557
0.910 2.269885
0.920 -6.539608
0.930 -6.687193
0.940 -2.692245
0.950 -5.548642
0.960 -6.582104
0.970 0.460547
0.980 -2.439046
0.990 0.101243
