0.000 -6.970907
0.010 -11.779501
0.020 10.047137
0.030 10.052258
0.040 11.272041
0.050 -18.062322
0.060 -15.033090
0.070 6.312814
0.080 -0.061209
0.090 -1.512689
0.100 -10.265792
0.110 4.417394
0.120 -11.182184
0.130 5.036453
0.140 -6.473211
0.150 9.879980
0.160 -0.816107
0.170 6.171250
0.180 2.901038
0.190 -2.423589
0.200 -15.842932
0.210 -6.296968
0.220 6.087045
0.230 -7.517897
0.240 3.921878
0.250 -9.443804
0.260 -2.261346
0.270 1.139281
0.280 -13.451457
0.290 8.912582
0.300 -9.167928
0.310 -6.888220
0.320 5.655751
0.330 9.780580
0.340 -7.674833
0.350 7.022660
0.360 6.471237
0.370 -16.925696
0.380 -4.327697
0.390 -11.930423
0.400 1.499902
0.410 1.123821
0.420 6.449143
0.430 6.345768
0.440 -7.748076
0.450 -2.067738
0.460 -4.630344
0.470 -0.697876
0.480 -11.235825
0.490 -7.450608
0.500 -4.353739
0.510 -2.677470
0.520 -12.943461
0.530 2.798911
0.540 1.200216
0.550 -7.223648
0.560 3.248614
0.570 -0.978950
0.580 -9.767607
0.590 8.647074
0.600 -0.470225
0.610 1.402239
0.620 -0.879527
0.630 -8.205196
0.640 2.815607
0.650 4.396405
0.660 1.366349
0.670 -6.636082
0.680 -12.129464
0.690 15.702146
0.700 7.534129
0.710 -8.543007
0.720 -6.844164
0.730 -3.639763
0.740 -3.903836
0.750 3.018469
0.760 16.761334
0.770 1.167222
0.780 1.037019
0.790 3.095729
0.800 -5.069459
0.810 5.497039
0.820 11.618027
0.830 -3.133807
0.840 -2.637287
0.850 2.648207
0.860 -19.777047
0.870 -4.423797
0.880 6.262045
0.890 0.608523
0.900 -0.425111
0.910 -0.391878
0.920 -5.086687
0.930 -8.286079
0.940 -7.000063
0.950 10.541440
0.960 1.862909
0.970 11.448677
0.980 6.202182
0.990 8.223665
