0.000 -0.196396
0.010 3.519782
0.020 2.053429
0.030 -1.879810
0.040 13.182466
0.050 -6.902569
0.060 0.941250
0.070 -2.928781
0.080 10.962632
0.090 1.625475
0.100 7.222041
0.110 9.688781
0.120 -1.370709
0.130 -4.860879
0.140 4.017421
0.150 2.511088
0.160 -9.661216
0.170 1.988012
0.180 -1.015228
0.190 1.265537
0.200 5.328609
0.210 -3.785038
0.220 -0.994490
0.230 -11.486494
0.240 -5.807628
0.250 3.238902
0.260 -0.569292
0.270 3.747596
0.280 4.702797
0.290 2.989960
0.300 -7.799019
0.310 3.013015
0.320 -7.237575
0.330 2.213351
0.340 18.015452
0.350 -8.832922
0.360 -7.220857
0.370 0.634995
0.380 -5.745546
0.390 15.676748
0.400 -2.870301
0.410 1.952363
0.420 4.131480
0.430 10.959094
0.440 -14.319874
0.450 1.296555
0.460 -9.656157
0.470 -15.929447
0.480 19.421402
0.490 8.818696
0.500 -7.713959
0.510 -4.569500
0.520 -3.662674
0.530 -10.108896
0.540 4.131680
0.550 5.677897
0.560 -0.955963
0.570 -2.742092
0.580 13.225131
0.590 -2.200316
0.600 -6.043024
0.610 8.881333
0.620 -16.149385
0.630 -6.903113
0.640 -12.112673
0.650 15.434730
0.660 -5.250569
0.670 -5.939587
0.680 6.951643
0.690 6.242247
0.700 10.950987
0.710 6.446271
0.720 -12.631436
0.730 1.018332
0.740 -2.981636
0.750 -9.443974
0.760 -5.159977
0.770 -6.177667
0.780 -6.342215
0.790 1.644710
0.800 12.695563
0.810 -5.962301
0.820 9.460377
0.830 -2.859041
0.840 -6.354089
0.850 -1.310588
0.860 1.635769
0.870 11.420132
0.880 -1.968988
0.890 6.677440
0.900 6.488093
0.910 1.242806
0.920 -6.484524
0.930 0.321837
0.940 -0.740669
0.950 1.885073
0.960 -5.904905
0.970 -5.112774
0.980 15.507645
0.990 6.846743
