0.000 -6.590651
0.010 1.863454
0.020 11.930964
0.030 8.469607
0.040 6.339240
0.050 -7.352888
0.060 9.249116
0.070 8.978363
0.080 -11.818152
0.090 -14.371845
0.100 -3.890335
0.110 -2.666128
0.120 16.868393
0.130 -4.407467
0.140 7.628204
0.150 -7.592502
0.160 -0.732975
0.170 10.916479
0.180 0.123771
0.190 -5.228431
0.200 -6.084118
0.210 -10.540499
0.220 0.882742
0.230 -1.671436
0.240 1.157865
0.250 -1.103910
0.260 5.842813
0.270 -7.022139
0.280 1.894237
0.290 -2.708085
0.300 1.111277
0.310 1.207749
0.320 -10.811064
0.330 -6.420343
0.340 -7.537931
0.350 0.281766
0.360 -14.055901
0.370 -0.036344
0.380 -20.825051
0.390 -7.524287
0.400 6.446798
0.410 -4.729297
0.420 4.002749
0.430 9.542252
0.440 3.721091
0.450 10.049787
0.460 -3.261091
0.470 27.214126
0.480 -2.089096
0.490 12.086782
0.500 0.903287
0.510 3.516291
0.520 6.235266
0.530 -7.370984
0.540 8.235238
0.550 0.395057
0.560 3.005856
0.570 -14.880209
0.580 -0.211143
0.590 -1.467871
0.600 0.662899
0.610 -7.725463
0.620 4.000246
0.630 -2.973292
0.640 -16.676804
0.650 -5.084587
0.660 -4.369563
0.670 -1.410916
0.680 -1.251086
0.690 -2.917458
0.700 -1.348308
0.710 -4.529371
0.720 4.934236
0.730 10.266347
0.740 -11.229444
0.750 4.664449
0.760 -9.171328
0.770 2.890442
0.780 8.422800
0.790 9.182858
0.800 -6.477886
0.810 -1.025945
0.820 10.880686
0.830 -4.982385
0.840 3.775187
0.850 7.175654
0.860 -2.337478
0.870 3.904573
0.880 2.007496
0.890 7.010997
0.900 -10.384501
0.910 0.170735
0.920 0.805105
0.930 -0.401460
0.940 1.623528
0.950 6.308733
0.960 -8.380864
0.970 13.407373
0.980 -8.042171
0.990 3.777823
