0.000 -2.511464
0.010 1.160311
0.020 0.043227
0.030 6.659209
0.040 5.513496
0.050 0.686197
0.060 -1.773583
0.070 10.185953
0.080 4.313491
0.090 -4.638937
0.100 5.086854
0.110 5.227820
0.120 -6.931876
0.130 -12.761800
0.140 -16.303765
0.150 -11.301176
0.160 -16.360752
0.170 8.409473
0.180 1.324060
0.190 -1.524814
0.200 1.257315
0.210 0.344025
0.220 -23.191425
0.230 6.167543
0.240 8.658765
0.250 -3.715419
0.260 -10.824022
0.270 -3.200516
0.280 -3.269570
0.290 1.915182
0.300 -7.819854
0.310 -9.110345
0.320 -7.829489
0.330 -1.435098
0.340 7.959661
0.350 -3.369739
0.360 8.334146
0.370 4.411963
0.380 10.820780
0.390 8.486021
0.400 7.839993
0.410 -10.172677
0.420 -0.942510
0.430 8.109338
0.440 -1.831869
0.450 -5.184488
0.460 -2.018940
0.470 7.992675
0.480 3.903486
0.490 -1.000051
0.500 -3.146910
0.510 -7.069130
0.520 15.728077
0.530 -10.419784
0.540 -0.628712
0.550 5.677103
0.560 5.107892
0.570 -4.153496
0.580 -9.525048
0.590 13.241457
0.600 -9.026848
0.610 3.233544
0.620 4.592532
0.630 5.247753
0.640 -5.744004
0.650 22.610011
0.660 1.102272
0.670 9.715968
0.680 -1.661478
0.690 -1.943683
0.700 -2.747025
0.710 4.261677
0.720 7.705354
0.730 7.304976
0.740 0.409917
0.750 13.573418
0.760 4.756131
0.770 1.531355
0.780 -0.854237
0.790 16.138988
0.800 -6.691779
0.810 -7.389229
0.820 -12.146898
0.830 -11.783006
0.840 -7.326715
0.850 5.504693
0.860 -8.330966
0.870 2.528538
0.880 -11.157800
0.890 -13.282143
0.900 -9.463702
0.910 1.276888
0.920 2.794775
0.930 8.734963
0.940 10.979638
0.950 -2.464582
0.960 10.968580
0.970 -5.395468
0.980 -6.439604
0.990 1.915918
