0.000 23.356898
0.010 1.646469
0.020 3.114159
0.030 -2.876096
0.040 -11.516129
0.050 -6.814209
0.060 2.984671
0.070 5.283681
0.080 -4.320559
0.090 0.231790
0.100 -0.340464
0.110 7.243391
0.120 -6.733123
0.130 1.417641
0.140 -2.339599
0.150 10.098657
0.160 4.792518
0.170 2.798944
0.180 -10.259943
0.190 5.927704
0.200 2.521870
0.210 1.877424
0.220 -15.062855
0.230 -1.156251
0.240 -8.648993
0.250 4.257980
0.260 12.664830
0.270 -8.652168
0.280 -12.353367
0.290 -1.160489
0.300 5.475387
0.310 -4.370959
0.320 8.010501
0.330 9.128758
0.340 9.680448
0.350 4.087991
0.360 -6.602193
0.370 11.256271
0.380 5.810685
0.390 -0.772769
0.400 -13.101205
0.410 15.368592
0.420 -4.501939
0.430 9.325972
0.440 -5.667523
0.450 7.598617
0.460 -0.627617
0.470 10.115833
0.480 9.602908
0.490 -3.589545
0.500 13.475746
0.510 -6.424343
0.520 -12.802390
0.530 2.050528
0.540 -2.180585
0.550 -9.192221
0.560 14.417297
0.570 9.353660
0.580 0.227651
0.590 -9.285381
0.600 3.508481
0.610 -1.163277
0.620 12.338818
0.630 -3.857414
0.640 -2.840314
0.650 1.564287
0.660 4.459580
0.670 1.056470
0.680 9.079784
0.690 -6.388676
0.700 -6.953902
0.710 4.222885
0.720 -11.873463
0.730 -21.288017
0.740 5.463136
0.750 5.563329
0.760 8.079584
0.770 11.643229
0.780 -3.443526
0.790 6.693514
0.800 -9.121933
0.810 -16.859784
0.820 -20.053946
0.830 -17.282980
0.840 9.438382
0.850 15.754508
0.860 -1.681423
0.870 -7.622965
0.880 -3.380453
0.890 5.197367
0.900 0.080422
0.910 -1.637984
0.920 5.693839
0.930 12.156933
0.940 -10.287174
0.950 7.699528
0.960 0.885582
0.970 -17.741849
0.980 12.806916
0.990 0.788381
