0.000 -5.911966
0.010 14.607717
0.020 -7.943023
0.030 -4.137965
0.040 3.079212
0.050 4.122219
0.060 1.914450
0.070 -0.274344
0.080 11.378644
0.090 9.406056
0.100 -6.794755
0.110 10.253870
0.120 4.732821
0.130 2.427785
0.140 -9.043140
0.150 -19.833965
0.160 5.807539
0.170 -7.737780
0.180 1.185166
0.190 -8.434469
0.200 5.911026
0.210 -18.137842
0.220 -6.204110
0.230 1.331295
0.240 -0.523852
0.250 3.175819
0.260 -6.506955
0.270 -14.560827
0.280 -11.951248
0.290 11.621513
0.300 7.649011
0.310 2.512792
0.320 1.008742
0.330 9.083276
0.340 7.721627
0.350 10.586366
0.360 0.522863
0.370 -4.647800
0.380 -20.051625
0.390 -5.173640
0.400 7.169178
0.410 7.074827
0.420 5.464919
0.430 4.455958
0.440 -0.497590
0.450 -4.956365
0.460 2.674795
0.470 -14.349550
0.480 -1.461755
0.490 -21.162371
0.500 -4.978459
0.510 -17.845537
0.520 -9.470955
0.530 -9.071408
0.540 -2.073473
0.550 12.438218
0.560 2.748184
0.570 -9.090879
0.580 -1.248135
0.590 -3.998611
0.600 3.832159
0.610 -5.222788
0.620 5.763129
0.630 1.851641
0.640 -16.160171
0.650 7.330675
0.660 -11.548833
0.670 -4.235010
0.680 -9.745020
0.690 18.069783
0.700 3.365128
0.710 -0.593364
0.720 -7.132627
0.730 -10.752276
0.740 8.603616
0.750 -1.458387
0.760 -2.403006
0.770 19.161535
0.780 2.630161
0.790 12.446752
0.800 -8.562022
0.810 6.551112
0.820 -5.257930
0.830 5.716864
0.840 3.758567
0.850 -1.961051
0.860 10.126067
0.870 9.652494
0.880 -1.353450
0.890 4.859388
0.900 5.989856
0.910 7.822168
0.920 19.432362
0.930 18.224622
0.940 7.376517
0.950 -4.565159
0.960 -2.646604
0.970 -7.417095
0.980 1.691806
0.990 -3.558323
