0.000 0.275419
0.010 7.077240
0.020 12.055819
0.030 -3.493218
0.040 6.141702
0.050 5.799302
0.060 -9.313029
0.070 -2.354707
0.080 0.348604
0.090 -20.198197
0.100 4.569387
0.110 6.579573
0.120 -9.977846
0.130 -3.016349
0.140 -3.908331
0.150 -17.870933
0.160 -5.189220
0.170 -1.122719
0.180 4.379602
0.190 -4.369646
0.200 7.849291
0.210 -3.959262
0.220 -7.278405
0.230 3.802969
0.240 2.238236
0.250 0.411524
0.260 -8.471916
0.270 8.590285
0.280 -10.495551
0.290 -0.242184
0.300 2.747038
0.310 -4.572286
0.320 -0.588358
0.330 -3.982142
0.340 0.277940
0.350 -20.155319
0.360 -3.737698
0.370 -6.836098
0.380 6.126132
0.390 -7.313147
0.400 8.427673
0.410 5.424756
0.420 3.400395
0.430 0.435800
0.440 -8.126915
0.450 3.482497
0.460 9.297904
0.470 -0.576588
0.480 -7.859670
0.490 0.319620
0.500 0.743928
0.510 8.120854
0.520 1.587477
0.530 0.461039
0.540 -8.029082
0.550 1.854813
0.560 10.551997
0.570 6.430108
0.580 7.553631
0.590 -6.521370
0.600 -0.023693
0.610 -19.767481
0.620 1.748734
0.630 -4.382462
0.640 -9.579534
0.650 -4.385208
0.660 -8.080029
0.670 -0.130620
0.680 -3.840824
0.690 -2.772230
0.700 2.874203
0.710 8.395213
0.720 0.447749
0.730 -8.608894
0.740 2.568047
0.750 -15.433144
0.760 4.384014
0.770 -5.825959
0.780 -7.855222
0.790 2.985127
0.800 -9.463957
0.810 6.364442
0.820 -3.677570
0.830 -2.270869
0.840 2.879626
0.850 -13.241035
0.860 6.927554
0.870 -0.231420
0.880 2.019731
0.890 11.943908
0.900 -21.725271
0.910 -2.797657
0.920 10.540544
0.930 -11.637540
0.940 2.407411
0.950 0.017533
0.960 -3.700053
0.970 10.935516
0.980 11.401530
0.990 -14.027066
