0.000 -5.264186
0.010 -5.905292
0.020 3.753375
0.030 3.887602
0.040 -1.889575
0.050 3.711254
0.060 6.392111
0.070 -0.702517
0.080 -4.610677
0.090 -14.157083
0.100 -11.348335
0.110 -10.173550
0.120 2.121197
0.130 14.582957
0.140 11.024581
0.150 8.845013
0.160 -3.432701
0.170 -9.055504
0.180 -0.266919
0.190 1.343892
0.200 -2.283941
0.210 -8.947269
0.220 -3.955220
0.230 10.402362
0.240 -15.741555
0.250 1.042390
0.260 -7.574417
0.270 13.968332
0.280 -4.588648
0.290 -4.999050
0.300 6.359306
0.310 3.761251
0.320 -0.938480
0.330 3.507562
0.340 3.338440
0.350 -1.953913
0.360 -5.105239
0.370 5.069269
0.380 15.556105
0.390 -5.547003
0.400 0.662833
0.410 -1.198699
0.420 3.351406
0.430 13.127973
0.440 7.365238
0.450 17.988267
0.460 -7.271953
0.470 -1.505043
0.480 -2.075823
0.490 2.539758
0.500 -1.017010
0.510 -2.688851
0.520 6.148321
0.530 -23.109160
0.540 7.023248
0.550 4.884636
0.560 12.524111
0.570 13.316923
0.580 2.137749
0.590 -3.135617
0.600 -0.094383
0.610 -5.454547
0.620 -2.445002
0.630 5.323545
0.640 9.438815
0.650 9.675373
0.660 6.856372
0.670 -3.349917
0.680 -13.566689
0.690 -2.685409
0.700 -10.003416
0.710 10.394102
0.720 7.545793
0.730 -1.715761
0.740 9.506136
0.750 -8.429697
0.760 2.393793
0.770 7.417987
0.780 -2.547573
0.790 -9.976958
0.800 0.747500
0.810 2.691883
0.820 -8.397044
0.830 -0.044460
0.840 6.115738
0.850 -9.178977
0.860 3.715308
0.870 5.794469
0.880 7.988190
0.890 1.348013
0.900 8.468132
0.910 -8.435723
0.920 -3.190132
0.930 9.634323
0.940 4.002565
0.950 -4.788071
0.960 -8.122164
0.970 5.058666
0.980 3.463044
0.990 6.146830
