0.000 -5.954021
0.010 -5.053116
0.020 3.308464
0.030 1.207311
0.040 -6.514271
0.050 0.140847
0.060 -5.496200
0.070 10.613827
0.080 -13.712991
0.090 1.190613
0.100 12.804142
0.110 9.802801
0.120 -7.284185
0.130 -4.093325
0.140 2.340504
0.150 1.413416
0.160 8.323902
0.170 8.818210
0.180 -3.977660
0.190 2.828340
0.200 -15.878753
0.210 16.811360
0.220 12.990137
0.230 5.543088
0.240 -7.616659
0.250 -3.033281
0.260 6.332644
0.270 -10.388125
0.280 -1.868145
0.290 -1.429762
0.300 5.219637
0.310 3.570571
0.320 -6.686904
0.330 11.911837
0.340 -7.296559
0.350 -2.447161
0.360 -11.565012
0.370 6.421586
0.380 -5.169572
0.390 -7.474024
0.400 -1.786140
0.410 2.347891
0.420 1.529950
0.430 14.044660
0.440 -3.729186
0.450 -12.429938
0.460 5.587670
0.470 -0.616649
0.480 -0.002404
0.490 -13.305612
0.500 -0.617793
0.510 1.634230
0.520 -23.322373
0.530 9.113631
0.540 -11.630899
0.550 -17.301712
0.560 -8.646276
0.570 -13.745710
0.580 -7.380330
0.590 -11.341562
0.600 7.078675
0.610 1.446125
0.620 8.382954
0.630 -0.656663
0.640 1.193400
0.650 -3.145762
0.660 7.366766
0.670 6.625802
0.680 -10.281212
0.690 -10.821348
0.700 7.502705
0.710 2.927058
0.720 17.422974
0.730 0.355024
0.740 3.586914
0.750 -0.379414
0.760 -5.632607
0.770 0.082556
0.780 -0.497355
0.790 -3.724036
0.800 -9.161034
0.810 -2.700561
0.820 11.578369
0.830 4.633329
0.840 2.357443
0.850 13.041448
0.860 -1.175407
0.870 5.763791
0.880 6.442145
0.890 4.589634
0.900 -1.620421
0.910 5.582237
0.920 -5.178242
0.930 7.870840
0.940 3.281208
0.950 0.598376
0.960 3.620507
0.970 -0.793994
0.980 8.844059
0.990 -5.734242
