0.000 1.470094
0.010 6.968980
0.020 4.227174
0.030 -4.860818
0.040 6.268885
0.050 5.661929
0.060 11.674074
0.070 7.094114
0.080 0.582548
0.090 0.648725
0.100 0.650064
0.110 4.145240
0.120 16.321737
0.130 1.822144
0.140 1.996914
0.150 -1.116596
0.160 1.805724
0.170 -8.306726
0.180 0.558625
0.190 -5.499795
0.200 -14.247450
0.210 2.079756
0.220 -5.360085
0.230 2.619098
0.240 0.849860
0.250 7.972165
0.260 -11.273574
0.270 -3.530835
0.280 1.705933
0.290 -5.909488
0.300 6.143999
0.310 9.596023
0.320 13.013787
0.330 -4.735872
0.340 15.910047
0.350 6.123383
0.360 11.943700
0.370 2.456274
0.380 -9.523123
0.390 0.258372
0.400 23.085650
0.410 1.674084
0.420 7.758779
0.430 7.607012
0.440 -5.563864
0.450 -7.258290
0.460 -10.575291
0.470 5.608531
0.480 4.075533
0.490 0.406245
0.500 5.806530
0.510 3.562203
0.520 0.296212
0.530 -8.947922
0.540 2.455922
0.550 -26.025508
0.560 9.409702
0.570 -6.277645
0.580 -10.454162
0.590 0.174118
0.600 -0.513791
0.610 2.013959
0.620 1.529462
0.630 2.703049
0.640 -3.051742
0.650 4.435593
0.660 11.237256
0.670 5.285986
0.680 -3.259588
0.690 0.140611
0.700 -0.471484
0.710 -4.720130
0.720 0.599352
0.730 7.213622
0.740 4.120512
0.750 0.916632
0.760 -0.955732
0.770 -0.178711
0.780 5.182619
0.790 18.558999
0.800 7.610888
0.810 -0.958154
0.820 -2.840861
0.830 -6.062722
0.840 2.764157
0.850 2.208482
0.860 3.457193
0.870 14.486137
0.880 -12.845163
0.890 7.669832
0.900 -0.879761
0.910 -12.241757
0.920 0.761304
0.930 1.530942
0.940 -1.983708
0.950 12.478263
0.960 -2.430660
0.970 -4.961294
0.980 2.019865
0.990 -14.469955
