0.000 -23.853728
0.010 -6.858656
0.020 0.739232
0.030 9.687939
0.040 0.833080
0.050 3.552190
0.060 7.196796
0.070 6.293781
0.080 2.412153
0.090 -17.150025
0.100 -4.925117
0.110 -14.609049
0.120 8.925164
0.130 20.481507
0.140 -9.821218
0.150 -3.699388
0.160 4.871319
0.170 1.342998
0.180 2.793131
0.190 -3.814185
0.200 -5.898500
0.210 4.546352
0.220 3.476363
0.230 -2.024147
0.240 9.041084
0.250 -2.411094
0.260 -4.031092
0.270 -5.312802
0.280 8.637640
0.290 4.581578
0.300 -10.052524
0.310 1.490084
0.320 -15.981501
0.330 1.933239
0.340 -15.746961
0.350 -9.251613
0.360 19.902151
0.370 -6.884862
0.380 -1.740414
0.390 -0.915335
0.400 -0.983454
0.410 5.169100
0.420 15.852574
0.430 -16.308518
0.440 -5.294781
0.450 3.372011
0.460 -5.022257
0.470 -0.678802
0.480 -1.271495
0.490 5.879111
0.500 -11.694336
0.510 -8.113283
0.520 -10.037551
0.530 0.360667
0.540 -8.753178
0.550 20.087461
0.560 -6.244749
0.570 3.987756
0.580 -1.430922
0.590 14.680001
0.600 -0.573051
0.610 9.239566
0.620 7.244581
0.630 -0.719255
0.640 -13.542735
0.650 -4.540156
0.660 4.228163
0.670 -8.880449
0.680 12.118063
0.690 -4.713066
0.700 -1.919030
0.710 0.471741
0.720 -5.655838
0.730 -6.607428
0.740 15.726620
0.750 2.896244
0.760 -5.059758
0.770 7.142731
0.780 6.124073
0.790 -0.815947
0.800 7.522576
0.810 -2.967949
0.820 1.207566
0.830 -2.777447
0.840 -3.845483
0.850 -5.567319
0.860 -1.599794
0.870 -1.823701
0.880 -0.136102
0.890 -1.892092
0.900 7.396714
0.910 -0.601430
0.920 7.798933
0.930 3.452116
0.940 -3.258368
0.950 -12.578490
0.960 -7.624216
0.970 3.400336
0.980 9.476041
0.990 10.153574
