0.000 -0.157580
0.010 -2.035475
0.020 -1.886346
0.030 -12.889127
0.040 -7.704962
0.050 4.878388
0.060 3.809462
0.070 -0.273828
0.080 -15.628571
0.090 2.395621
0.100 4.988803
0.110 -18.363347
0.120 -12.628112
0.130 -2.560004
0.140 -14.052798
0.150 -16.913222
0.160 -4.199413
0.170 1.538501
0.180 12.959524
0.190 5.817050
0.200 -4.383519
0.210 -5.694952
0.220 -4.717727
0.230 -16.706311
0.240 5.273617
0.250 -9.145988
0.260 -7.861248
0.270 17.279829
0.280 -9.105799
0.290 -12.396266
0.300 -13.564395
0.310 -8.917406
0.320 -3.056952
0.330 -11.391982
0.340 -4.938998
0.350 8.060463
0.360 3.805122
0.370 -8.615476
0.380 -12.492318
0.390 -4.426382
0.400 -3.415289
0.410 9.773445
0.420 -4.616451
0.430 -0.862630
0.440 4.750648
0.450 -5.029839
0.460 8.263042
0.470 3.566781
0.480 -6.824297
0.490 -10.218612
0.500 4.395384
0.510 -11.797825
0.520 6.377729
0.530 16.209944
0.540 4.734881
0.550 13.070251
0.560 -0.146577
0.570 4.077832
0.580 -6.140549
0.590 -7.858096
0.600 -3.466633
0.610 -3.254961
0.620 -17.274202
0.630 -12.223591
0.640 14.657989
0.650 -0.732560
0.660 -3.126601
0.670 -3.105957
0.680 -2.034798
0.690 -7.214807
0.700 -16.432009
0.710 12.008231
0.720 -9.908368
0.730 -0.918954
0.740 -10.863347
0.750 4.150885
0.760 -7.387421
0.770 10.069259
0.780 -0.900275
0.790 10.352290
0.800 7.857600
0.810 3.953729
0.820 -10.088190
0.830 -0.431756
0.840 9.825024
0.850 6.357719
0.860 -14.516212
0.870 2.647289
0.880 10.094068
0.890 -6.583205
0.900 17.585734
0.910 0.345375
0.920 -13.470528
0.930 -1.393149
0.940 -19.664749
0.950 -0.562203
0.960 6.077912
0.970 -3.975459
0.980 -0.479332
0.990 -0.233378
