0.000 9.709860
0.010 -8.199962
0.020 0.441858
0.030 3.978904
0.040 -3.403709
0.050 -4.134724
0.060 5.512555
0.070 6.674093
0.080 3.403453
0.090 2.713318
0.100 -8.123917
0.110 16.469613
0.120 -4.563754
0.130 13.079737
0.140 -3.841159
0.150 14.757688
0.160 -2.469944
0.170 7.511058
0.180 -0.086878
0.190 -2.626894
0.200 4.364184
0.210 4.424242
0.220 -12.777109
0.230 13.540131
0.240 9.355314
0.250 13.536542
0.260 -4.515100
0.270 9.496565
0.280 16.465208
0.290 19.521173
0.300 10.094063
0.310 -3.806615
0.320 -0.157331
0.330 3.960725
0.340 8.876528
0.350 4.735893
0.360 -11.448085
0.370 9.356732
0.380 3.123373
0.390 0.812472
0.400 6.315711
0.410 10.552397
0.420 -2.841823
0.430 -6.705513
0.440 -1.900912
0.450 15.934831
0.460 4.322420
0.470 1.350472
0.480 6.576020
0.490 14.881030
0.500 5.508687
0.510 3.451822
0.520 2.963299
0.530 3.729023
0.540 1.712515
0.550 -3.848291
0.560 1.596143
0.570 10.486943
0.580 1.714079
0.590 3.856168
0.600 9.830062
0.610 12.951217
0.620 7.100851
0.630 -12.139434
0.640 8.482313
0.650 10.066404
0.660 25.991733
0.670 2.543654
0.680 3.920048
0.690 -10.711210
0.700 12.503112
0.710 0.060312
0.720 8.480090
0.730 -0.869785
0.740 1.940565
0.750 10.496806
0.760 -1.168378
0.770 11.810362
0.780 -7.173143
0.790 -9.906034
0.800 -5.480601
0.810 7.475594
0.820 -10.777181
0.830 -1.631896
0.840 0.137770
0.850 19.667857
0.860 -8.475496
0.870 -1.587830
0.880 -13.143166
0.890 17.027480
0.900 7.277377
0.910 -8.359225
0.920 -7.766168
0.930 -7.473058
0.940 1.191864
0.950 -3.352970
0.960 2.178025
0.970 -5.509337
0.980 2.977565
0.990 -1.867913
