0.000 -1.095515
0.010 0.922499
0.020 3.067506
0.030 -5.989097
0.040 1.654127
0.050 -8.818084
0.060 3.719380
0.070 -3.416691
0.080 -1.551989
0.090 -5.194710
0.100 -11.382918
0.110 -3.572920
0.120 -3.719633
0.130 2.964984
0.140 -5.640083
0.150 -18.530290
0.160 17.365598
0.170 4.418216
0.180 1.445672
0.190 -7.040428
0.200 3.852759
0.210 -4.709411
0.220 20.718000
0.230 -5.223366
0.240 6.893790
0.250 -2.326289
0.260 -10.888428
0.270 2.269424
0.280 -0.573215
0.290 5.838988
0.300 -9.073029
0.310 -0.640620
0.320 14.939848
0.330 -5.741636
0.340 1.073343
0.350 -0.073298
0.360 -6.620235
0.370 -2.216364
0.380 10.955167
0.390 -11.804101
0.400 3.265522
0.410 -10.812473
0.420 7.364665
0.430 -6.311113
0.440 14.641440
0.450 9.731141
0.460 -0.072124
0.470 -3.796243
0.480 7.435751
0.490 7.800345
0.500 -7.312020
0.510 -3.226758
0.520 -2.838507
0.530 7.964640
0.540 4.453449
0.550 -2.000378
0.560 -7.213264
0.570 10.897922
0.580 -11.563143
0.590 -7.535802
0.600 -7.364233
0.610 -0.227026
0.620 15.145180
0.630 21.764421
0.640 -4.882680
0.650 -15.570968
0.660 0.126991
0.670 -12.130128
0.680 -14.713344
0.690 12.870789
0.700 8.968955
0.710 4.032096
0.720 -17.335133
0.730 0.940677
0.740 1.248030
0.750 -4.583076
0.760 -0.254228
0.770 7.445827
0.780 -6.082041
0.790 -5.727378
0.800 6.531846
0.810 -7.368999
0.820 -6.416313
0.830 1.006821
0.840 5.490498
0.850 10.856358
0.860 -1.436553
0.870 -0.688052
0.880 8.082645
0.890 -3.643296
0.900 1.414345
0.910 12.748483
0.920 -3.163229
0.930 -6.708738
0.940 -11.347484
0.950 3.068007
0.960 -0.742191
0.970 -9.074283
0.980 -2.287373
0.990 11.879984
