0.000 12.720470
0.010 7.570976
0.020 -1.540122
0.030 4.008182
0.040 -6.152207
0.050 0.986921
0.060 -6.054343
0.070 10.573038
0.080 -2.348171
0.090 -1.153613
0.100 10.274246
0.110 -0.050048
0.120 -10.367950
0.130 -0.721087
0.140 0.303712
0.150 8.604175
0.160 -1.039390
0.170 -6.798012
0.180 8.530087
0.190 8.619624
0.200 -0.065587
0.210 -5.070356
0.220 2.824744
0.230 4.104849
0.240 -2.472766
0.250 8.505280
0.260 6.383042
0.270 2.360178
0.280 -5.396613
0.290 4.119769
0.300 -10.854782
0.310 -1.467935
0.320 -6.660387
0.330 -12.552964
0.340 7.329762
0.350 17.269178
0.360 3.733352
0.370 7.395750
0.380 7.995856
0.390 -13.164376
0.400 -3.705623
0.410 -0.884059
0.420 -9.914296
0.430 -2.720090
0.440 7.516510
0.450 -5.095344
0.460 8.691922
0.470 2.162215
0.480 -7.716854
0.490 7.554005
0.500 -3.265508
0.510 -0.355874
0.520 -6.329142
0.530 -1.783069
0.540 -5.017193
0.550 6.683149
0.560 -0.180982
0.570 -0.534407
0.580 3.964901
0.590 -4.557569
0.600 10.702209
0.610 9.479442
0.620 5.175195
0.630 4.791257
0.640 3.302149
0.650 -2.639561
0.660 -5.817716
0.670 5.700834
0.680 11.750899
0.690 5.784999
0.700 6.416282
0.710 3.201334
0.720 -5.979674
0.730 7.739084
0.740 29.415489
0.750 9.066937
0.760 -2.318627
0.770 15.992489
0.780 -8.104276
0.790 1.100203
0.800 15.190568
0.810 5.043853
0.820 -10.923850
0.830 4.756206
0.840 -24.327296
0.850 11.827391
0.860 1.970897
0.870 11.196883
0.880 -5.559369
0.890 -3.517949
0.900 7.195689
0.910 3.103252
0.920 12.670657
0.930 7.093974
0.940 -2.837026
0.950 7.680978
0.960 7.562759
0.970 5.776454
0.980 1.781447
0.990 7.793701
