0.000 8.568773
0.010 -4.218151
0.020 -1.779282
0.030 -9.363873
0.040 -0.395009
0.050 -5.074105
0.060 -0.217011
0.070 0.604037
0.080 3.639455
0.090 0.139011
0.100 -0.866256
0.110 5.536981
0.120 4.668349
0.130 -18.007115
0.140 3.888899
0.150 -6.151850
0.160 -1.941571
0.170 -1.157223
0.180 -2.985480
0.190 -2.759632
0.200 3.625157
0.210 3.720283
0.220 -6.503619
0.230 9.073946
0.240 -0.208219
0.250 -14.388241
0.260 6.778604
0.270 6.581534
0.280 5.513000
0.290 8.200623
0.300 -5.161028
0.310 8.449353
0.320 6.313699
0.330 0.736118
0.340 4.954061
0.350 -3.314119
0.360 6.658479
0.370 -5.193148
0.380 13.933473
0.390 -1.498218
0.400 -9.040957
0.410 6.575507
0.420 5.240414
0.430 -11.258160
0.440 7.466830
0.450 -12.367057
0.460 11.582482
0.470 -10.604416
0.480 -7.181774
0.490 8.712067
0.500 -5.534177
0.510 -7.038478
0.520 -9.694882
0.530 18.469618
0.540 9.425979
0.550 -0.377291
0.560 5.259680
0.570 -12.700451
0.580 3.230820
0.590 -2.648600
0.600 12.854428
0.610 20.631559
0.620 4.394842
0.630 8.311039
0.640 5.073721
0.650 -7.772098
0.660 -1.579208
0.670 1.248276
0.680 -6.722456
0.690 14.254528
0.700 -16.339294
0.710 -8.553274
0.720 -0.335849
0.730 9.602770
0.740 9.608182
0.750 6.934560
0.760 -14.144855
0.770 -9.128873
0.780 -18.017976
0.790 -8.680704
0.800 -7.085319
0.810 -6.426572
0.820 6.123330
0.830 7.441551
0.840 -5.863782
0.850 3.553166
0.860 -13.960460
0.870 9.653893
0.880 4.987102
0.890 -3.241625
0.900 10.864380
0.910 1.178719
0.920 -1.579179
0.930 9.188909
0.940 -3.186280
0.950 -2.914399
0.960 3.076064
0.970 4.427258
0.980 8.161863
0.990 -2.661829
