0.000 -1.471707
0.010 14.684870
0.020 10.373423
0.030 15.355638
0.040 5.368997
0.050 -7.153654
0.060 0.702706
0.070 -6.801325
0.080 4.174842
0.090 -9.682674
0.100 0.418294
0.110 3.727544
0.120 7.331426
0.130 -16.197482
0.140 6.420880
0.150 -7.954359
0.160 1.569066
0.170 3.074057
0.180 -15.130815
0.190 2.552845
0.200 -6.452459
0.210 6.519293
0.220 -3.411097
0.230 16.268760
0.240 -2.978293
0.250 0.763742
0.260 12.961680
0.270 -0.974267
0.280 -15.497632
0.290 13.831891
0.300 0.447554
0.310 7.522834
0.320 -1.192587
0.330 12.432414
0.340 -6.939713
0.350 4.653816
0.360 7.294031
0.370 10.530637
0.380 -9.991993
0.390 -12.048335
0.400 3.073175
0.410 9.194804
0.420 -0.914373
0.430 0.405015
0.440 2.569254
0.450 -1.688567
0.460 9.164172
0.470 1.719774
0.480 -10.114636
0.490 -8.023889
0.500 2.655418
0.510 17.301578
0.520 -21.500401
0.530 3.378312
0.540 -9.453110
0.550 9.637287
0.560 5.938193
0.570 -8.324610
0.580 9.135852
0.590 4.494355
0.600 16.746445
0.610 11.195142
0.620 -7.263693
0.630 4.577708
0.640 3.619542
0.650 1.266481
0.660 8.096781
0.670 -16.002136
0.680 9.350471
0.690 7.754374
0.700 -11.467821
0.710 -13.572084
0.720 6.969545
0.730 -4.747163
0.740 5.849233
0.750 -4.112416
0.760 -5.640154
0.770 7.540783
0.780 -4.201939
0.790 -3.179705
0.800 -5.901832
0.810 -0.067469
0.820 8.997249
0.830 -12.089835
0.840 -1.853561
0.850 13.462290
0.860 -4.558309
0.870 2.592727
0.880 1.493475
0.890 -3.498442
0.900 10.525539
0.910 -0.892529
0.920 6.811532
0.930 -5.493297
0.940 -9.219813
0.950 2.937642
0.960 8.611074
0.970 11.483199
0.980 -15.761296
0.990 -2.273057
