0.000 10.477411
0.010 -11.107362
0.020 -2.111698
0.030 3.085340
0.040 4.883869
0.050 -1.441698
0.060 -1.135345
0.070 -8.658813
0.080 -0.198410
0.090 9.272975
0.100 -1.959415
0.110 -2.669871
0.120 8.257551
0.130 -9.748312
0.140 2.892302
0.150 9.653049
0.160 -10.830057
0.170 6.721292
0.180 9.711076
0.190 1.902154
0.200 5.940447
0.210 -3.193204
0.220 3.411932
0.230 -3.765738
0.240 -1.760067
0.250 11.707915
0.260 -6.275444
0.270 -12.675182
0.280 4.058877
0.290 7.759632
0.300 -5.604132
0.310 -0.959827
0.320 11.923562
0.330 15.229966
0.340 8.484809
0.350 -4.222376
0.360 -7.377684
0.370 -1.468672
0.380 1.908868
0.390 -12.284369
0.400 -12.706851
0.410 8.095640
0.420 -13.848560
0.430 3.456510
0.440 -8.381995
0.450 0.962445
0.460 -1.721002
0.470 -9.007406
0.480 -15.751709
0.490 6.206198
0.500 2.563826
0.510 -13.386170
0.520 4.274610
0.530 -5.885345
0.540 -9.031824
0.550 8.463001
0.560 -3.535263
0.570 0.672916
0.580 -3.890749
0.590 2.787702
0.600 6.306447
0.610 3.060812
0.620 8.502418
0.630 12.017228
0.640 -2.075220
0.650 6.751388
0.660 6.149127
0.670 -6.257053
0.680 4.406254
0.690 6.632374
0.700 -8.379291
0.710 -1.642308
0.720 7.698275
0.730 -2.952808
0.740 10.483823
0.750 -3.656417
0.760 9.026220
0.770 -6.213674
0.780 -1.149873
0.790 9.282376
0.800 7.324882
0.810 -17.762111
0.820 -8.406637
0.830 -2.774023
0.840 4.119799
0.850 5.527534
0.860 -10.288699
0.870 -2.375988
0.880 7.124403
0.890 13.587040
0.900 -18.419154
0.910 10.946411
0.920 -5.591620
0.930 -7.334276
0.940 -17.140093
0.950 5.336807
0.960 1.166237
0.970 5.815441
0.980 2.413743
0.990 -4.270252
