0.000 -1.428600
0.010 -2.218154
0.020 2.569825
0.030 -1.145989
0.040 -6.511398
0.050 0.020663
0.060 8.440618
0.070 10.131024
0.080 3.974493
0.090 -18.512550
0.100 -0.127582
0.110 6.225243
0.120 -3.973179
0.130 -7.308344
0.140 -5.075757
0.150 -11.761908
0.160 4.066404
0.170 -2.720427
0.180 1.786330
0.190 -18.631244
0.200 -4.900496
0.210 0.481920
0.220 -8.558713
0.230 13.186304
0.240 7.872321
0.250 2.647157
0.260 -12.115691
0.270 13.476109
0.280 1.331841
0.290 10.968467
0.300 3.219495
0.310 -15.377377
0.320 8.405897
0.330 8.108242
0.340 3.583956
0.350 2.016405
0.360 1.992193
0.370 6.331884
0.380 9.103937
0.390 -6.885540
0.400 -16.345997
0.410 -4.469182
0.420 6.191998
0.430 4.658819
0.440 3.461261
0.450 0.092718
0.460 1.456475
0.470 -5.643367
0.480 -1.958306
0.490 1.110421
0.500 2.762167
0.510 -3.088804
0.520 5.247671
0.530 8.199515
0.540 -3.180771
0.550 11.407943
0.560 6.618466
0.570 8.492982
0.580 -2.622927
0.590 -19.333416
0.600 -2.128070
0.610 5.146456
0.620 -3.003317
0.630 17.158783
0.640 4.262039
0.650 0.410972
0.660 -0.052005
0.670 -7.601305
0.680 0.627417
0.690 4.611246
0.700 17.164613
0.710 -0.725267
0.720 9.298051
0.730 -2.384073
0.740 0.001073
0.750 10.123131
0.760 -3.695497
0.770 5.335189
0.780 -1.327426
0.790 -14.446571
0.800 0.933800
0.810 4.597295
0.820 2.442901
0.830 8.294542
0.840 -1.164714
0.850 -10.600770
0.860 -8.197061
0.870 5.339268
0.880 -3.166873
0.890 -1.089112
0.900 -6.362939
0.910 5.906607
0.920 2.131566
0.930 -2.851912
0.940 1.665434
0.950 2.937749
0.960 9.229122
0.970 4.370283
0.980 -1.937082
0.990 9.067880
