0.000 22.261209
0.010 10.876003
0.020 -6.617856
0.030 -6.491999
0.040 6.417433
0.050 0.003363
0.060 5.743061
0.070 0.087324
0.080 6.522816
0.090 -7.435425
0.100 13.488274
0.110 5.527129
0.120 -9.994947
0.130 -6.617554
0.140 11.210371
0.150 -0.415766
0.160 3.147046
0.170 -1.339720
0.180 -8.430030
0.190 13.589033
0.200 15.580532
0.210 1.994710
0.220 -9.787697
0.230 4.293037
0.240 1.120452
0.250 2.645932
0.260 4.795205
0.270 2.479856
0.280 5.825642
0.290 2.019713
0.300 26.215880
0.310 -11.208235
0.320 -0.415420
0.330 -11.425909
0.340 4.971223
0.350 -2.393526
0.360 13.831956
0.370 -3.948267
0.380 9.451361
0.390 -4.704985
0.400 0.915288
0.410 6.270042
0.420 -7.732173
0.430 -5.050384
0.440 5.366560
0.450 -6.065094
0.460 -3.689902
0.470 -11.146134
0.480 -1.552456
0.490 9.652784
0.500 6.060977
0.510 -5.522045
0.520 9.406157
0.530 -5.669409
0.540 -0.389419
0.550 14.374530
0.560 -10.199930
0.570 -2.017204
0.580 -1.371981
0.590 9.456760
0.600 -6.892265
0.610 0.339378
0.620 6.945571
0.630 13.144530
0.640 5.314901
0.650 -5.129703
0.660 0.029436
0.670 -12.261911
0.680 9.683704
0.690 -21.930264
0.700 22.247038
0.710 -6.464346
0.720 19.711205
0.730 3.041462
0.740 -8.686639
0.750 -2.727755
0.760 14.292198
0.770 8.584740
0.780 5.997189
0.790 -6.325259
0.800 4.481187
0.810 -8.903862
0.820 8.296536
0.830 6.204930
0.840 -6.204649
0.850 -1.501933
0.860 14.887818
0.870 14.294122
0.880 13.581725
0.890 4.967404
0.900 -8.408961
0.910 -4.126603
0.920 14.202172
0.930 -1.481518
0.940 1.353108
0.950 7.639768
0.960 -2.457291
0.970 2.126564
0.980 -3.650097
0.990 -3.281419
