0.000 -7.453619
0.010 -13.980003
0.020 -1.965407
0.030 -6.220711
0.040 -4.981364
0.050 1.325454
0.060 -1.749830
0.070 11.953786
0.080 11.626825
0.090 -11.354532
0.100 8.088654
0.110 -5.630492
0.120 4.651939
0.130 -2.062701
0.140 -2.385961
0.150 -5.824621
0.160 -7.747501
0.170 0.180893
0.180 4.257036
0.190 3.395447
0.200 -4.090055
0.210 9.836059
0.220 -12.132066
0.230 -6.408127
0.240 4.028850
0.250 10.170890
0.260 0.300566
0.270 -4.842996
0.280 -5.106040
0.290 1.617018
0.300 -8.125797
0.310 13.105131
0.320 -18.624205
0.330 8.929024
0.340 4.741985
0.350 3.644971
0.360 13.120733
0.370 -6.251993
0.380 2.149020
0.390 16.460207
0.400 -3.562731
0.410 4.602880
0.420 6.156604
0.430 -7.067473
0.440 -0.057953
0.450 5.258279
0.460 -3.185234
0.470 4.407874
0.480 6.062619
0.490 -14.623915
0.500 5.380180
0.510 12.510766
0.520 -17.543584
0.530 2.246619
0.540 -7.340257
0.550 -3.572162
0.560 -6.858338
0.570 -8.536878
0.580 7.308229
0.590 -1.255399
0.600 0.519594
0.610 7.776702
0.620 -7.154237
0.630 12.130107
0.640 -3.747640
0.650 -11.886157
0.660 1.080225
0.670 -0.853379
0.680 6.402769
0.690 -3.435561
0.700 7.695257
0.710 4.894521
0.720 -17.592115
0.730 18.750987
0.740 5.513945
0.750 -1.616388
0.760 6.370716
0.770 2.822300
0.780 11.523608
0.790 8.983985
0.800 16.771223
0.810 2.339527
0.820 -9.460287
0.830 -2.304583
0.840 8.854489
0.850 -8.193468
0.860 -7.626935
0.870 3.136731
0.880 6.998242
0.890 4.699405
0.900 6.023604
0.910 -6.580445
0.920 9.347962
0.930 -11.686900
0.940 -12.147513
0.950 0.901413
0.960 -3.015329
0.970 -1.373354
0.980 14.279319
0.990 -13.842645
