0.000 15.559623
0.010 2.825612
0.020 -8.907192
0.030 10.254891
0.040 -17.894696
0.050 19.625684
0.060 1.839414
0.070 7.123665
0.080 -3.391039
0.090 -1.333532
0.100 2.925071
0.110 18.783827
0.120 -12.725470
0.130 14.187842
0.140 5.132281
0.150 14.344331
0.160 2.817801
0.170 11.950646
0.180 -4.825537
0.190 -2.396646
0.200 -1.169648
0.210 2.742418
0.220 1.312131
0.230 -1.677159
0.240 16.369033
0.250 -12.499836
0.260 -0.467273
0.270 -0.631643
0.280 -2.625040
0.290 9.192750
0.300 -7.219001
0.310 4.322076
0.320 1.557306
0.330 10.421866
0.340 10.342329
0.350 -5.329703
0.360 1.897783
0.370 11.307210
0.380 1.993457
0.390 -11.972980
0.400 8.215791
0.410 4.617628
0.420 8.151508
0.430 -4.008093
0.440 2.702315
0.450 -0.073140
0.460 -0.149867
0.470 -1.552442
0.480 1.778210
0.490 2.303234
0.500 4.620122
0.510 -1.868659
0.520 0.968977
0.530 16.808621
0.540 -1.882013
0.550 -4.209072
0.560 -7.732457
0.570 -4.166505
0.580 15.570744
0.590 -11.372399
0.600 9.121836
0.610 7.163131
0.620 7.328163
0.630 -13.686522
0.640 10.635818
0.650 -2.592773
0.660 -2.914748
0.670 -6.323706
0.680 -11.145987
0.690 -16.238649
0.700 -1.464316
0.710 7.300721
0.720 -3.363803
0.730 6.671006
0.740 -9.570701
0.750 0.169862
0.760 -8.337804
0.770 3.629724
0.780 7.504050
0.790 9.677065
0.800 2.425791
0.810 -6.287074
0.820 -9.785811
0.830 -7.547300
0.840 -0.907938
0.850 1.966224
0.860 -7.985683
0.870 -2.439146
0.880 1.277785
0.890 0.093107
0.900 3.781554
0.910 -4.771362
0.920 12.295171
0.930 3.843802
0.940 -6.668719
0.950 4.086224
0.960 3.459309
0.970 3.062077
0.980 5.536507
0.990 -0.943606
