0.000 -6.040595
0.010 11.310162
0.020 -0.219555
0.030 -9.172111
0.040 -12.454511
0.050 -11.259379
0.060 1.693529
0.070 -16.895539
0.080 -0.840333
0.090 -10.365691
0.100 -5.506213
0.110 2.747358
0.120 22.672178
0.130 -3.128063
0.140 4.139522
0.150 -16.111181
0.160 6.748626
0.170 -2.287067
0.180 -1.201093
0.190 -4.174529
0.200 10.148079
0.210 5.401246
0.220 -3.558414
0.230 -4.646421
0.240 -3.993326
0.250 -11.456592
0.260 -1.038647
0.270 -8.975462
0.280 6.988060
0.290 14.941162
0.300 -11.275931
0.310 3.415136
0.320 6.655975
0.330 -12.870936
0.340 -7.242243
0.350 -4.656986
0.360 1.179888
0.370 9.476914
0.380 -5.245831
0.390 7.383219
0.400 2.427969
0.410 0.958555
0.420 2.511397
0.430 24.418922
0.440 -2.504750
0.450 -10.188246
0.460 3.183935
0.470 -8.476152
0.480 -9.695607
0.490 11.360789
0.500 10.902519
0.510 15.177066
0.520 5.332242
0.530 0.799014
0.540 -3.397370
0.550 -1.229676
0.560 -2.086260
0.570 -12.584754
0.580 -10.914373
0.590 -4.681811
0.600 3.078519
0.610 19.877674
0.620 1.690884
0.630 7.602311
0.640 -0.434093
0.650 8.106078
0.660 0.931308
0.670 -4.822995
0.680 -2.790966
0.690 -8.088266
0.700 -8.559609
0.710 5.492024
0.720 -1.294638
0.730 0.883792
0.740 -2.002386
0.750 11.136652
0.760 1.354466
0.770 5.680171
0.780 4.277253
0.790 -4.643312
0.800 6.725192
0.810 1.650704
0.820 -5.326672
0.830 2.250615
0.840 -1.635795
0.850 0.238737
0.860 -2.392527
0.870 -12.762977
0.880 6.404291
0.890 -4.945430
0.900 -9.746828
0.910 -8.294341
0.920 10.117959
0.930 -2.879433
0.940 -1.829342
0.950 1.341746
0.960 1.562580
0.970 20.526028
0.980 4.758290
0.990 11.404977
