0.000 -9.253818
0.010 5.902815
0.020 -0.391187
0.030 7.289280
0.040 4.610704
0.050 9.078185
0.060 -10.758443
0.070 -5.235922
0.080 -9.022095
0.090 4.874180
0.100 0.221354
0.110 -8.357202
0.120 12.662600
0.130 7.873995
0.140 -14.981339
0.150 3.753282
0.160 12.133601
0.170 -4.873142
0.180 1.784163
0.190 -1.064437
0.200 -2.108526
0.210 -4.458020
0.220 8.809314
0.230 -2.190550
0.240 5.231897
0.250 2.268466
0.260 -0.874347
0.270 -10.435942
0.280 9.937430
0.290 4.930420
0.300 -6.615810
0.310 12.933720
0.320 -5.234393
0.330 -14.153981
0.340 3.760147
0.350 -4.126616
0.360 -16.420433
0.370 -10.717830
0.380 2.922925
0.390 -3.847240
0.400 -11.212476
0.410 2.462131
0.420 -13.595801
0.430 -4.816430
0.440 9.105308
0.450 8.424232
0.460 -5.944658
0.470 -2.408528
0.480 12.285015
0.490 2.849965
0.500 16.883824
0.510 12.086702
0.520 5.708211
0.530 3.767713
0.540 -12.229399
0.550 0.873972
0.560 6.154387
0.570 2.618572
0.580 -10.275146
0.590 -6.108360
0.600 4.455921
0.610 1.143397
0.620 4.493033
0.630 -13.785644
0.640 -2.186815
0.650 1.197471
0.660 10.861612
0.670 1.544621
0.680 -1.089884
0.690 -5.897555
0.700 -1.589620
0.710 -2.386106
0.720 1.030943
0.730 5.408018
0.740 4.930504
0.750 8.810680
0.760 -5.559951
0.770 0.145851
0.780 14.021633
0.790 11.515808
0.800 13.407317
0.810 -0.353981
0.820 3.764871
0.830 -1.799791
0.840 15.164358
0.850 -1.062351
0.860 -4.901682
0.870 -4.520919
0.880 1.346080
0.890 7.250213
0.900 10.279716
0.910 -0.298281
0.920 9.639660
0.930 -11.072773
0.940 -10.964363
0.950 -7.007643
0.960 -5.669069
0.970 -23.523616
0.980 -7.824160
0.990 -15.087497
