0.000 -3.611109
0.010 4.167248
0.020 -16.339827
0.030 5.639000
0.040 -2.101686
0.050 7.893373
0.060 -5.596823
0.070 -12.448022
0.080 -10.009905
0.090 -10.042501
0.100 3.667958
0.110 3.812637
0.120 -7.999309
0.130 9.605201
0.140 4.290674
0.150 -6.871394
0.160 2.617590
0.170 -7.873058
0.180 -4.627275
0.190 -3.622419
0.200 -4.731605
0.210 -4.759869
0.220 2.776404
0.230 -0.990852
0.240 -6.318491
0.250 8.246767
0.260 11.789412
0.270 -4.310198
0.280 0.597726
0.290 1.698779
0.300 -4.481122
0.310 -8.052479
0.320 -7.251113
0.330 -15.242201
0.340 3.027439
0.350 10.870011
0.360 9.588213
0.370 -3.895970
0.380 11.101079
0.390 -2.436491
0.400 -3.515615
0.410 -4.827480
0.420 9.116125
0.430 12.189540
0.440 7.413390
0.450 4.329524
0.460 0.825652
0.470 8.330608
0.480 -12.361412
0.490 -14.059863
0.500 3.963019
0.510 -11.710261
0.520 8.335193
0.530 -9.191317
0.540 5.211987
0.550 -10.417651
0.560 6.751006
0.570 -5.863897
0.580 6.409782
0.590 9.134438
0.600 -2.394799
0.610 -16.907649
0.620 9.529169
0.630 6.079482
0.640 3.014660
0.650 2.528825
0.660 -4.313236
0.670 -0.449490
0.680 4.893305
0.690 -1.154826
0.700 -1.637422
0.710 0.539578
0.720 0.924860
0.730 -8.854605
0.740 0.679796
0.750 8.125058
0.760 5.158044
0.770 -10.323724
0.780 -2.635151
0.790 -10.914976
0.800 11.017699
0.810 -6.679991
0.820 -24.974334
0.830 4.470268
0.840 14.323347
0.850 -3.091600
0.860 -1.598015
0.870 -10.389154
0.880 1.541633
0.890 3.119868
0.900 14.254120
0.910 -0.042036
0.920 -5.061568
0.930 11.513250
0.940 -4.591058
0.950 -0.235541
0.960 -5.538870
0.970 -0.077144
0.980 18.620894
0.990 -2.234594
