0.000 8.321975
0.010 -5.857282
0.020 1.279437
0.030 -1.918476
0.040 -0.100669
0.050 0.149299
0.060 2.696856
0.070 -0.198287
0.080 7.595778
0.090 8.725221
0.100 5.925913
0.110 6.539543
0.120 7.466428
0.130 -3.060981
0.140 -7.445101
0.150 -5.429306
0.160 -0.609820
0.170 2.010719
0.180 19.823750
0.190 -0.200850
0.200 -7.312734
0.210 -8.861648
0.220 3.160501
0.230 13.549338
0.240 -2.533766
0.250 0.478408
0.260 15.157975
0.270 2.410033
0.280 -1.853026
0.290 -0.605372
0.300 4.262670
0.310 14.402461
0.320 7.060353
0.330 -4.959789
0.340 2.269109
0.350 -11.650702
0.360 -4.153993
0.370 11.213822
0.380 -0.178119
0.390 0.745671
0.400 -7.533041
0.410 -2.278893
0.420 0.653893
0.430 -6.474680
0.440 -2.168163
0.450 -0.775556
0.460 4.368766
0.470 6.374310
0.480 -1.220952
0.490 -10.553168
0.500 -1.524335
0.510 -2.519412
0.520 0.296605
0.530 -4.295460
0.540 11.344786
0.550 10.346370
0.560 3.335678
0.570 1.557357
0.580 -5.599386
0.590 3.155982
0.600 -12.641150
0.610 -0.105052
0.620 -1.210247
0.630 1.166994
0.640 -2.546915
0.650 7.639179
0.660 5.137543
0.670 -5.176629
0.680 0.014851
0.690 -5.771537
0.700 1.009529
0.710 -7.313228
0.720 -5.690116
0.730 9.532874
0.740 3.398077
0.750 9.046136
0.760 -5.021345
0.770 2.944759
0.780 0.823594
0.790 3.011611
0.800 -2.995246
0.810 -8.676807
0.820 -2.658352
0.830 -7.068905
0.840 7.644587
0.850 4.272546
0.860 5.085825
0.870 2.807857
0.880 6.303681
0.890 9.189095
0.900 9.605868
0.910 5.718117
0.920 -4.694671
0.930 -15.848751
0.940 -10.039907
0.950 -16.390397
0.960 9.880298
0.970 -4.713814
0.980 22.808593
0.990 -6.683721
