0.000 6.767828
0.010 4.832692
0.020 2.492357
0.030 2.332317
0.040 -3.289946
0.050 -3.744276
0.060 2.357836
0.070 -3.024459
0.080 1.484738
0.090 2.641356
0.100 -4.959077
0.110 -9.548845
0.120 0.005610
0.130 -0.512736
0.140 5.684052
0.150 15.583824
0.160 7.179274
0.170 -5.997268
0.180 0.405014
0.190 3.001823
0.200 -3.088652
0.210 9.148881
0.220 -2.787560
0.230 -6.823367
0.240 1.368936
0.250 -4.648800
0.260 6.755154
0.270 6.138958
0.280 2.321798
0.290 -3.390214
0.300 5.248384
0.310 -10.780428
0.320 0.961927
0.330 15.217756
0.340 7.907525
0.350 -9.659738
0.360 3.768988
0.370 6.181754
0.380 -5.315194
0.390 12.131555
0.400 15.928123
0.410 2.233559
0.420 -2.850805
0.430 -1.247550
0.440 -5.847165
0.450 -10.504970
0.460 -7.325893
0.470 -3.509046
0.480 5.058514
0.490 -7.543632
0.500 -3.143845
0.510 6.361085
0.520 -8.758926
0.530 -6.735689
0.540 -13.375121
0.550 -20.407691
0.560 -2.147306
0.570 4.297925
0.580 -0.522901
0.590 -0.681452
0.600 -5.841152
0.610 7.468774
0.620 5.969464
0.630 20.996466
0.640 4.877883
0.650 -0.760886
0.660 4.696705
0.670 -12.104762
0.680 0.158927
0.690 -4.312883
0.700 0.405866
0.710 -2.657223
0.720 -0.937459
0.730 4.239987
0.740 -0.202564
0.750 -0.930030
0.760 7.419873
0.770 -10.818083
0.780 7.333187
0.790 -8.529817
0.800 3.050958
0.810 18.773850
0.820 12.084770
0.830 4.370883
0.840 -5.953418
0.850 -14.566884
0.860 -6.232467
0.870 -2.576963
0.880 7.189427
0.890 -4.103025
0.900 13.566494
0.910 0.396407
0.920 -1.087859
0.930 1.251770
0.940 -4.077477
0.950 2.580353
0.960 1.214146
0.970 -1.352453
0.980 -3.281200
0.990 2.071702
