0.000 -3.272801
0.010 12.498922
0.020 0.267291
0.030 5.381360
0.040 -11.976890
0.050 -9.892832
0.060 11.042266
0.070 -2.818784
0.080 3.012876
0.090 6.866402
0.100 5.979002
0.110 -5.444715
0.120 3.468556
0.130 -3.236594
0.140 1.894170
0.150 -11.211029
0.160 0.351655
0.170 -9.409280
0.180 -0.823786
0.190 2.666511
0.200 -7.875208
0.210 6.338233
0.220 -2.214448
0.230 6.505766
0.240 -6.177126
0.250 6.104254
0.260 1.359330
0.270 -4.783598
0.280 -8.180132
0.290 0.294976
0.300 1.591296
0.310 -16.621769
0.320 -4.133583
0.330 -7.023851
0.340 -5.610383
0.350 14.641145
0.360 -2.444763
0.370 1.476698
0.380 -3.388740
0.390 -5.686533
0.400 -11.219491
0.410 -5.494400
0.420 5.249020
0.430 -0.387548
0.440 4.473391
0.450 -9.599780
0.460 -3.436570
0.470 7.652643
0.480 -6.943722
0.490 4.243628
0.500 2.421968
0.510 8.824422
0.520 -9.405214
0.530 13.969774
0.540 3.262218
0.550 8.337152
0.560 -7.535273
0.570 -10.086711
0.580 -12.238244
0.590 -5.062816
0.600 -10.878696
0.610 -0.367443
0.620 -0.258875
0.630 -4.751252
0.640 6.358031
0.650 8.905774
0.660 -1.669057
0.670 -16.803969
0.680 -10.078826
0.690 -5.980458
0.700 4.887475
0.710 -18.235771
0.720 7.167373
0.730 -2.196157
0.740 -0.735997
0.750 6.113665
0.760 0.203026
0.770 4.935408
0.780 12.877928
0.790 -8.091210
0.800 -6.527083
0.810 0.762962
0.820 0.141074
0.830 -0.855235
0.840 2.354414
0.850 4.880803
0.860 0.424467
0.870 -0.680593
0.880 2.234253
0.890 6.035114
0.900 -2.934138
0.910 -1.902749
0.920 -9.700436
0.930 -3.752589
0.940 -8.445672
0.950 7.332528
0.960 5.804748
0.970 4.974032
0.980 -0.879813
0.990 9.309541
