0.000 5.492661
0.010 12.366357
0.020 -4.466864
0.030 -11.711252
0.040 -12.512767
0.050 -6.795683
0.060 -0.756607
0.070 -6.438231
0.080 6.250170
0.090 -12.785035
0.100 -10.023906
0.110 0.865454
0.120 9.614032
0.130 0.931407
0.140 0.539845
0.150 3.285659
0.160 -5.075652
0.170 4.330304
0.180 9.561455
0.190 2.641445
0.200 -0.664113
0.210 8.242991
0.220 -13.904646
0.230 10.474699
0.240 11.335594
0.250 -3.774631
0.260 -6.965900
0.270 10.473981
0.280 8.758936
0.290 4.611429
0.300 -2.646954
0.310 1.999261
0.320 -25.099241
0.330 -6.063096
0.340 -17.759914
0.350 -0.387815
0.360 2.376316
0.370 -5.832246
0.380 -4.275993
0.390 3.531882
0.400 -15.708667
0.410 21.641961
0.420 7.394281
0.430 -7.146705
0.440 -6.804663
0.450 -13.094837
0.460 3.285509
0.470 -3.595407
0.480 1.666312
0.490 -4.684275
0.500 6.849102
0.510 1.163438
0.520 16.169242
0.530 -9.462203
0.540 -4.375695
0.550 -13.369357
0.560 -5.356192
0.570 9.506877
0.580 7.810788
0.590 3.790310
0.600 0.802912
0.610 -11.619800
0.620 2.857224
0.630 -8.027708
0.640 -0.741751
0.650 13.491503
0.660 1.831100
0.670 2.889649
0.680 1.503978
0.690 -15.949348
0.700 -16.260933
0.710 -3.428828
0.720 2.063864
0.730 -7.497842
0.740 5.737777
0.750 -9.727743
0.760 -4.621273
0.770 -18.606076
0.780 -8.762017
0.790 -5.197515
0.800 -15.455549
0.810 1.344171
0.820 1.898320
0.830 8.225370
0.840 10.556392
0.850 2.872767
0.860 1.591259
0.870 3.751411
0.880 5.779150
0.890 -1.911413
0.900 5.627039
0.910 0.256394
0.920 10.345533
0.930 13.152728
0.940 -3.935414
0.950 -4.931743
0.960 -4.452646
0.970 5.400648
0.980 -3.607137
0.990 -7.556089
