0.000 -1.642535
0.010 -9.965557
0.020 16.586432
0.030 -0.850036
0.040 0.922539
0.050 4.602743
0.060 1.512565
0.070 10.691359
0.080 -0.202992
0.090 2.586949
0.100 -6.162871
0.110 -1.982427
0.120 1.707674
0.130 6.622516
0.140 -4.176992
0.150 -13.679196
0.160 -9.062252
0.170 -5.855259
0.180 7.874775
0.190 15.563594
0.200 -11.933146
0.210 14.390367
0.220 5.183897
0.230 13.734438
0.240 6.336372
0.250 3.557126
0.260 -2.342478
0.270 -6.820518
0.280 0.489455
0.290 0.280470
0.300 11.681780
0.310 5.756497
0.320 -1.544207
0.330 2.926308
0.340 2.504899
0.350 9.027918
0.360 -10.691649
0.370 5.482924
0.380 6.569205
0.390 0.126074
0.400 4.254584
0.410 -11.052971
0.420 3.341719
0.430 -8.277891
0.440 5.036643
0.450 -6.632366
0.460 -1.666367
0.470 0.496800
0.480 -6.571664
0.490 7.885196
0.500 -12.921204
0.510 9.738360
0.520 8.219981
0.530 7.583278
0.540 5.518423
0.550 4.750386
0.560 2.523067
0.570 3.463094
0.580 4.256133
0.590 -1.085946
0.600 12.860505
0.610 8.017682
0.620 -10.384414
0.630 0.121268
0.640 0.577842
0.650 -4.289955
0.660 -1.179841
0.670 10.974540
0.680 -4.800669
0.690 10.962511
0.700 4.934467
0.710 -0.697163
0.720 -1.921705
0.730 -6.167822
0.740 12.949034
0.750 -5.196504
0.760 -1.503301
0.770 -12.876217
0.780 -4.024355
0.790 13.448247
0.800 -10.179013
0.810 14.097431
0.820 4.405477
0.830 2.392988
0.840 -16.460632
0.850 2.814105
0.860 7.713846
0.870 7.884159
0.880 -30.926309
0.890 -5.436585
0.900 14.052488
0.910 -2.102552
0.920 16.215483
0.930 6.238687
0.940 -11.135306
0.950 15.148752
0.960 -9.307770
0.970 0.124736
0.980 -15.333340
0.990 17.934437
