0.000 -4.853385
0.010 -13.693917
0.020 0.261396
0.030 6.659133
0.040 -7.660740
0.050 7.922678
0.060 -15.872894
0.070 -12.708309
0.080 10.186923
0.090 20.231272
0.100 -10.304267
0.110 -9.660575
0.120 -0.242139
0.130 9.240924
0.140 -10.791357
0.150 3.199653
0.160 7.207113
0.170 -3.286272
0.180 -0.567713
0.190 10.547224
0.200 5.970295
0.210 -2.974620
0.220 -1.975777
0.230 -9.212861
0.240 5.584723
0.250 7.343943
0.260 -1.288330
0.270 -7.217545
0.280 2.603675
0.290 11.694512
0.300 -6.122211
0.310 -1.173753
0.320 -1.717566
0.330 4.864366
0.340 -3.788729
0.350 -0.587382
0.360 0.009482
0.370 4.679373
0.380 -15.910046
0.390 10.889497
0.400 -14.602513
0.410 -11.444716
0.420 5.812137
0.430 -3.964893
0.440 2.171654
0.450 -3.259868
0.460 -21.909654
0.470 -3.532062
0.480 18.219722
0.490 3.048694
0.500 -1.724171
0.510 -6.816369
0.520 -5.887973
0.530 8.801624
0.540 12.645484
0.550 7.894280
0.560 -6.735909
0.570 7.582725
0.580 -7.203820
0.590 -1.576461
0.600 8.342949
0.610 21.973965
0.620 14.039583
0.630 -0.728804
0.640 -12.409883
0.650 -2.452012
0.660 -4.448338
0.670 -13.270153
0.680 -9.943152
0.690 1.381848
0.700 18.267683
0.710 -0.760498
0.720 9.297432
0.730 10.949103
0.740 14.636021
0.750 -8.668991
0.760 0.263633
0.770 -3.398772
0.780 0.327176
0.790 -0.231816
0.800 -7.518189
0.810 -6.496837
0.820 -4.850432
0.830 -3.882670
0.840 -5.034843
0.850 -7.306310
0.860 -6.594517
0.870 -3.288294
0.880 -5.151893
0.890 -2.434813
0.900 -5.285885
0.910 -9.280360
0.920 -3.842712
0.930 -1.214530
0.940 0.533266
0.950 -14.625251
0.960 -2.284438
0.970 -2.402458
0.980 -14.781085
0.990 -7.212885
