0.000 -9.685612
0.010 -2.478010
0.020 7.309550
0.030 6.184531
0.040 3.213528
0.050 -12.270140
0.060 3.714726
0.070 -5.351120
0.080 -4.957802
0.090 -5.706766
0.100 -0.132510
0.110 3.607353
0.120 7.009400
0.130 5.327454
0.140 -6.703734
0.150 -1.234512
0.160 0.303029
0.170 5.267927
0.180 6.139162
0.190 -4.395778
0.200 -3.205523
0.210 4.052055
0.220 1.319742
0.230 -5.546369
0.240 -6.610090
0.250 2.359333
0.260 -0.881946
0.270 -1.397661
0.280 -3.690095
0.290 2.110464
0.300 6.222403
0.310 4.539707
0.320 -2.329936
0.330 5.495830
0.340 7.376604
0.350 -4.148760
0.360 -6.615577
0.370 -5.854868
0.380 11.674012
0.390 14.041111
0.400 8.090135
0.410 -7.361488
0.420 4.466530
0.430 7.392333
0.440 5.063270
0.450 -7.935153
0.460 -6.346872
0.470 -6.867196
0.480 2.492006
0.490 13.254634
0.500 2.529627
0.510 4.979051
0.520 11.324262
0.530 0.792767
0.540 -3.883805
0.550 -1.541454
0.560 -12.850615
0.570 -1.793187
0.580 2.097957
0.590 10.597194
0.600 -25.022076
0.610 -7.769729
0.620 14.031011
0.630 -0.150597
0.640 4.705972
0.650 1.992772
0.660 6.659332
0.670 -16.824919
0.680 1.093936
0.690 12.728912
0.700 -2.580066
0.710 14.079096
0.720 14.146915
0.730 8.130414
0.740 2.132474
0.750 10.600389
0.760 5.644672
0.770 -8.014547
0.780 -2.952963
0.790 -5.657249
0.800 -12.943366
0.810 11.443323
0.820 -1.389577
0.830 -3.641822
0.840 -10.943054
0.850 -4.246863
0.860 6.576902
0.870 -11.935868
0.880 3.905633
0.890 -3.390779
0.900 -7.911304
0.910 8.514350
0.920 0.714589
0.930 -3.003025
0.940 -9.067977
0.950 2.350200
0.960 -12.222556
0.970 0.051977
0.980 -5.453534
0.990 1.907554
