0.000 11.711378
0.010 -24.031510
0.020 5.242645
0.030 -13.883759
0.040 -3.682635
0.050 -12.123118
0.060 -0.714757
0.070 -16.577612
0.080 19.797180
0.090 -4.840028
0.100 -7.694506
0.110 3.417322
0.120 -1.950354
0.130 0.765113
0.140 11.372141
0.150 -7.923345
0.160 5.095094
0.170 -5.092242
0.180 -3.346902
0.190 5.865412
0.200 1.352879
0.210 2.008483
0.220 1.089914
0.230 -3.707952
0.240 -2.233994
0.250 -3.372198
0.260 -5.990351
0.270 -3.497359
0.280 2.874947
0.290 -8.745773
0.300 3.769683
0.310 6.208155
0.320 4.004180
0.330 4.576620
0.340 4.117226
0.350 -1.485055
0.360 8.127668
0.370 7.481124
0.380 1.935246
0.390 2.869058
0.400 2.663787
0.410 -6.585927
0.420 -16.197707
0.430 2.363736
0.440 5.460914
0.450 -2.311055
0.460 -9.794679
0.470 -3.361201
0.480 -10.968262
0.490 -0.077749
0.500 8.931332
0.510 2.017409
0.520 2.720777
0.530 1.482344
0.540 2.870612
0.550 -4.448576
0.560 -8.686812
0.570 -1.132284
0.580 -3.951543
0.590 8.346669
0.600 6.629819
0.610 1.416583
0.620 -19.203035
0.630 5.852498
0.640 -0.541608
0.650 7.650609
0.660 2.373499
0.670 19.613352
0.680 -1.691314
0.690 0.919209
0.700 -0.069867
0.710 7.416736
0.720 -5.134483
0.730 10.563647
0.740 -7.786196
0.750 -0.108107
0.760 -7.005006
0.770 -5.735153
0.780 1.192737
0.790 -17.766756
0.800 7.099960
0.810 6.377359
0.820 1.979401
0.830 -1.201051
0.840 3.137965
0.850 14.179651
0.860 10.140201
0.870 -1.156445
0.880 -1.797604
0.890 9.947971
0.900 5.866215
0.910 -10.694103
0.920 9.132877
0.930 6.424514
0.940 8.949114
0.950 -2.299955
0.960 14.149390
0.970 -3.420184
0.980 0.228477
0.990 5.673084
