0.000 -5.960963
0.010 11.457724
0.020 -16.039710
0.030 -1.549338
0.040 5.960996
0.050 6.372150
0.060 15.396178
0.070 -0.150402
0.080 2.007182
0.090 4.742017
0.100 12.071975
0.110 -10.525033
0.120 7.834900
0.130 -11.723441
0.140 -5.688594
0.150 2.274201
0.160 10.092956
0.170 2.485535
0.180 -2.048028
0.190 -0.630525
0.200 -12.979595
0.210 1.636671
0.220 -12.075688
0.230 5.341941
0.240 -0.719471
0.250 -2.186412
0.260 -4.313104
0.270 5.892858
0.280 -6.840857
0.290 10.897303
0.300 12.323837
0.310 9.667610
0.320 -12.858986
0.330 -9.913763
0.340 -0.471101
0.350 -7.570684
0.360 7.418618
0.370 -10.265323
0.380 -4.487508
0.390 -0.609226
0.400 8.553450
0.410 0.035425
0.420 10.850045
0.430 -1.904263
0.440 1.839715
0.450 4.633141
0.460 4.954393
0.470 6.499721
0.480 1.588951
0.490 3.513224
0.500 10.091169
0.510 6.405154
0.520 6.918978
0.530 17.055531
0.540 -6.022450
0.550 -6.835613
0.560 -4.601450
0.570 -7.904668
0.580 12.369496
0.590 -7.262876
0.600 3.361342
0.610 -3.157210
0.620 6.544883
0.630 -11.355728
0.640 -6.746067
0.650 2.591041
0.660 -5.161750
0.670 13.515648
0.680 5.385646
0.690 4.153664
0.700 0.055669
0.710 2.162123
0.720 -6.651612
0.730 6.927679
0.740 -6.402892
0.750 -13.162629
0.760 -6.917700
0.770 -4.257740
0.780 -0.402920
0.790 -4.713361
0.800 0.502336
0.810 -5.304334
0.820 -3.396727
0.830 3.566808
0.840 1.968927
0.850 2.360054
0.860 12.952965
0.870 -15.966911
0.880 -8.752053
0.890 -9.131628
0.900 -2.550427
0.910 15.601985
0.920 -5.461327
0.930 -4.467301
0.940 -7.207113
0.950 -6.784970
0.960 3.600835
0.970 -12.433420
0.980 1.025749
0.990 -0.985721
