0.000 -2.737904
0.010 1.942015
0.020 8.871164
0.030 11.342886
0.040 -2.617579
0.050 13.111033
0.060 8.286936
0.070 27.601823
0.080 -10.801649
0.090 -11.016456
0.100 -3.487822
0.110 1.890212
0.120 9.065657
0.130 3.794936
0.140 5.465400
0.150 0.482905
0.160 -5.560804
0.170 -5.526855
0.180 -7.518907
0.190 5.211530
0.200 -1.673684
0.210 0.152817
0.220 0.169991
0.230 10.765295
0.240 -1.744176
0.250 8.677003
0.260 8.300841
0.270 -0.880313
0.280 -0.728673
0.290 11.876604
0.300 2.114322
0.310 -13.757223
0.320 0.878542
0.330 -20.323270
0.340 -7.661928
0.350 -2.772310
0.360 -15.266991
0.370 5.841815
0.380 5.973090
0.390 -0.914437
0.400 -8.319363
0.410 -6.840883
0.420 -3.880433
0.430 -2.181848
0.440 -3.314338
0.450 6.738145
0.460 6.004929
0.470 0.834680
0.480 1.873468
0.490 -1.119720
0.500 14.408001
0.510 5.819867
0.520 5.926805
0.530 7.187061
0.540 3.254315
0.550 2.041587
0.560 -2.169983
0.570 8.908662
0.580 -1.278895
0.590 8.461754
0.600 -8.668342
0.610 0.607089
0.620 -1.205918
0.630 3.411212
0.640 4.703703
0.650 -0.974946
0.660 -6.686103
0.670 -11.462594
0.680 9.987446
0.690 -10.950897
0.700 -3.244322
0.710 6.998561
0.720 -4.274509
0.730 -0.545890
0.740 3.914700
0.750 -11.591670
0.760 7.030401
0.770 -5.940851
0.780 -2.324400
0.790 4.610073
0.800 -3.714461
0.810 6.024696
0.820 12.388803
0.830 1.418670
0.840 9.289858
0.850 -3.753746
0.860 1.806670
0.870 -2.433167
0.880 10.622221
0.890 4.111929
0.900 -4.105773
0.910 1.723109
0.920 8.795108
0.930 2.495879
0.940 -5.276926
0.950 4.669597
0.960 13.121806
0.970 -8.329065
0.980 9.595516
0.990 -8.613322
