0.000 1.484132
0.010 2.119040
0.020 2.066491
0.030 -2.280004
0.040 3.428322
0.050 -7.522255
0.060 -3.127264
0.070 -8.549238
0.080 9.670174
0.090 -4.716928
0.100 13.303246
0.110 14.368367
0.120 4.457152
0.130 -12.496446
0.140 0.277891
0.150 16.564689
0.160 9.360927
0.170 -13.244521
0.180 -6.562753
0.190 -1.072456
0.200 -15.915542
0.210 0.544936
0.220 -9.561501
0.230 0.457799
0.240 -20.241027
0.250 1.390980
0.260 4.448383
0.270 -0.123842
0.280 4.379511
0.290 9.524835
0.300 1.837529
0.310 4.054207
0.320 -2.732505
0.330 -19.772787
0.340 -7.241990
0.350 -1.707393
0.360 -6.248411
0.370 2.968661
0.380 1.150147
0.390 4.333672
0.400 5.182954
0.410 5.881792
0.420 -9.432111
0.430 14.225260
0.440 0.389879
0.450 -7.131267
0.460 -5.204035
0.470 7.182252
0.480 7.711653
0.490 0.121589
0.500 3.952772
0.510 3.476564
0.520 -9.203992
0.530 4.304961
0.540 -7.006934
0.550 -2.699102
0.560 -12.858508
0.570 3.494116
0.580 4.880483
0.590 -0.586555
0.600 1.282172
0.610 8.014051
0.620 7.687130
0.630 11.054609
0.640 -1.430746
0.650 2.978260
0.660 -7.060171
0.670 -3.973032
0.680 7.800656
0.690 8.641023
0.700 2.482434
0.710 -11.022941
0.720 -1.763786
0.730 -9.348619
0.740 -6.350910
0.750 15.632941
0.760 1.644386
0.770 4.982970
0.780 6.318949
0.790 7.319230
0.800 14.120955
0.810 1.006118
0.820 1.607073
0.830 -4.702255
0.840 8.599516
0.850 -11.659382
0.860 -11.576246
0.870 -5.513876
0.880 -13.703638
0.890 7.634480
0.900 10.118414
0.910 -4.978566
0.920 10.671320
0.930 -3.452592
0.940 -0.387553
0.950 4.290568
0.960 3.151068
0.970 3.425279
0.980 1.687041
0.990 6.775691
