0.000 -4.047166
0.010 0.897646
0.020 10.413554
0.030 9.557632
0.040 -8.544817
0.050 -1.801692
0.060 6.664773
0.070 -10.095956
0.080 1.673717
0.090 -7.383754
0.100 0.399348
0.110 -5.871622
0.120 -6.039713
0.130 2.533437
0.140 2.911348
0.150 -10.448790
0.160 0.328367
0.170 -6.910807
0.180 -2.709335
0.190 11.720675
0.200 -2.556008
0.210 0.879018
0.220 -4.668143
0.230 -15.330269
0.240 -6.247587
0.250 -4.081831
0.260 11.136481
0.270 9.005484
0.280 -2.850613
0.290 1.099641
0.300 1.268565
0.310 3.081746
0.320 2.760846
0.330 -5.736391
0.340 2.134662
0.350 4.808466
0.360 0.209463
0.370 -12.168308
0.380 -4.032690
0.390 -10.403272
0.400 1.856041
0.410 5.557145
0.420 -13.583301
0.430 -10.654261
0.440 -5.060788
0.450 4.880185
0.460 -15.541803
0.470 -18.294771
0.480 -13.075477
0.490 -0.815788
0.500 -0.239820
0.510 -1.555727
0.520 11.356845
0.530 5.984319
0.540 -2.218849
0.550 5.506085
0.560 2.011025
0.570 5.416794
0.580 12.369729
0.590 -13.619468
0.600 21.840665
0.610 -3.159932
0.620 18.281883
0.630 -5.774600
0.640 2.216438
0.650 -4.083349
0.660 21.192449
0.670 -8.304772
0.680 3.685257
0.690 3.547537
0.700 6.030924
0.710 -1.203830
0.720 9.651342
0.730 -19.119702
0.740 -1.309582
0.750 -6.801754
0.760 -3.684855
0.770 13.088090
0.780 -0.458421
0.790 3.089308
0.800 0.788872
0.810 -1.910784
0.820 -4.273046
0.830 9.490994
0.840 19.011317
0.850 -10.328257
0.860 -7.088367
0.870 -11.139956
0.880 0.973695
0.890 -6.581033
0.900 -0.805880
0.910 -11.505936
0.920 -6.413481
0.930 0.238155
0.940 -8.141799
0.950 4.917931
0.960 4.126890
0.970 -8.755755
0.980 2.187829
0.990 0.608619
