0.000 -3.592282
0.010 -12.358457
0.020 -11.082251
0.030 -7.471671
0.040 -4.996736
0.050 -3.002641
0.060 -4.283217
0.070 -11.214765
0.080 5.118967
0.090 7.941908
0.100 -1.341763
0.110 1.324902
0.120 13.920685
0.130 0.035272
0.140 7.712846
0.150 -1.388586
0.160 -2.518989
0.170 1.870303
0.180 -3.091258
0.190 3.727739
0.200 -2.531165
0.210 2.578950
0.220 -4.960611
0.230 1.390222
0.240 7.806067
0.250 3.660364
0.260 -5.183325
0.270 -1.663332
0.280 -12.911907
0.290 -5.382484
0.300 -4.730313
0.310 -5.523192
0.320 -0.522004
0.330 2.368798
0.340 -0.339973
0.350 -9.529829
0.360 -3.336656
0.370 17.119459
0.380 7.167897
0.390 -4.596945
0.400 15.035231
0.410 8.845251
0.420 1.454918
0.430 13.350106
0.440 5.748029
0.450 -9.877089
0.460 6.258794
0.470 2.542801
0.480 -0.502199
0.490 -23.500587
0.500 12.668257
0.510 -5.873384
0.520 -7.143891
0.530 2.615780
0.540 -9.405684
0.550 2.165014
0.560 -7.252757
0.570 -3.965269
0.580 1.349545
0.590 1.066260
0.600 -7.589617
0.610 4.530996
0.620 -8.710250
0.630 -6.654426
0.640 -2.469161
0.650 -11.003326
0.660 15.208081
0.670 9.704869
0.680 -3.443244
0.690 -8.305257
0.700 13.858486
0.710 3.449946
0.720 2.727946
0.730 -2.976403
0.740 5.667893
0.750 -0.979808
0.760 5.113007
0.770 -6.463159
0.780 3.956551
0.790 -5.446355
0.800 13.904435
0.810 1.405515
0.820 -4.397999
0.830 -7.213052
0.840 7.719940
0.850 4.783457
0.860 4.648383
0.870 -4.399928
0.880 -0.609975
0.890 6.816868
0.900 -1.955264
0.910 7.550528
0.920 -0.313666
0.930 -3.765832
0.940 1.098629
0.950 -3.512194
0.960 -3.256248
0.970 13.813306
0.980 -7.039519
0.990 -8.199391
