0.000 -2.883597
0.010 -4.932181
0.020 9.260075
0.030 -7.073701
0.040 1.676528
0.050 -14.246238
0.060 -3.516040
0.070 -10.893606
0.080 4.257208
0.090 10.767993
0.100 13.675722
0.110 1.384085
0.120 -14.571426
0.130 11.074399
0.140 -7.077037
0.150 -3.057102
0.160 -11.864995
0.170 -4.281523
0.180 -16.471404
0.190 -13.376276
0.200 5.519457
0.210 2.916206
0.220 0.913976
0.230 11.692360
0.240 -0.339155
0.250 13.655938
0.260 2.869475
0.270 19.362781
0.280 12.502937
0.290 5.344738
0.300 12.776803
0.310 7.052230
0.320 1.126961
0.330 5.082528
0.340 0.238900
0.350 -3.404396
0.360 -12.805752
0.370 -1.134031
0.380 -11.858251
0.390 17.809685
0.400 -0.324346
0.410 7.179073
0.420 -4.845093
0.430 7.229546
0.440 -9.661299
0.450 3.772254
0.460 3.530558
0.470 -11.813633
0.480 2.570755
0.490 -4.659144
0.500 -14.953549
0.510 -6.976225
0.520 -0.117148
0.530 -0.857058
0.540 0.589814
0.550 -0.248066
0.560 -10.279644
0.570 -8.619245
0.580 -5.604716
0.590 -0.818736
0.600 1.320883
0.610 5.596210
0.620 -2.423668
0.630 -8.146993
0.640 -0.318302
0.650 11.841939
0.660 15.270586
0.670 -3.839210
0.680 2.491071
0.690 -3.590059
0.700 -5.526524
0.710 8.388924
0.720 3.599028
0.730 4.729344
0.740 -0.173224
0.750 12.337852
0.760 16.250608
0.770 6.513071
0.780 -1.293315
0.790 -2.506106
0.800 -5.386646
0.810 0.689351
0.820 7.997720
0.830 0.574640
0.840 5.956992
0.850 -10.355004
0.860 2.348517
0.870 -5.826317
0.880 5.392174
0.890 5.268424
0.900 0.499459
0.910 -9.196906
0.920 -14.845084
0.930 -19.359760
0.940 0.606547
0.950 2.981718
0.960 -6.321483
0.970 1.968230
0.980 0.312937
0.990 -9.393123
