0.000 3.999912
0.010 -13.050510
0.020 -5.599793
0.030 -3.003211
0.040 7.460303
0.050 4.463973
0.060 -2.810530
0.070 -8.768717
0.080 4.684535
0.090 8.886164
0.100 5.523832
0.110 -8.151200
0.120 3.526327
0.130 3.504485
0.140 1.269731
0.150 5.663945
0.160 -3.558556
0.170 2.017365
0.180 9.215270
0.190 2.532285
0.200 5.573663
0.210 -5.755144
0.220 2.011599
0.230 -16.038669
0.240 0.395153
0.250 11.447529
0.260 0.396012
0.270 7.635829
0.280 0.827476
0.290 -4.110299
0.300 -9.012465
0.310 -8.642163
0.320 1.795090
0.330 4.500564
0.340 11.070774
0.350 -6.822749
0.360 0.361682
0.370 -8.049350
0.380 -6.593406
0.390 -1.404861
0.400 -3.669554
0.410 -13.532099
0.420 -1.614869
0.430 -7.097833
0.440 -13.866660
0.450 10.180768
0.460 1.739218
0.470 -7.701721
0.480 14.129301
0.490 -4.401939
0.500 2.497573
0.510 7.434502
0.520 -0.601255
0.530 -0.125350
0.540 0.431711
0.550 -15.750884
0.560 9.138586
0.570 -13.482437
0.580 -13.900213
0.590 -10.377276
0.600 6.088627
0.610 -4.224118
0.620 0.932273
0.630 10.875453
0.640 -7.372489
0.650 -7.343982
0.660 3.953960
0.670 5.084503
0.680 9.064810
0.690 -8.524062
0.700 2.173900
0.710 10.622543
0.720 5.653889
0.730 0.493621
0.740 13.104622
0.750 -4.933679
0.760 -20.299487
0.770 -12.469114
0.780 -9.223514
0.790 9.726080
0.800 4.272536
0.810 -5.169542
0.820 -6.677628
0.830 9.940487
0.840 10.803673
0.850 3.297320
0.860 -7.580849
0.870 2.819108
0.880 -15.699342
0.890 0.742359
0.900 1.908840
0.910 -4.612862
0.920 2.231367
0.930 -1.436699
0.940 0.115949
0.950 2.446317
0.960 2.713650
0.970 2.877676
0.980 4.795561
0.990 9.562976
