0.000 14.767190
0.010 -7.694635
0.020 10.603697
0.030 -1.251457
0.040 -17.699705
0.050 1.283989
0.060 15.686012
0.070 -4.030846
0.080 5.119384
0.090 9.058196
0.100 0.520662
0.110 -3.847940
0.120 -3.452828
0.130 -0.923344
0.140 -2.339919
0.150 3.323513
0.160 2.019971
0.170 3.391466
0.180 -3.080687
0.190 -4.874856
0.200 -1.554122
0.210 -0.796519
0.220 -3.275072
0.230 -3.637443
0.240 -12.438044
0.250 3.053066
0.260 -12.530400
0.270 7.576975
0.280 10.842217
0.290 5.127265
0.300 8.345998
0.310 -11.234875
0.320 -3.952089
0.330 -13.763772
0.340 -4.052221
0.350 -1.194348
0.360 -0.591073
0.370 -11.461269
0.380 3.595972
0.390 9.200350
0.400 1.493669
0.410 10.102647
0.420 11.827651
0.430 1.792239
0.440 -6.397251
0.450 -4.431163
0.460 6.117432
0.470 -9.620187
0.480 5.637741
0.490 -0.288767
0.500 -11.831931
0.510 0.884477
0.520 21.969351
0.530 10.832805
0.540 1.941576
0.550 -6.615514
0.560 -8.642235
0.570 -10.879569
0.580 1.615989
0.590 -13.200473
0.600 8.291809
0.610 -3.244024
0.620 -25.502715
0.630 6.784600
0.640 -12.444051
0.650 5.134281
0.660 4.487591
0.670 -7.788764
0.680 -12.159871
0.690 1.269710
0.700 4.764699
0.710 5.332804
0.720 -1.895232
0.730 -3.350258
0.740 -3.906838
0.750 8.012440
0.760 -0.134318
0.770 -1.491406
0.780 -3.971709
0.790 -4.606672
0.800 13.198309
0.810 -7.263101
0.820 -7.014350
0.830 6.567439
0.840 19.706569
0.850 -0.683987
0.860 -4.522221
0.870 12.231276
0.880 7.741740
0.890 1.155568
0.900 1.763788
0.910 -4.418513
0.920 11.610171
0.930 4.567820
0.940 -10.542232
0.950 11.136399
0.960 -3.179419
0.970 -5.333370
0.980 -11.272897
0.990 12.069244
