0.000 0.304006
0.010 5.219988
0.020 -12.438779
0.030 -1.316758
0.040 4.916335
0.050 -2.671498
0.060 -10.577727
0.070 -4.624218
0.080 -7.663876
0.090 -4.012715
0.100 4.921482
0.110 -3.391738
0.120 -9.262579
0.130 6.689169
0.140 -9.697877
0.150 -4.963625
0.160 10.445990
0.170 7.834469
0.180 -0.214284
0.190 3.744748
0.200 2.725564
0.210 7.941240
0.220 -7.646168
0.230 -7.123759
0.240 5.384328
0.250 0.319949
0.260 5.520642
0.270 11.847083
0.280 -15.869068
0.290 5.670673
0.300 9.383172
0.310 10.730117
0.320 -11.819380
0.330 -1.648791
0.340 -0.123790
0.350 -0.912144
0.360 -7.528470
0.370 -7.382308
0.380 6.153582
0.390 0.222578
0.400 0.337774
0.410 -6.238795
0.420 -5.399611
0.430 -4.975746
0.440 2.395446
0.450 -1.522849
0.460 -24.232408
0.470 0.469979
0.480 -2.226122
0.490 14.060669
0.500 6.066053
0.510 26.182791
0.520 -4.221487
0.530 2.975417
0.540 13.046455
0.550 -1.224287
0.560 -0.256210
0.570 0.580609
0.580 -0.788187
0.590 -4.353387
0.600 10.989660
0.610 -5.366601
0.620 -7.835834
0.630 -1.462908
0.640 3.386062
0.650 1.483889
0.660 6.711725
0.670 -21.352180
0.680 4.721947
0.690 -8.968656
0.700 7.232378
0.710 3.481761
0.720 3.405377
0.730 -12.579679
0.740 -0.171151
0.750 -14.761398
0.760 5.614206
0.770 -9.113086
0.780 1.142729
0.790 -3.944606
0.800 -19.903058
0.810 -0.304816
0.820 -8.111720
0.830 17.332699
0.840 -6.395606
0.850 -4.418613
0.860 9.726601
0.870 0.753447
0.880 -2.603742
0.890 -1.288703
0.900 0.777527
0.910 6.818128
0.920 -3.036367
0.930 -2.872652
0.940 3.605684
0.950 -14.012704
0.960 -13.341184
0.970 -11.147060
0.980 10.524553
0.990 -10.644515
