0.000 -0.242988
0.010 -3.854827
0.020 -5.918623
0.030 -4.561062
0.040 0.348466
0.050 5.875874
0.060 -2.235675
0.070 1.883542
0.080 -5.249350
0.090 -3.057765
0.100 3.376870
0.110 2.553413
0.120 -0.122030
0.130 4.204772
0.140 4.940965
0.150 -3.126400
0.160 -15.573939
0.170 -3.800483
0.180 1.221971
0.190 9.953067
0.200 1.416688
0.210 -4.834341
0.220 5.664144
0.230 -8.760128
0.240 5.276812
0.250 -2.669254
0.260 -20.991268
0.270 -1.596257
0.280 3.359996
0.290 3.516323
0.300 16.313386
0.310 10.840636
0.320 -6.877154
0.330 5.471134
0.340 11.287219
0.350 -0.173943
0.360 -1.540684
0.370 -3.996523
0.380 -1.141090
0.390 2.207666
0.400 -2.531426
0.410 9.303670
0.420 -18.500216
0.430 -6.014614
0.440 -5.026988
0.450 9.966555
0.460 -7.474398
0.470 5.154688
0.480 -4.001027
0.490 -3.731440
0.500 -4.905318
0.510 1.435736
0.520 15.603321
0.530 0.866046
0.540 9.379481
0.550 -3.098110
0.560 -2.800355
0.570 4.010539
0.580 10.607545
0.590 14.268964
0.600 4.542498
0.610 -0.263260
0.620 6.397297
0.630 -3.070741
0.640 0.183264
0.650 -1.095049
0.660 -1.425597
0.670 -2.554630
0.680 1.688998
0.690 -7.368690
0.700 1.228204
0.710 10.537471
0.720 -1.827816
0.730 -6.804977
0.740 -3.769655
0.750 2.802082
0.760 -7.167919
0.770 7.183005
0.780 7.096194
0.790 5.936011
0.800 11.282869
0.810 -0.233434
0.820 11.107181
0.830 -3.456772
0.840 0.442890
0.850 0.523943
0.860 -7.957721
0.870 1.921736
0.880 -0.889311
0.890 -6.052706
0.900 -2.657768
0.910 6.075893
0.920 3.889985
0.930 3.981848
0.940 6.781706
0.950 -1.432232
0.960 -9.151322
0.970 4.782625
0.980 6.163918
0.990 3.097235
