0.000 20.014895
0.010 -0.282599
0.020 -6.839292
0.030 -1.179811
0.040 -1.131162
0.050 -4.883030
0.060 -2.302571
0.070 -6.361975
0.080 13.143558
0.090 10.733793
0.100 15.708735
0.110 2.449994
0.120 -11.673752
0.130 8.429130
0.140 -11.306661
0.150 0.260728
0.160 5.659605
0.170 -6.201944
0.180 -0.702200
0.190 -13.949007
0.200 -21.597059
0.210 -20.094029
0.220 -0.419155
0.230 -6.383806
0.240 9.405129
0.250 1.155177
0.260 8.382920
0.270 3.539311
0.280 0.086402
0.290 5.479507
0.300 3.785304
0.310 1.875286
0.320 8.032631
0.330 4.709931
0.340 12.342357
0.350 -4.461750
0.360 -3.785015
0.370 1.932150
0.380 12.246179
0.390 5.116333
0.400 2.083814
0.410 -19.486230
0.420 -0.656239
0.430 -7.049818
0.440 -1.410702
0.450 2.625214
0.460 14.077844
0.470 3.443715
0.480 1.656116
0.490 -4.864847
0.500 6.131972
0.510 -8.929460
0.520 3.638174
0.530 8.875995
0.540 -4.480847
0.550 7.829741
0.560 0.809326
0.570 -12.997602
0.580 -9.121547
0.590 9.821094
0.600 -12.688978
0.610 7.103200
0.620 14.462823
0.630 6.025386
0.640 8.534892
0.650 -7.468875
0.660 4.800057
0.670 11.979509
0.680 8.703139
0.690 9.167532
0.700 -6.582693
0.710 -0.245389
0.720 -8.818380
0.730 5.226350
0.740 -20.325526
0.750 12.739325
0.760 6.698292
0.770 -4.949118
0.780 9.703760
0.790 -0.654192
0.800 -2.698954
0.810 11.717906
0.820 0.567243
0.830 4.911808
0.840 -0.761796
0.850 4.792258
0.860 -1.223446
0.870 6.135633
0.880 -1.394101
0.890 -5.628721
0.900 1.178364
0.910 7.210819
0.920 3.027324
0.930 3.134878
0.940 17.685708
0.950 -4.403926
0.960 11.225809
0.970 -1.862604
0.980 11.578916
0.990 13.549969
