0.000 1.043916
0.010 2.126793
0.020 -1.891092
0.030 2.363082
0.040 -6.233742
0.050 -1.945016
0.060 1.102237
0.070 -0.269408
0.080 0.758729
0.090 25.786726
0.100 3.294706
0.110 -26.023024
0.120 -5.941266
0.130 -4.328520
0.140 -12.700909
0.150 19.044476
0.160 7.682392
0.170 6.541473
0.180 -14.335916
0.190 -0.735771
0.200 -7.047799
0.210 10.887603
0.220 -10.640525
0.230 11.332989
0.240 1.676731
0.250 -4.244893
0.260 -9.436434
0.270 -1.473487
0.280 3.277432
0.290 1.709048
0.300 0.662948
0.310 -5.887926
0.320 -1.678133
0.330 4.608269
0.340 -1.810373
0.350 2.168081
0.360 -3.969620
0.370 -0.134369
0.380 -2.282284
0.390 -5.391021
0.400 -1.036908
0.410 0.206981
0.420 -4.240085
0.430 15.245278
0.440 -0.680665
0.450 -0.453744
0.460 7.946941
0.470 12.042365
0.480 12.131518
0.490 4.200924
0.500 -2.190536
0.510 5.453757
0.520 2.943936
0.530 4.033858
0.540 -9.669550
0.550 7.326844
0.560 -6.197276
0.570 -13.551840
0.580 10.186284
0.590 12.598918
0.600 -3.482468
0.610 9.236386
0.620 6.256188
0.630 -0.912831
0.640 -4.911246
0.650 -5.029849
0.660 5.379279
0.670 -6.133422
0.680 -2.844413
0.690 1.063246
0.700 11.848806
0.710 -6.383196
0.720 0.046123
0.730 7.820830
0.740 -4.841676
0.750 12.312267
0.760 7.547719
0.770 -1.623026
0.780 2.241264
0.790 10.274781
0.800 9.998140
0.810 0.472129
0.820 19.404079
0.830 7.284576
0.840 7.524788
0.850 17.800429
0.860 9.919096
0.870 -7.449874
0.880 -7.524065
0.890 5.882786
0.900 1.825428
0.910 -6.672459
0.920 3.025225
0.930 -0.430922
0.940 -0.687988
0.950 4.816635
0.960 1.122405
0.970 0.244262
0.980 -3.604872
0.990 -8.951991
