0.000 18.623043
0.010 -8.594239
0.020 5.764945
0.030 2.562102
0.040 -17.309852
0.050 -9.515037
0.060 -3.888546
0.070 14.271749
0.080 -11.209885
0.090 -1.830698
0.100 20.873719
0.110 6.903591
0.120 0.028595
0.130 -1.681348
0.140 -9.384101
0.150 2.855167
0.160 10.082885
0.170 -8.546004
0.180 -3.045521
0.190 -2.738167
0.200 -1.625247
0.210 20.927832
0.220 -1.138280
0.230 -12.689584
0.240 17.822638
0.250 4.373874
0.260 6.003348
0.270 6.910372
0.280 -2.752649
0.290 8.213385
0.300 -10.705967
0.310 0.135614
0.320 -18.839316
0.330 -7.547811
0.340 1.806388
0.350 6.040631
0.360 -11.414667
0.370 -3.331252
0.380 -9.517498
0.390 13.323986
0.400 9.095130
0.410 -15.287619
0.420 -0.765397
0.430 9.959950
0.440 -11.566726
0.450 -0.572383
0.460 -5.813527
0.470 3.366024
0.480 -0.011294
0.490 -17.148513
0.500 12.049772
0.510 0.646246
0.520 18.025723
0.530 -4.224542
0.540 0.625576
0.550 -13.361134
0.560 -6.405215
0.570 3.145977
0.580 5.754318
0.590 9.861210
0.600 9.805749
0.610 -11.318083
0.620 -2.915086
0.630 -13.161584
0.640 9.493632
0.650 -10.843876
0.660 -14.039001
0.670 -8.490869
0.680 1.965364
0.690 -4.894448
0.700 3.690506
0.710 4.607852
0.720 -13.841956
0.730 16.833802
0.740 0.213369
0.750 -2.904760
0.760 5.901004
0.770 4.720446
0.780 6.574381
0.790 2.788569
0.800 2.413945
0.810 -18.045966
0.820 -9.123324
0.830 5.955675
0.840 -8.235471
0.850 -6.697756
0.860 -1.534641
0.870 -4.267259
0.880 -9.353996
0.890 2.994747
0.900 -0.866689
0.910 11.057112
0.920 2.127446
0.930 4.700050
0.940 7.488817
0.950 3.233736
0.960 -1.210064
0.970 -3.271169
0.980 -3.438529
0.990 0.226339
