0.000 1.143858
0.010 16.428764
0.020 7.003230
0.030 14.195348
0.040 1.755259
0.050 14.434867
0.060 -7.380419
0.070 -0.377954
0.080 3.016987
0.090 4.952468
0.100 0.521489
0.110 -10.984778
0.120 -8.141966
0.130 -1.436079
0.140 -3.399197
0.150 1.679815
0.160 0.626126
0.170 -2.076450
0.180 0.751791
0.190 -5.081570
0.200 9.841607
0.210 -5.158393
0.220 -5.626412
0.230 8.881469
0.240 -4.166854
0.250 -1.248665
0.260 -0.551785
0.270 5.871962
0.280 -4.551493
0.290 3.633594
0.300 8.253868
0.310 11.581387
0.320 -8.945288
0.330 -2.032281
0.340 8.899207
0.350 -12.511926
0.360 4.438089
0.370 13.053394
0.380 -9.172733
0.390 -1.498737
0.400 -1.837321
0.410 20.461761
0.420 0.849693
0.430 -2.413519
0.440 3.595849
0.450 9.455237
0.460 -2.713918
0.470 -8.559459
0.480 -9.008997
0.490 -3.996088
0.500 -3.241394
0.510 -5.108951
0.520 -6.358045
0.530 -0.631299
0.540 -2.178886
0.550 -7.674459
0.560 3.278954
0.570 0.814548
0.580 -7.436082
0.590 -4.489556
0.600 16.074169
0.610 -0.684213
0.620 -8.215081
0.630 8.039073
0.640 -6.300237
0.650 0.877855
0.660 -7.755582
0.670 4.348065
0.680 -11.017045
0.690 8.600378
0.700 8.726131
0.710 2.710598
0.720 -9.787139
0.730 0.726185
0.740 -6.326556
0.750 -4.752701
0.760 3.070056
0.770 -0.548092
0.780 -0.376402
0.790 -12.127397
0.800 -9.571053
0.810 -14.085527
0.820 1.184239
0.830 -6.891629
0.840 -13.056171
0.850 9.678837
0.860 0.802290
0.870 7.419794
0.880 -9.867295
0.890 -2.817304
0.900 6.705945
0.910 4.455409
0.920 0.977111
0.930 13.293375
0.940 0.611422
0.950 9.168801
0.960 -7.333880
0.970 -6.158727
0.980 -1.466541
0.990 -2.383780
