0.000 -5.686145
0.010 5.578503
0.020 14.731860
0.030 -1.970452
0.040 -9.190427
0.050 -6.025438
0.060 1.828493
0.070 9.368550
0.080 -14.898843
0.090 1.678038
0.100 -8.316914
0.110 -8.395764
0.120 -13.114692
0.130 4.862850
0.140 7.925616
0.150 3.723219
0.160 -6.950949
0.170 -1.579676
0.180 11.216196
0.190 -7.231631
0.200 -6.142451
0.210 -3.561018
0.220 6.464816
0.230 2.341205
0.240 0.498093
0.250 -3.402310
0.260 -5.016113
0.270 19.651033
0.280 11.023685
0.290 4.226531
0.300 9.501683
0.310 5.982497
0.320 14.592739
0.330 -0.756924
0.340 5.366891
0.350 11.139818
0.360 3.052936
0.370 1.200490
0.380 -3.800504
0.390 -2.203803
0.400 -4.434796
0.410 -10.903832
0.420 -3.800514
0.430 16.976708
0.440 -6.300661
0.450 -4.498412
0.460 12.666863
0.470 -0.529378
0.480 -1.810535
0.490 14.352224
0.500 0.120846
0.510 19.326944
0.520 9.898664
0.530 -8.632981
0.540 -3.161314
0.550 -7.326919
0.560 -3.820641
0.570 1.064541
0.580 1.106106
0.590 8.746314
0.600 -6.348286
0.610 -4.371167
0.620 -2.755180
0.630 -8.627807
0.640 -0.715517
0.650 -9.185281
0.660 4.485735
0.670 2.615425
0.680 1.110872
0.690 0.824405
0.700 0.136601
0.710 -10.906309
0.720 -8.971811
0.730 -1.366421
0.740 0.390270
0.750 9.215866
0.760 -9.763461
0.770 -10.865031
0.780 4.341078
0.790 -0.493185
0.800 5.087835
0.810 1.796569
0.820 -0.911573
0.830 -2.807578
0.840 1.242865
0.850 0.807043
0.860 5.100139
0.870 8.247760
0.880 -12.277537
0.890 1.450909
0.900 6.223506
0.910 -20.035810
0.920 -1.196849
0.930 1.693855
0.940 -2.266329
0.950 8.344232
0.960 -0.416003
0.970 -1.575666
0.980 -10.770915
0.990 -2.220351
