0.000 1.870182
0.010 11.193003
0.020 13.000595
0.030 -2.435179
0.040 -6.677854
0.050 -9.173575
0.060 -9.383579
0.070 -3.806753
0.080 -2.537978
0.090 8.529084
0.100 -4.788893
0.110 14.756918
0.120 3.755211
0.130 -7.160709
0.140 -7.878191
0.150 -7.445548
0.160 17.788467
0.170 5.073430
0.180 2.103066
0.190 10.323864
0.200 -4.877283
0.210 7.708493
0.220 1.193004
0.230 11.257673
0.240 -1.399897
0.250 -12.566751
0.260 2.888394
0.270 -10.273156
0.280 -9.022812
0.290 -2.686779
0.300 -0.443499
0.310 6.416314
0.320 16.007528
0.330 3.929554
0.340 8.816468
0.350 -12.423896
0.360 -14.179722
0.370 -2.333598
0.380 -2.475349
0.390 0.492294
0.400 6.928547
0.410 -5.432740
0.420 -0.817852
0.430 -1.427334
0.440 17.018466
0.450 8.546741
0.460 4.853280
0.470 -12.874742
0.480 0.810543
0.490 11.563874
0.500 2.219234
0.510 12.258538
0.520 9.825781
0.530 0.982863
0.540 1.223623
0.550 -9.272912
0.560 13.199203
0.570 -18.438396
0.580 -2.889575
0.590 -2.394640
0.600 14.044655
0.610 6.938726
0.620 -10.754938
0.630 5.674232
0.640 -4.556542
0.650 -5.883819
0.660 -13.786141
0.670 5.174430
0.680 15.408353
0.690 9.811314
0.700 3.536930
0.710 6.962660
0.720 15.027660
0.730 -5.929456
0.740 12.240102
0.750 -11.554819
0.760 -14.330121
0.770 -1.037881
0.780 -2.714532
0.790 -6.707477
0.800 -4.689635
0.810 11.501524
0.820 -15.746678
0.830 -13.918374
0.840 -5.978279
0.850 5.781982
0.860 -5.703914
0.870 -1.729660
0.880 -5.331675
0.890 14.659524
0.900 3.594245
0.910 -15.247055
0.920 -2.484911
0.930 2.227887
0.940 -8.335715
0.950 5.124934
0.960 2.390943
0.970 0.199689
0.980 3.347347
0.990 -7.592940
