0.000 5.558078
0.010 10.055287
0.020 9.086955
0.030 5.303627
0.040 5.239622
0.050 5.395108
0.060 3.660595
0.070 -15.193258
0.080 3.401087
0.090 -2.883672
0.100 1.835843
0.110 -0.274022
0.120 -3.465346
0.130 6.876935
0.140 -6.356411
0.150 2.481101
0.160 -1.109301
0.170 1.730178
0.180 13.798069
0.190 -5.502133
0.200 -15.278789
0.210 9.120345
0.220 0.969722
0.230 1.641090
0.240 -6.948101
0.250 -1.187835
0.260 -7.835104
0.270 -5.813629
0.280 -10.223147
0.290 4.965354
0.300 -10.180840
0.310 -8.269007
0.320 5.566886
0.330 21.419818
0.340 -9.348904
0.350 -6.641111
0.360 -12.895526
0.370 4.373135
0.380 5.090552
0.390 10.859951
0.400 -0.797198
0.410 -10.204980
0.420 7.106190
0.430 -0.714183
0.440 -1.898250
0.450 4.614710
0.460 -7.820898
0.470 -10.233372
0.480 2.648719
0.490 6.518769
0.500 0.982262
0.510 2.667673
0.520 16.631315
0.530 4.941955
0.540 8.755631
0.550 -8.078618
0.560 0.227538
0.570 -6.298291
0.580 -9.900543
0.590 -7.667979
0.600 -0.375517
0.610 -3.714038
0.620 4.783846
0.630 -15.653889
0.640 12.738116
0.650 4.353908
0.660 9.329938
0.670 -11.951505
0.680 -13.442126
0.690 -1.823462
0.700 -14.387672
0.710 -15.311817
0.720 2.934507
0.730 3.490017
0.740 4.878907
0.750 -2.349744
0.760 6.370535
0.770 6.924341
0.780 -4.914904
0.790 9.709200
0.800 -6.507603
0.810 8.289965
0.820 2.552413
0.830 5.683214
0.840 -0.052772
0.850 -7.676277
0.860 -1.955297
0.870 0.012928
0.880 9.289896
0.890 -2.425448
0.900 -4.106617
0.910 16.024128
0.920 12.993021
0.930 12.637061
0.940 5.121052
0.950 -12.673726
0.960 -1.645753
0.970 1.069353
0.980 -4.272566
0.990 2.301073
