0.000 8.150077
0.010 -0.685111
0.020 -13.290776
0.030 -9.738523
0.040 -3.232244
0.050 15.775144
0.060 8.748163
0.070 -4.467840
0.080 3.926586
0.090 -1.993567
0.100 -7.030159
0.110 -8.165107
0.120 -2.361482
0.130 -6.179470
0.140 1.572621
0.150 -5.418656
0.160 1.778882
0.170 0.780107
0.180 8.705459
0.190 -13.850835
0.200 -2.177685
0.210 -0.418685
0.220 -1.260602
0.230 2.935179
0.240 -17.720238
0.250 -5.335121
0.260 -0.593110
0.270 10.246013
0.280 6.595092
0.290 3.429006
0.300 1.541265
0.310 -7.892287
0.320 -12.180663
0.330 -6.279502
0.340 6.774441
0.350 -1.222313
0.360 -1.948518
0.370 4.217745
0.380 -4.875641
0.390 -8.571645
0.400 12.863195
0.410 9.781024
0.420 10.112991
0.430 11.887057
0.440 -2.456471
0.450 5.150463
0.460 -4.630655
0.470 -3.960462
0.480 14.688049
0.490 6.294759
0.500 10.196714
0.510 0.490606
0.520 1.527538
0.530 -4.115798
0.540 3.037532
0.550 -7.281462
0.560 11.036780
0.570 1.276703
0.580 10.943121
0.590 1.577727
0.600 -4.468086
0.610 -7.234794
0.620 -0.267249
0.630 1.889322
0.640 15.050708
0.650 0.597664
0.660 -2.458875
0.670 7.270831
0.680 -0.198534
0.690 14.400558
0.700 -15.072502
0.710 5.240176
0.720 14.983448
0.730 -4.746855
0.740 -8.222598
0.750 -5.194718
0.760 -5.415797
0.770 -6.130792
0.780 24.009943
0.790 -2.233989
0.800 14.846072
0.810 -20.031533
0.820 6.193179
0.830 -4.877872
0.840 -6.935477
0.850 15.499458
0.860 8.808573
0.870 0.417039
0.880 4.961772
0.890 4.802930
0.900 3.040890
0.910 -1.994101
0.920 -0.481994
0.930 -3.957005
0.940 -4.771676
0.950 9.475397
0.960 -1.213258
0.970 -0.524205
0.980 2.680176
0.990 -3.327605
