0.000 3.045977
0.010 1.699600
0.020 0.317644
0.030 -11.174701
0.040 13.684076
0.050 17.198532
0.060 13.022623
0.070 4.173192
0.080 -8.844746
0.090 -8.075454
0.100 -5.425202
0.110 -13.250972
0.120 4.783860
0.130 -2.924021
0.140 -4.057853
0.150 0.745433
0.160 7.634844
0.170 -9.891464
0.180 -12.324356
0.190 -7.195778
0.200 5.036059
0.210 -7.866434
0.220 -14.476590
0.230 -5.208494
0.240 -0.954066
0.250 -10.808022
0.260 5.764903
0.270 -9.399977
0.280 1.442445
0.290 3.046077
0.300 2.781044
0.310 2.642147
0.320 4.908683
0.330 0.372027
0.340 1.207469
0.350 -8.274322
0.360 0.283415
0.370 -5.818914
0.380 -3.987803
0.390 -5.258043
0.400 19.575079
0.410 -9.476679
0.420 -9.157817
0.430 7.934351
0.440 3.227142
0.450 -4.901614
0.460 15.310463
0.470 10.302361
0.480 -1.677521
0.490 0.187039
0.500 0.039945
0.510 -6.824813
0.520 3.869342
0.530 -0.951170
0.540 2.284492
0.550 4.968604
0.560 11.034744
0.570 6.511869
0.580 8.080916
0.590 10.599908
0.600 0.611049
0.610 -15.539145
0.620 0.004725
0.630 0.541430
0.640 -17.143942
0.650 9.112493
0.660 2.183338
0.670 -2.975604
0.680 12.194148
0.690 -4.252913
0.700 2.759495
0.710 9.257836
0.720 -3.419671
0.730 3.236649
0.740 3.918472
0.750 1.981572
0.760 10.292694
0.770 -17.599820
0.780 0.759286
0.790 1.920085
0.800 -8.412905
0.810 4.123900
0.820 -0.524630
0.830 8.251666
0.840 -14.600920
0.850 -9.757608
0.860 0.738866
0.870 -1.682391
0.880 -3.648987
0.890 -6.655144
0.900 2.891070
0.910 1.003139
0.920 1.049566
0.930 -2.284656
0.940 -9.152656
0.950 10.101070
0.960 14.875928
0.970 -7.253530
0.980 4.258495
0.990 3.986648
