0.000 -9.281707
0.010 10.394374
0.020 3.325389
0.030 4.653575
0.040 -3.985598
0.050 0.041860
0.060 1.134763
0.070 -8.275998
0.080 -6.088906
0.090 6.385747
0.100 -7.356164
0.110 0.563963
0.120 6.749082
0.130 1.121154
0.140 -1.508380
0.150 8.371132
0.160 -10.299638
0.170 -2.392168
0.180 -5.951813
0.190 -1.281527
0.200 18.374565
0.210 -7.244361
0.220 -4.926521
0.230 9.491156
0.240 12.162861
0.250 -5.760504
0.260 -3.676163
0.270 0.715134
0.280 -8.952657
0.290 -7.520798
0.300 9.285167
0.310 -1.580646
0.320 -3.962110
0.330 -19.112495
0.340 -6.607963
0.350 8.056895
0.360 3.715968
0.370 -3.281197
0.380 11.273886
0.390 -4.132699
0.400 -6.365868
0.410 0.096187
0.420 0.131605
0.430 -10.225285
0.440 -8.386122
0.450 11.907665
0.460 7.541194
0.470 0.263422
0.480 1.352396
0.490 -8.891979
0.500 -2.646681
0.510 13.272259
0.520 -2.050458
0.530 -2.192596
0.540 8.120356
0.550 10.174183
0.560 4.994534
0.570 -2.042318
0.580 -0.968426
0.590 3.907285
0.600 -6.952179
0.610 -5.555541
0.620 6.142206
0.630 -8.366305
0.640 -13.952785
0.650 8.050907
0.660 -2.200400
0.670 -6.772548
0.680 2.643504
0.690 -0.280918
0.700 6.977635
0.710 5.522701
0.720 -7.666781
0.730 8.977290
0.740 7.841348
0.750 -4.307395
0.760 15.110508
0.770 4.251205
0.780 -0.701861
0.790 -8.490621
0.800 -1.141805
0.810 -5.994206
0.820 8.484499
0.830 4.711801
0.840 6.543240
0.850 -23.732604
0.860 7.222024
0.870 -3.333763
0.880 -10.138975
0.890 1.175264
0.900 -1.895743
0.910 -12.601026
0.920 9.625497
0.930 13.274118
0.940 7.809444
0.950 -14.562527
0.960 -0.867247
0.970 -9.533745
0.980 -15.470186
0.990 -14.430916
