0.000 1.458715
0.010 6.429290
0.020 -6.751992
0.030 -11.561356
0.040 -4.126649
0.050 0.201374
0.060 -1.817207
0.070 -4.079776
0.080 9.725105
0.090 4.742960
0.100 8.822677
0.110 0.825462
0.120 3.472721
0.130 7.701078
0.140 9.154924
0.150 -4.426873
0.160 6.190621
0.170 -7.901407
0.180 -11.147643
0.190 1.087733
0.200 5.394158
0.210 0.597147
0.220 7.373397
0.230 -1.013132
0.240 9.654412
0.250 4.533759
0.260 -4.418158
0.270 -3.861633
0.280 -1.000243
0.290 15.678047
0.300 -3.756020
0.310 -2.261959
0.320 -0.226558
0.330 19.013331
0.340 -0.630106
0.350 -10.585255
0.360 7.477897
0.370 -9.341379
0.380 -4.744228
0.390 -0.388118
0.400 10.124213
0.410 -9.223775
0.420 7.840442
0.430 3.131334
0.440 -0.202019
0.450 17.801712
0.460 7.438302
0.470 3.590360
0.480 -5.373766
0.490 -0.607901
0.500 1.717672
0.510 2.231673
0.520 13.155649
0.530 -4.061122
0.540 6.451553
0.550 0.426233
0.560 6.805744
0.570 10.318073
0.580 13.002565
0.590 6.537124
0.600 -8.650607
0.610 14.121950
0.620 0.176007
0.630 -1.330806
0.640 11.088966
0.650 13.750590
0.660 -2.789869
0.670 -2.624602
0.680 10.412025
0.690 -9.018452
0.700 -11.748653
0.710 2.655739
0.720 -2.077735
0.730 6.119942
0.740 -2.223163
0.750 -9.881256
0.760 -0.948503
0.770 -8.462275
0.780 6.064211
0.790 5.777315
0.800 11.807303
0.810 1.631010
0.820 -1.126290
0.830 -0.871338
0.840 5.461627
0.850 17.516075
0.860 7.025354
0.870 -5.012954
0.880 -2.888710
0.890 10.776656
0.900 12.077878
0.910 6.609102
0.920 -3.660119
0.930 0.463509
0.940 -4.777984
0.950 4.338684
0.960 11.701371
0.970 3.824958
0.980 0.664394
0.990 5.914122
