0.000 -10.687102
0.010 3.753286
0.020 8.430921
0.030 -14.623027
0.040 14.065570
0.050 12.588434
0.060 -1.571088
0.070 -10.432939
0.080 0.519511
0.090 -11.246950
0.100 11.876148
0.110 -9.628429
0.120 3.150248
0.130 9.041860
0.140 4.426733
0.150 -0.297299
0.160 -2.501393
0.170 12.650107
0.180 17.615163
0.190 0.179208
0.200 4.985891
0.210 -11.762170
0.220 -5.066602
0.230 -6.493052
0.240 2.217851
0.250 -6.508841
0.260 -4.553602
0.270 1.425848
0.280 -7.445038
0.290 -1.573630
0.300 7.958903
0.310 -4.596681
0.320 4.374186
0.330 -4.155589
0.340 4.012320
0.350 1.966565
0.360 6.316668
0.370 5.820918
0.380 5.353443
0.390 0.400891
0.400 3.854066
0.410 -0.904434
0.420 3.672750
0.430 -1.495990
0.440 -8.230544
0.450 -5.939289
0.460 -3.901900
0.470 -2.933565
0.480 14.914506
0.490 13.989038
0.500 0.008369
0.510 -4.812025
0.520 -2.141628
0.530 1.463193
0.540 11.017862
0.550 -0.585423
0.560 -0.891783
0.570 -4.031682
0.580 0.308179
0.590 -14.823255
0.600 0.958907
0.610 -0.243766
0.620 5.427981
0.630 5.966547
0.640 7.419230
0.650 0.721689
0.660 5.369942
0.670 8.077212
0.680 2.923290
0.690 3.312473
0.700 3.491254
0.710 -3.950644
0.720 2.210399
0.730 -2.612784
0.740 4.259735
0.750 -12.802113
0.760 3.828033
0.770 -0.968341
0.780 -11.887992
0.790 0.348451
0.800 -13.223117
0.810 6.316749
0.820 -5.181272
0.830 1.565489
0.840 -5.949821
0.850 9.139448
0.860 -5.612281
0.870 -4.759004
0.880 4.936946
0.890 -3.635613
0.900 10.231851
0.910 4.816330
0.920 -4.994384
0.930 5.432788
0.940 -0.419064
0.950 1.949160
0.960 -3.306748
0.970 8.313035
0.980 -7.291514
0.990 12.276138
