0.000 3.582906
0.010 -3.711806
0.020 -11.289499
0.030 5.287645
0.040 -5.147355
0.050 9.579654
0.060 5.737469
0.070 5.757345
0.080 13.728256
0.090 2.007945
0.100 -13.103049
0.110 -1.605480
0.120 2.543210
0.130 4.753943
0.140 -5.271992
0.150 -0.807230
0.160 2.866100
0.170 9.998775
0.180 -10.389602
0.190 -1.581068
0.200 -9.581742
0.210 5.418956
0.220 -0.027520
0.230 4.563463
0.240 -10.823504
0.250 3.195396
0.260 7.847715
0.270 0.042723
0.280 -1.767059
0.290 -16.313437
0.300 -1.766151
0.310 -3.604381
0.320 -15.238822
0.330 16.142632
0.340 -9.952504
0.350 12.781509
0.360 -5.631121
0.370 -4.219887
0.380 -9.377063
0.390 9.401034
0.400 -0.836189
0.410 7.244197
0.420 -10.141277
0.430 8.623423
0.440 -15.828576
0.450 5.006887
0.460 -2.498329
0.470 -7.017902
0.480 -12.009366
0.490 -3.779255
0.500 -1.691242
0.510 12.633009
0.520 5.250151
0.530 4.507277
0.540 1.319133
0.550 -3.210124
0.560 -7.533718
0.570 -4.558903
0.580 -6.638640
0.590 -1.081824
0.600 -13.641665
0.610 3.256231
0.620 -3.509720
0.630 13.836464
0.640 -23.400151
0.650 0.223273
0.660 -5.037938
0.670 -5.895330
0.680 10.429462
0.690 10.763618
0.700 -6.464405
0.710 15.635116
0.720 -0.799213
0.730 -1.660999
0.740 -3.633217
0.750 1.558405
0.760 16.472002
0.770 7.429098
0.780 -7.989299
0.790 0.330491
0.800 4.751016
0.810 1.574259
0.820 -5.487241
0.830 4.785015
0.840 14.963893
0.850 7.033664
0.860 12.399967
0.870 8.055162
0.880 -5.189560
0.890 -15.539195
0.900 1.508656
0.910 12.473309
0.920 -5.952167
0.930 16.446760
0.940 -8.056688
0.950 9.868374
0.960 -15.571427
0.970 -1.339492
0.980 2.612628
0.990 3.041639
