0.000 -6.949716
0.010 -10.371562
0.020 4.483886
0.030 -5.205467
0.040 -6.344246
0.050 12.282460
0.060 8.367945
0.070 5.743020
0.080 -0.632893
0.090 8.828768
0.100 -6.043783
0.110 -0.481041
0.120 -1.295977
0.130 7.284346
0.140 8.719038
0.150 11.392950
0.160 12.001914
0.170 -0.465907
0.180 -1.846846
0.190 5.373895
0.200 2.971734
0.210 15.414668
0.220 0.707276
0.230 -7.481796
0.240 7.329904
0.250 0.923301
0.260 8.895308
0.270 7.264395
0.280 -8.826910
0.290 2.201779
0.300 -0.667719
0.310 -1.408847
0.320 2.909815
0.330 6.122979
0.340 3.601589
0.350 -0.145487
0.360 22.397152
0.370 -4.444300
0.380 -8.155111
0.390 -1.587732
0.400 17.594490
0.410 8.915900
0.420 8.691196
0.430 1.063023
0.440 4.379296
0.450 -10.411108
0.460 4.244266
0.470 7.378489
0.480 -0.658892
0.490 9.033814
0.500 -9.611470
0.510 2.704335
0.520 20.517225
0.530 2.473227
0.540 -5.955841
0.550 -8.622335
0.560 8.328606
0.570 -6.915812
0.580 -19.342981
0.590 -0.678122
0.600 -11.015034
0.610 -7.015233
0.620 10.496853
0.630 12.244495
0.640 -2.492351
0.650 2.116018
0.660 -0.059404
0.670 -9.153975
0.680 -7.230360
0.690 2.295242
0.700 5.114121
0.710 2.227874
0.720 -5.292945
0.730 2.464515
0.740 -17.023665
0.750 9.161640
0.760 -3.995513
0.770 2.218847
0.780 4.376794
0.790 -6.989343
0.800 3.633819
0.810 17.798092
0.820 -1.447915
0.830 6.398628
0.840 -1.717905
0.850 0.306413
0.860 4.585910
0.870 1.214658
0.880 -2.897462
0.890 -4.455258
0.900 6.124098
0.910 -5.240063
0.920 -12.826782
0.930 -0.241567
0.940 6.696712
0.950 5.989483
0.960 -7.545844
0.970 10.913431
0.980 15.508954
0.990 4.140017
