0.000 3.537652
0.010 10.733088
0.020 -11.258910
0.030 -0.446212
0.040 6.391572
0.050 1.758032
0.060 17.127494
0.070 -5.471171
0.080 6.100176
0.090 -9.689625
0.100 2.485530
0.110 1.266071
0.120 -4.089686
0.130 -0.628571
0.140 1.691405
0.150 12.616540
0.160 -6.512278
0.170 -2.624535
0.180 -0.748962
0.190 -7.702291
0.200 -5.626917
0.210 1.259670
0.220 -0.799307
0.230 5.565701
0.240 -1.140849
0.250 -0.269739
0.260 1.429183
0.270 0.696617
0.280 0.267396
0.290 1.055693
0.300 -7.673940
0.310 -4.373005
0.320 -22.051811
0.330 -5.896912
0.340 11.662142
0.350 9.031685
0.360 -10.795112
0.370 -6.551803
0.380 1.233908
0.390 -5.554522
0.400 7.015542
0.410 10.577925
0.420 -1.207833
0.430 7.422212
0.440 1.972485
0.450 -7.171239
0.460 -5.563778
0.470 2.076612
0.480 3.206943
0.490 -3.695621
0.500 1.733455
0.510 -3.938536
0.520 -7.772687
0.530 3.511228
0.540 13.249176
0.550 8.911952
0.560 0.606629
0.570 8.646468
0.580 -1.275502
0.590 1.632366
0.600 7.535248
0.610 3.028608
0.620 4.486535
0.630 3.106897
0.640 -11.287699
0.650 -11.204770
0.660 -1.363377
0.670 -6.682403
0.680 -7.718344
0.690 4.740864
0.700 -3.169874
0.710 1.082845
0.720 7.108265
0.730 1.093315
0.740 13.848973
0.750 -6.328340
0.760 -7.810539
0.770 -11.310856
0.780 -1.740428
0.790 1.195491
0.800 4.920569
0.810 -4.318099
0.820 -7.230995
0.830 0.754906
0.840 8.200442
0.850 -13.418810
0.860 -4.917201
0.870 -7.209144
0.880 -5.070471
0.890 1.537311
0.900 1.891058
0.910 8.771204
0.920 -7.193947
0.930 2.191383
0.940 -10.090379
0.950 4.587924
0.960 -1.917151
0.970 2.440045
0.980 3.449487
0.990 -8.827920
