0.000 5.168361
0.010 -4.171934
0.020 -1.167162
0.030 -3.082277
0.040 4.294848
0.050 1.580555
0.060 12.749148
0.070 13.041690
0.080 4.907849
0.090 -13.676184
0.100 -5.460459
0.110 2.387367
0.120 -12.252414
0.130 2.153650
0.140 -5.775883
0.150 1.541050
0.160 -4.236346
0.170 -9.186336
0.180 -0.917046
0.190 4.995624
0.200 2.649315
0.210 6.485891
0.220 -11.704511
0.230 -5.870567
0.240 -5.712496
0.250 -0.009550
0.260 -12.836191
0.270 8.514696
0.280 -8.651322
0.290 7.918147
0.300 1.971133
0.310 -2.856615
0.320 3.013791
0.330 16.359189
0.340 14.168119
0.350 -9.934473
0.360 -3.726344
0.370 -5.899393
0.380 -9.780895
0.390 3.585682
0.400 -2.054796
0.410 1.494234
0.420 -6.652031
0.430 -2.858660
0.440 2.213204
0.450 -11.815427
0.460 -0.816641
0.470 -4.124170
0.480 0.883297
0.490 7.846676
0.500 3.514602
0.510 8.318670
0.520 -6.390805
0.530 0.651832
0.540 0.698785
0.550 4.424115
0.560 -10.868424
0.570 1.852452
0.580 -14.219855
0.590 -7.504439
0.600 0.522270
0.610 10.021645
0.620 7.443346
0.630 10.450555
0.640 -1.925056
0.650 11.165416
0.660 4.814263
0.670 -8.399175
0.680 -6.470145
0.690 -4.669154
0.700 8.003879
0.710 -16.683921
0.720 6.644687
0.730 -6.347904
0.740 4.306436
0.750 11.749435
0.760 -6.451549
0.770 8.564227
0.780 -2.765100
0.790 -15.937778
0.800 10.659558
0.810 -9.978085
0.820 5.289726
0.830 0.595325
0.840 6.653703
0.850 -7.292026
0.860 2.113462
0.870 -14.702347
0.880 6.940127
0.890 1.148738
0.900 0.889576
0.910 -6.850010
0.920 -1.344062
0.930 -7.128051
0.940 -6.970661
0.950 23.108971
0.960 -10.395606
0.970 6.302266
0.980 -11.892775
0.990 15.021873
