0.000 3.217491
0.010 -5.587770
0.020 7.003728
0.030 5.922062
0.040 7.338229
0.050 -6.985866
0.060 -8.887467
0.070 8.296147
0.080 4.564057
0.090 -4.402421
0.100 2.374232
0.110 9.182214
0.120 -2.411340
0.130 -9.092330
0.140 5.690815
0.150 -1.995216
0.160 -4.535514
0.170 -8.632530
0.180 3.422599
0.190 6.956901
0.200 -10.516283
0.210 4.026116
0.220 -4.353503
0.230 5.493590
0.240 -10.570288
0.250 0.838326
0.260 8.638682
0.270 -12.808006
0.280 3.148139
0.290 0.143349
0.300 -5.517427
0.310 6.163633
0.320 -7.753902
0.330 7.472244
0.340 6.050637
0.350 -5.709276
0.360 2.741273
0.370 9.975350
0.380 5.552322
0.390 10.944404
0.400 -3.949435
0.410 0.470146
0.420 -4.096944
0.430 4.225990
0.440 1.749263
0.450 8.148702
0.460 -1.999999
0.470 0.418380
0.480 -2.898857
0.490 -11.792613
0.500 -1.055851
0.510 8.168253
0.520 -1.266405
0.530 6.136982
0.540 7.254201
0.550 3.604561
0.560 -10.302343
0.570 -3.734948
0.580 -12.315695
0.590 -3.694002
0.600 5.733436
0.610 -12.619792
0.620 3.162443
0.630 7.938476
0.640 3.603222
0.650 6.452662
0.660 4.843608
0.670 -20.393070
0.680 4.226000
0.690 0.666205
0.700 -7.176335
0.710 -16.872495
0.720 11.121705
0.730 -2.730667
0.740 -2.260571
0.750 10.548618
0.760 23.377447
0.770 -17.848948
0.780 11.545074
0.790 -13.511709
0.800 2.285923
0.810 -8.535060
0.820 -0.076653
0.830 -5.506577
0.840 -20.115162
0.850 -6.253583
0.860 2.561252
0.870 1.393790
0.880 4.870085
0.890 -13.424129
0.900 17.168293
0.910 5.862285
0.920 -12.893336
0.930 -0.208011
0.940 -6.805021
0.950 4.315780
0.960 2.195941
0.970 -4.417850
0.980 9.366695
0.990 -18.048626
