0.000 13.456985
0.010 -4.049795
0.020 9.120427
0.030 -16.963992
0.040 -2.371844
0.050 -6.139609
0.060 -0.093251
0.070 15.270286
0.080 -9.887142
0.090 -1.031532
0.100 -22.064828
0.110 2.194477
0.120 14.763788
0.130 -9.103076
0.140 9.806149
0.150 0.948188
0.160 -0.216236
0.170 4.654983
0.180 6.806951
0.190 -4.904782
0.200 8.973165
0.210 2.400968
0.220 -8.214616
0.230 10.285909
0.240 1.043984
0.250 16.462357
0.260 -11.541660
0.270 -12.487525
0.280 -8.861891
0.290 -1.095699
0.300 -8.847995
0.310 -4.754038
0.320 7.033233
0.330 6.633591
0.340 -10.503012
0.350 2.820738
0.360 -5.307384
0.370 6.693886
0.380 -6.182905
0.390 2.318762
0.400 7.980565
0.410 11.772014
0.420 -1.226158
0.430 4.204813
0.440 -2.903428
0.450 1.602625
0.460 -10.719563
0.470 -3.823080
0.480 22.200576
0.490 0.346101
0.500 3.998265
0.510 10.884109
0.520 -4.430587
0.530 -13.785617
0.540 -3.543265
0.550 7.024216
0.560 -3.221050
0.570 8.416136
0.580 5.407678
0.590 -2.005517
0.600 2.528470
0.610 -9.375585
0.620 3.512178
0.630 2.326181
0.640 3.260894
0.650 -7.394113
0.660 -5.929775
0.670 -2.524672
0.680 1.254417
0.690 13.098486
0.700 -6.425681
0.710 4.450262
0.720 9.554896
0.730 1.439647
0.740 0.213031
0.750 6.001091
0.760 2.414412
0.770 0.003571
0.780 7.198998
0.790 -1.768029
0.800 -9.146954
0.810 -0.905009
0.820 5.462648
0.830 4.251839
0.840 -11.612807
0.850 8.310104
0.860 4.493751
0.870 -2.157587
0.880 -5.254938
0.890 -17.358330
0.900 9.222873
0.910 -4.738090
0.920 -8.976474
0.930 -1.144742
0.940 -1.395437
0.950 3.567987
0.960 26.944658
0.970 -0.849053
0.980 4.625133
0.990 6.593736
