0.000 -2.382399
0.010 -1.875845
0.020 -10.081498
0.030 -1.698251
0.040 10.221391
0.050 1.237721
0.060 -1.734193
0.070 5.627915
0.080 -9.605369
0.090 1.537404
0.100 4.022933
0.110 3.056978
0.120 1.324262
0.130 1.756715
0.140 8.202135
0.150 3.543886
0.160 -3.668973
0.170 -6.172066
0.180 -7.837814
0.190 -1.871001
0.200 1.609001
0.210 -2.956647
0.220 -0.190373
0.230 5.369228
0.240 8.698448
0.250 -2.621589
0.260 -0.790376
0.270 6.356954
0.280 10.271969
0.290 3.263112
0.300 4.741997
0.310 -1.804758
0.320 -2.869751
0.330 5.698014
0.340 -7.690520
0.350 -0.378199
0.360 -7.736405
0.370 1.473778
0.380 10.307594
0.390 4.760703
0.400 -10.404471
0.410 -7.643296
0.420 3.677907
0.430 -5.639052
0.440 -11.353320
0.450 1.236840
0.460 -12.338116
0.470 4.727254
0.480 -3.114878
0.490 -9.190203
0.500 12.629605
0.510 7.392632
0.520 -5.248367
0.530 4.119899
0.540 0.092066
0.550 -2.806206
0.560 12.917275
0.570 1.067203
0.580 -1.529885
0.590 -8.692646
0.600 -10.980248
0.610 -3.629794
0.620 4.003064
0.630 -8.994518
0.640 -6.508513
0.650 5.464310
0.660 -2.031731
0.670 -15.091473
0.680 6.731549
0.690 6.860967
0.700 6.672047
0.710 -2.965349
0.720 1.937360
0.730 -5.128829
0.740 -15.131576
0.750 -6.267527
0.760 -7.345964
0.770 13.934293
0.780 -1.841248
0.790 -4.063582
0.800 -9.434156
0.810 -16.086180
0.820 -10.421262
0.830 17.862302
0.840 -1.365369
0.850 7.772992
0.860 -4.433991
0.870 -17.133063
0.880 -3.578414
0.890 -14.203524
0.900 13.504667
0.910 -6.740490
0.920 -4.451229
0.930 -2.605472
0.940 1.946142
0.950 15.199916
0.960 1.128259
0.970 1.606423
0.980 2.933467
0.990 -7.477845
