0.000 -1.450153
0.010 1.116390
0.020 -2.727614
0.030 -0.912164
0.040 -3.209435
0.050 -5.423435
0.060 -1.884638
0.070 -2.746758
0.080 -2.662652
0.090 20.213762
0.100 4.313162
0.110 -5.947756
0.120 -7.348492
0.130 9.479016
0.140 -17.510934
0.150 22.295979
0.160 7.725570
0.170 2.142925
0.180 -8.328543
0.190 -3.788802
0.200 -0.971339
0.210 -10.746677
0.220 -4.389241
0.230 -4.301778
0.240 -1.537603
0.250 12.547462
0.260 3.793330
0.270 9.754578
0.280 9.803143
0.290 10.100822
0.300 2.530100
0.310 5.567811
0.320 3.066402
0.330 2.382183
0.340 4.433138
0.350 4.920339
0.360 5.683689
0.370 4.404682
0.380 -3.826693
0.390 -0.920903
0.400 11.072886
0.410 -7.577786
0.420 -3.331122
0.430 11.758669
0.440 15.011556
0.450 -2.189325
0.460 -9.799463
0.470 0.356475
0.480 10.017339
0.490 3.197410
0.500 -3.294713
0.510 4.720152
0.520 16.143907
0.530 5.605314
0.540 -2.738863
0.550 -2.515102
0.560 -5.259363
0.570 0.718536
0.580 -0.921044
0.590 14.900777
0.600 -8.942100
0.610 6.938781
0.620 0.831539
0.630 4.994726
0.640 -2.121459
0.650 -8.478271
0.660 0.371011
0.670 -8.292640
0.680 -0.811113
0.690 1.312603
0.700 8.946256
0.710 -4.600967
0.720 -3.501337
0.730 2.741974
0.740 5.466961
0.750 -4.702104
0.760 -0.389312
0.770 2.832299
0.780 7.514207
0.790 2.094270
0.800 4.541378
0.810 -12.437404
0.820 0.511904
0.830 -12.583070
0.840 4.430377
0.850 -0.325771
0.860 -7.554753
0.870 9.569085
0.880 5.261759
0.890 -6.216640
0.900 4.741735
0.910 -13.722873
0.920 -4.851820
0.930 9.195784
0.940 5.482324
0.950 0.017737
0.960 18.512203
0.970 0.937981
0.980 -17.294384
0.990 10.422406
