0.000 3.320564
0.010 1.765419
0.020 -22.781604
0.030 8.197814
0.040 2.846915
0.050 -10.780748
0.060 4.106001
0.070 -1.270273
0.080 10.786605
0.090 -8.027273
0.100 19.290247
0.110 -10.602836
0.120 -21.927798
0.130 14.361930
0.140 -2.092763
0.150 1.269221
0.160 1.725254
0.170 19.008645
0.180 -2.286226
0.190 -5.912374
0.200 -10.039163
0.210 2.323674
0.220 23.111705
0.230 -23.155675
0.240 12.209442
0.250 2.974563
0.260 13.327372
0.270 -0.687143
0.280 -16.938146
0.290 -1.085228
0.300 -4.702903
0.310 5.458493
0.320 5.200769
0.330 11.853792
0.340 -4.854837
0.350 -15.007873
0.360 -1.920691
0.370 0.839335
0.380 7.537857
0.390 -9.707240
0.400 1.449071
0.410 15.771847
0.420 10.250128
0.430 -2.200720
0.440 1.867066
0.450 4.809155
0.460 11.881011
0.470 -6.730701
0.480 0.283000
0.490 9.168478
0.500 7.345521
0.510 -15.254720
0.520 -18.425058
0.530 12.427368
0.540 -6.874209
0.550 3.453988
0.560 -3.666423
0.570 3.075854
0.580 6.847505
0.590 10.731569
0.600 -0.874881
0.610 -20.852243
0.620 1.089962
0.630 -9.811973
0.640 8.040172
0.650 -2.455637
0.660 2.025008
0.670 -14.086397
0.680 -5.076034
0.690 -20.407945
0.700 -9.012172
0.710 -1.877539
0.720 -1.725920
0.730 13.052588
0.740 -21.852275
0.750 16.170605
0.760 2.847804
0.770 8.287049
0.780 1.331562
0.790 9.109615
0.800 9.436629
0.810 -8.863681
0.820 -2.463872
0.830 4.850489
0.840 -4.790706
0.850 2.557399
0.860 0.466009
0.870 -3.588540
0.880 2.487446
0.890 0.153399
0.900 -14.114477
0.910 -0.453333
0.920 11.722437
0.930 -6.387233
0.940 11.505600
0.950 3.917268
0.960 -2.267141
0.970 -3.124408
0.980 -5.797673
0.990 6.006177
