0.000 10.416813
0.010 3.013480
0.020 -8.258887
0.030 -8.068552
0.040 -5.264578
0.050 10.460959
0.060 -2.974119
0.070 -1.030672
0.080 -10.958061
0.090 -9.022627
0.100 7.549766
0.110 -7.338493
0.120 1.635001
0.130 -0.147892
0.140 -10.410805
0.150 1.164277
0.160 14.710974
0.170 10.762508
0.180 6.274971
0.190 10.404963
0.200 8.105827
0.210 6.134219
0.220 12.729648
0.230 6.902071
0.240 1.010124
0.250 3.035868
0.260 -2.766353
0.270 -4.389748
0.280 -0.586792
0.290 -9.688206
0.300 -14.020216
0.310 -4.669532
0.320 -4.795754
0.330 -1.933049
0.340 15.379946
0.350 -0.236274
0.360 11.605886
0.370 -4.750753
0.380 -15.201780
0.390 -7.196034
0.400 -3.372928
0.410 -15.501783
0.420 9.640087
0.430 13.749915
0.440 6.345484
0.450 1.762108
0.460 -9.850691
0.470 -2.474861
0.480 -6.897732
0.490 -3.940167
0.500 6.549699
0.510 0.702523
0.520 5.715725
0.530 0.148924
0.540 18.507003
0.550 -14.469067
0.560 -2.732652
0.570 2.962296
0.580 6.810387
0.590 -1.163987
0.600 -7.665976
0.610 8.449138
0.620 -8.015977
0.630 2.003094
0.640 -7.353177
0.650 -4.457546
0.660 8.882148
0.670 -11.625775
0.680 -5.127773
0.690 -12.812985
0.700 3.458689
0.710 -4.714206
0.720 0.908215
0.730 22.367279
0.740 -22.096075
0.750 -0.548472
0.760 -14.453547
0.770 3.701650
0.780 3.238627
0.790 -0.051477
0.800 11.604175
0.810 4.373454
0.820 -11.220209
0.830 4.363283
0.840 -1.353623
0.850 14.394408
0.860 -4.745200
0.870 -2.415805
0.880 1.389728
0.890 2.353564
0.900 4.974935
0.910 -10.483949
0.920 1.276225
0.930 -5.848322
0.940 1.414314
0.950 5.147607
0.960 7.637404
0.970 -11.072436
0.980 6.219419
0.990 -7.282179
