0.000 -3.164773
0.010 16.905043
0.020 -9.754014
0.030 -3.145066
0.040 2.905164
0.050 2.946073
0.060 6.392482
0.070 7.051941
0.080 -11.167940
0.090 -9.203757
0.100 -22.358925
0.110 -4.165526
0.120 2.219751
0.130 0.710636
0.140 5.333068
0.150 -2.116367
0.160 0.158443
0.170 -7.650700
0.180 14.830101
0.190 6.263056
0.200 3.607530
0.210 -4.539071
0.220 3.019658
0.230 -0.462606
0.240 -6.573406
0.250 5.228176
0.260 9.221262
0.270 -7.708692
0.280 1.100059
0.290 0.293440
0.300 8.154436
0.310 -9.557501
0.320 -4.516435
0.330 2.307318
0.340 -12.368412
0.350 6.932621
0.360 3.803711
0.370 10.858682
0.380 -12.515429
0.390 9.131444
0.400 -0.132412
0.410 2.874829
0.420 -20.308703
0.430 -19.173530
0.440 11.421651
0.450 -3.572898
0.460 -1.361846
0.470 -7.255600
0.480 1.155027
0.490 -3.490940
0.500 0.476040
0.510 8.210220
0.520 6.328506
0.530 5.418990
0.540 0.788299
0.550 -2.480989
0.560 4.471641
0.570 -3.301231
0.580 17.708726
0.590 -0.312771
0.600 -6.625044
0.610 15.866047
0.620 4.838934
0.630 7.962117
0.640 -20.109974
0.650 -12.517152
0.660 -7.814116
0.670 12.167544
0.680 5.805110
0.690 9.556616
0.700 -1.900688
0.710 9.540644
0.720 13.812481
0.730 15.592587
0.740 2.329772
0.750 -2.783282
0.760 -5.715898
0.770 -17.719027
0.780 0.144174
0.790 -6.300600
0.800 -3.341012
0.810 -1.735466
0.820 -14.640222
0.830 9.647283
0.840 13.508729
0.850 21.110262
0.860 -2.407342
0.870 10.705055
0.880 11.722480
0.890 -1.126173
0.900 7.744124
0.910 8.898457
0.920 -0.661566
0.930 -17.361857
0.940 3.252857
0.950 -3.243070
0.960 -10.191601
0.970 -10.590760
0.980 4.295728
0.990 -6.781969
