0.000 -2.490970
0.010 8.941389
0.020 -7.414613
0.030 -6.011297
0.040 1.433990
0.050 0.652675
0.060 -2.342465
0.070 4.312290
0.080 -1.144958
0.090 -4.596921
0.100 -1.902229
0.110 2.413404
0.120 8.650971
0.130 12.636125
0.140 6.282028
0.150 4.498534
0.160 1.570880
0.170 1.201005
0.180 -4.695552
0.190 1.745755
0.200 0.216946
0.210 14.383971
0.220 -0.128041
0.230 -5.146029
0.240 2.993092
0.250 2.955079
0.260 8.657163
0.270 11.810085
0.280 16.364479
0.290 -1.762497
0.300 -3.234194
0.310 2.209049
0.320 -2.059463
0.330 -0.460034
0.340 -9.254261
0.350 -2.556725
0.360 -10.490453
0.370 4.879422
0.380 -7.638851
0.390 9.341539
0.400 -5.459296
0.410 -12.186441
0.420 7.247956
0.430 -8.499578
0.440 -2.835797
0.450 21.438801
0.460 -2.502161
0.470 7.137494
0.480 -14.526126
0.490 -3.210049
0.500 2.066047
0.510 8.177075
0.520 -10.420075
0.530 -3.626463
0.540 1.137407
0.550 -0.642644
0.560 7.496453
0.570 -1.936990
0.580 -4.320280
0.590 -12.140019
0.600 1.406260
0.610 -1.981115
0.620 1.255369
0.630 7.124419
0.640 0.199072
0.650 -0.244228
0.660 9.719841
0.670 -2.057749
0.680 14.406489
0.690 2.152430
0.700 2.902862
0.710 -2.291023
0.720 2.589847
0.730 7.879510
0.740 8.836043
0.750 3.029089
0.760 -16.839063
0.770 0.527949
0.780 13.465087
0.790 13.450748
0.800 1.107395
0.810 -8.296966
0.820 -0.723148
0.830 4.278681
0.840 6.842103
0.850 5.074667
0.860 -12.870032
0.870 8.898530
0.880 20.378445
0.890 8.398919
0.900 4.610111
0.910 5.527847
0.920 3.163691
0.930 0.262222
0.940 6.466716
0.950 -0.035196
0.960 5.610037
0.970 -4.469078
0.980 7.180688
0.990 -8.860756
