0.000 1.539536
0.010 -6.408347
0.020 7.172521
0.030 -1.159463
0.040 2.414741
0.050 -1.486323
0.060 -4.797433
0.070 -9.523539
0.080 4.339082
0.090 -10.352645
0.100 13.596175
0.110 3.324810
0.120 12.854038
0.130 -3.374576
0.140 11.498219
0.150 3.254877
0.160 -1.883551
0.170 -3.831463
0.180 0.334407
0.190 0.855561
0.200 -0.185858
0.210 -1.842136
0.220 -6.945749
0.230 -1.409336
0.240 -0.300536
0.250 11.295553
0.260 -5.008845
0.270 -7.136544
0.280 12.474719
0.290 -10.006608
0.300 -1.131880
0.310 6.141289
0.320 -2.871778
0.330 -2.467689
0.340 -8.653317
0.350 3.238909
0.360 7.354627
0.370 -6.311286
0.380 0.160415
0.390 2.189227
0.400 -10.673301
0.410 2.913536
0.420 -2.548566
0.430 0.584173
0.440 2.323742
0.450 11.077237
0.460 8.765364
0.470 -13.664742
0.480 -1.936586
0.490 5.377690
0.500 -2.903528
0.510 -6.905368
0.520 6.430002
0.530 -5.057857
0.540 -1.567959
0.550 1.220356
0.560 4.486339
0.570 15.706114
0.580 10.264712
0.590 14.071010
0.600 3.662338
0.610 -2.766622
0.620 3.379318
0.630 -7.272770
0.640 -8.724726
0.650 6.214260
0.660 -3.663316
0.670 1.019089
0.680 -6.232581
0.690 9.436003
0.700 8.100203
0.710 -9.504269
0.720 -0.047416
0.730 -3.319456
0.740 4.881042
0.750 -1.212405
0.760 -2.625976
0.770 -8.875023
0.780 2.758409
0.790 -0.354073
0.800 -0.622314
0.810 4.452933
0.820 -1.504311
0.830 -8.091225
0.840 -7.302402
0.850 -3.384046
0.860 15.467250
0.870 -23.304414
0.880 1.748935
0.890 5.756661
0.900 -3.529829
0.910 3.387701
0.920 -7.532907
0.930 -6.560214
0.940 -1.121046
0.950 -8.685984
0.960 2.887020
0.970 -1.664091
0.980 11.460395
0.990 -1.224659
