0.000 3.093338
0.010 -10.503221
0.020 -12.632596
0.030 9.025140
0.040 4.120653
0.050 4.522622
0.060 -2.800479
0.070 -0.099175
0.080 -1.110174
0.090 -7.983742
0.100 -4.320502
0.110 -3.877815
0.120 2.279490
0.130 6.011595
0.140 -1.560346
0.150 11.957771
0.160 13.913080
0.170 5.000216
0.180 9.135261
0.190 1.509310
0.200 -6.381626
0.210 -1.113787
0.220 3.128757
0.230 -3.805493
0.240 1.090127
0.250 -8.864928
0.260 8.047819
0.270 10.473424
0.280 6.739116
0.290 3.483179
0.300 -4.869220
0.310 10.928456
0.320 4.939181
0.330 -7.434234
0.340 6.408535
0.350 15.863268
0.360 -8.145185
0.370 2.589123
0.380 8.967171
0.390 -3.933533
0.400 -2.045748
0.410 11.565727
0.420 -3.960875
0.430 6.274717
0.440 4.430828
0.450 3.240586
0.460 -10.323290
0.470 6.835519
0.480 5.255836
0.490 5.087302
0.500 11.898193
0.510 -16.307303
0.520 11.535494
0.530 -3.601480
0.540 -2.449751
0.550 -17.156887
0.560 -3.644792
0.570 7.376974
0.580 1.198421
0.590 -0.259400
0.600 10.650824
0.610 -6.041679
0.620 -4.226410
0.630 -7.315673
0.640 -12.733908
0.650 -0.477424
0.660 -14.912208
0.670 2.810612
0.680 10.437103
0.690 -1.529380
0.700 -11.336944
0.710 12.082941
0.720 5.106703
0.730 7.913578
0.740 -16.743949
0.750 -5.420864
0.760 -4.097802
0.770 -3.333446
0.780 1.998243
0.790 -0.133283
0.800 17.906281
0.810 -1.775639
0.820 -5.804556
0.830 -1.715650
0.840 -3.382994
0.850 -1.573313
0.860 3.758112
0.870 -0.602988
0.880 -1.494764
0.890 -5.575371
0.900 -12.915250
0.910 -7.891693
0.920 12.040204
0.930 -7.582738
0.940 -4.581225
0.950 8.745340
0.960 3.252545
0.970 12.415017
0.980 -3.435732
0.990 -4.192850
