0.000 -12.984472
0.010 -11.930287
0.020 -3.498678
0.030 -3.326974
0.040 -1.767719
0.050 8.047900
0.060 5.774698
0.070 -0.610263
0.080 3.595871
0.090 -12.729244
0.100 26.505036
0.110 -11.633293
0.120 2.628987
0.130 -7.997554
0.140 4.738332
0.150 4.226339
0.160 -10.069211
0.170 9.428353
0.180 3.361583
0.190 10.264061
0.200 -8.065890
0.210 4.898544
0.220 -12.390949
0.230 -3.672542
0.240 2.773825
0.250 -2.620035
0.260 12.634587
0.270 -14.533098
0.280 -2.236990
0.290 5.845567
0.300 -5.486742
0.310 6.564515
0.320 -5.683441
0.330 4.221571
0.340 2.485816
0.350 3.191346
0.360 -3.641783
0.370 -8.447637
0.380 -3.116977
0.390 2.956326
0.400 -1.572199
0.410 9.774300
0.420 1.551816
0.430 0.222546
0.440 -8.854857
0.450 -2.074493
0.460 14.257705
0.470 -9.754482
0.480 0.936511
0.490 -4.804103
0.500 -1.073077
0.510 -9.140811
0.520 -0.821219
0.530 -2.124936
0.540 8.406536
0.550 -1.888901
0.560 1.945075
0.570 -9.726620
0.580 -9.112425
0.590 -20.991569
0.600 7.688148
0.610 -0.956737
0.620 2.773807
0.630 -3.823559
0.640 0.776286
0.650 0.449282
0.660 -18.924257
0.670 -7.592706
0.680 3.200059
0.690 6.945883
0.700 -8.100043
0.710 3.301737
0.720 8.536464
0.730 0.158127
0.740 -5.050073
0.750 -2.918267
0.760 -2.841972
0.770 19.436159
0.780 -13.941317
0.790 -2.700309
0.800 -2.641490
0.810 2.773656
0.820 11.076669
0.830 2.190589
0.840 -13.976162
0.850 -3.024667
0.860 -3.996571
0.870 -4.421969
0.880 14.220978
0.890 -4.682595
0.900 -4.337132
0.910 -11.596772
0.920 -4.766979
0.930 4.379763
0.940 -7.290759
0.950 -6.275427
0.960 -8.509235
0.970 -7.540322
0.980 3.785184
0.990 10.612673
