0.000 -0.981366
0.010 8.628682
0.020 -2.782575
0.030 2.519840
0.040 -1.170591
0.050 6.607436
0.060 1.450360
0.070 -3.980479
0.080 4.458708
0.090 -10.205687
0.100 9.662574
0.110 0.787460
0.120 -7.915365
0.130 5.877844
0.140 -10.393362
0.150 -4.072083
0.160 -4.055928
0.170 2.431656
0.180 -6.688050
0.190 0.172151
0.200 12.961551
0.210 5.821264
0.220 -1.705117
0.230 -6.960399
0.240 -2.039299
0.250 6.344667
0.260 5.714753
0.270 -14.931669
0.280 13.099029
0.290 -10.351504
0.300 4.120701
0.310 -11.898808
0.320 0.296903
0.330 7.637112
0.340 -6.895347
0.350 0.414854
0.360 12.144550
0.370 -12.163677
0.380 -0.390123
0.390 14.340524
0.400 -7.787642
0.410 5.697259
0.420 1.513672
0.430 -3.712787
0.440 13.959708
0.450 -6.665392
0.460 1.675031
0.470 -5.066805
0.480 -1.264210
0.490 -8.112217
0.500 6.733528
0.510 6.463208
0.520 -1.610823
0.530 3.233541
0.540 1.693454
0.550 18.449177
0.560 -1.624371
0.570 11.366410
0.580 -1.858048
0.590 -7.957700
0.600 -16.149960
0.610 6.038680
0.620 6.457464
0.630 1.042970
0.640 2.628720
0.650 -9.522974
0.660 -5.878271
0.670 -3.860644
0.680 -1.858401
0.690 -19.696225
0.700 2.851405
0.710 7.222647
0.720 -18.513925
0.730 3.976189
0.740 -0.999367
0.750 -1.068939
0.760 0.728622
0.770 2.725414
0.780 -0.642042
0.790 -5.589525
0.800 -7.828751
0.810 -4.099608
0.820 4.313513
0.830 14.045798
0.840 -6.337654
0.850 -2.032796
0.860 0.263102
0.870 -10.337593
0.880 24.755434
0.890 4.064221
0.900 -1.683393
0.910 -2.931844
0.920 14.940418
0.930 8.613179
0.940 9.930708
0.950 0.368293
0.960 -0.984538
0.970 5.948634
0.980 11.523635
0.990 9.581705
