0.000 9.517077
0.010 9.494676
0.020 -6.640431
0.030 -7.639447
0.040 13.414586
0.050 -0.938244
0.060 -3.392846
0.070 3.488496
0.080 16.784754
0.090 -15.576648
0.100 5.392260
0.110 -6.213373
0.120 1.868350
0.130 6.973589
0.140 -3.353350
0.150 -12.465193
0.160 -4.560107
0.170 -16.381468
0.180 8.563924
0.190 9.485980
0.200 1.168782
0.210 -6.365641
0.220 -9.939802
0.230 -13.610432
0.240 -1.397574
0.250 8.101818
0.260 -3.631120
0.270 -8.929868
0.280 -1.916828
0.290 0.207628
0.300 -7.209028
0.310 1.074164
0.320 5.407468
0.330 10.094741
0.340 -0.037784
0.350 7.196094
0.360 -0.184598
0.370 1.755340
0.380 -7.629584
0.390 3.412251
0.400 11.571567
0.410 4.410635
0.420 -12.812648
0.430 -9.107311
0.440 5.302559
0.450 12.186592
0.460 -0.202612
0.470 -8.109621
0.480 -0.892559
0.490 -16.167437
0.500 3.065548
0.510 4.551289
0.520 -1.598372
0.530 3.365279
0.540 2.251875
0.550 4.039014
0.560 7.640004
0.570 1.644037
0.580 -8.137636
0.590 2.508258
0.600 -7.145032
0.610 -2.803643
0.620 -2.767617
0.630 12.222933
0.640 6.919836
0.650 8.283779
0.660 2.141990
0.670 -2.805040
0.680 -7.232431
0.690 -9.294526
0.700 -4.576935
0.710 -7.292368
0.720 2.195541
0.730 -4.768317
0.740 -9.435531
0.750 -7.489525
0.760 -14.472753
0.770 2.169955
0.780 10.335981
0.790 -6.012691
0.800 7.359839
0.810 2.190286
0.820 11.113938
0.830 -3.222906
0.840 -18.109532
0.850 7.897078
0.860 -9.847798
0.870 11.919567
0.880 6.531815
0.890 1.988081
0.900 1.664071
0.910 -12.632577
0.920 -0.431420
0.930 -3.492959
0.940 3.037533
0.950 12.821147
0.960 9.520270
0.970 -2.699663
0.980 7.912191
0.990 1.839677
