0.000 0.702367
0.010 14.985353
0.020 -6.368070
0.030 -3.304667
0.040 1.342150
0.050 8.911273
0.060 4.890966
0.070 -12.985925
0.080 7.081904
0.090 2.310184
0.100 -3.480979
0.110 -5.031452
0.120 3.926696
0.130 -5.123966
0.140 -0.846870
0.150 -5.051751
0.160 8.704659
0.170 -14.753964
0.180 -1.777070
0.190 4.733619
0.200 -4.502930
0.210 8.552034
0.220 1.022959
0.230 -3.545170
0.240 3.417920
0.250 -5.799119
0.260 -0.943647
0.270 -4.745760
0.280 -15.027308
0.290 -16.137503
0.300 4.881330
0.310 -8.066613
0.320 -2.785116
0.330 10.440960
0.340 -14.731208
0.350 2.414065
0.360 7.794880
0.370 8.525466
0.380 3.227252
0.390 0.283086
0.400 -5.431650
0.410 4.073394
0.420 -1.158954
0.430 0.827870
0.440 3.371805
0.450 2.034297
0.460 -7.019794
0.470 9.559557
0.480 0.113395
0.490 -5.548467
0.500 -0.244333
0.510 6.935597
0.520 2.726220
0.530 14.134975
0.540 4.064882
0.550 10.105348
0.560 1.356593
0.570 -5.304494
0.580 -3.000083
0.590 -7.618032
0.600 -1.645782
0.610 -5.870350
0.620 0.410577
0.630 2.912182
0.640 -10.931243
0.650 -19.296605
0.660 4.678206
0.670 -10.828384
0.680 3.683701
0.690 -9.046774
0.700 0.238820
0.710 -6.317429
0.720 -11.403097
0.730 6.550241
0.740 0.474203
0.750 -12.533533
0.760 2.583115
0.770 -3.517246
0.780 -5.087865
0.790 -4.791046
0.800 4.271405
0.810 -5.812184
0.820 9.101877
0.830 -4.569843
0.840 -2.056507
0.850 -9.450919
0.860 -1.019990
0.870 -14.738269
0.880 5.016022
0.890 -8.402991
0.900 -6.764654
0.910 -1.288865
0.920 6.354989
0.930 -9.421700
0.940 -5.013587
0.950 1.995800
0.960 -9.606336
0.970 3.667767
0.980 25.138288
0.990 -15.745486
