0.000 -3.277240
0.010 2.005049
0.020 3.428913
0.030 10.870000
0.040 5.307003
0.050 7.617329
0.060 8.110466
0.070 -9.097120
0.080 0.360483
0.090 -7.734335
0.100 10.975254
0.110 -12.947969
0.120 -3.586793
0.130 8.899215
0.140 -2.299401
0.150 -5.519903
0.160 -12.869146
0.170 -3.773971
0.180 5.633715
0.190 -11.531882
0.200 -11.126915
0.210 2.305073
0.220 -0.015123
0.230 0.008810
0.240 3.269714
0.250 17.250060
0.260 -5.666129
0.270 -4.660038
0.280 7.667956
0.290 11.483257
0.300 -5.154118
0.310 2.411654
0.320 -12.831237
0.330 4.633078
0.340 17.141324
0.350 16.867502
0.360 -1.962837
0.370 -0.286196
0.380 7.501551
0.390 1.340271
0.400 19.056035
0.410 16.082708
0.420 7.532858
0.430 -7.069635
0.440 12.122840
0.450 3.136193
0.460 6.276784
0.470 1.954847
0.480 2.074050
0.490 -2.238366
0.500 2.971447
0.510 8.384954
0.520 -5.450144
0.530 21.372140
0.540 -2.475696
0.550 11.656063
0.560 8.741840
0.570 -21.189242
0.580 -0.013357
0.590 -3.640881
0.600 5.476356
0.610 -7.334883
0.620 -3.791546
0.630 2.184750
0.640 10.614951
0.650 13.986882
0.660 -27.535028
0.670 12.572839
0.680 -6.304664
0.690 7.446486
0.700 -3.969274
0.710 -10.659109
0.720 7.504218
0.730 -21.809344
0.740 -11.860992
0.750 -2.486888
0.760 12.642706
0.770 -4.104203
0.780 -12.929912
0.790 -7.234052
0.800 -16.443165
0.810 -8.652000
0.820 -12.516748
0.830 4.040601
0.840 3.954865
0.850 14.202554
0.860 8.963415
0.870 -10.545753
0.880 -6.877673
0.890 0.286529
0.900 -4.414438
0.910 -4.844990
0.920 -7.246041
0.930 12.374771
0.940 6.722194
0.950 10.696249
0.960 -8.040849
0.970 7.752514
0.980 -7.677131
0.990 -7.567140
