0.000 2.114359
0.010 -3.171551
0.020 -5.657628
0.030 -3.998315
0.040 -14.656543
0.050 10.686918
0.060 -0.886638
0.070 7.196271
0.080 -7.062012
0.090 6.391112
0.100 4.086092
0.110 -0.326293
0.120 -5.614943
0.130 2.072195
0.140 3.488026
0.150 -12.064090
0.160 4.507456
0.170 0.278135
0.180 4.689611
0.190 -10.951501
0.200 2.765538
0.210 -0.018678
0.220 0.002144
0.230 9.856722
0.240 3.381772
0.250 12.943423
0.260 -5.037407
0.270 -0.592248
0.280 -12.587663
0.290 -9.776364
0.300 -0.335276
0.310 0.172103
0.320 -4.263521
0.330 -14.774186
0.340 -3.879869
0.350 -5.598951
0.360 8.233291
0.370 2.291436
0.380 1.509336
0.390 -6.760385
0.400 7.064851
0.410 -5.697152
0.420 -7.836863
0.430 -0.020949
0.440 -9.193367
0.450 6.870483
0.460 8.021228
0.470 -3.714523
0.480 1.094459
0.490 16.182763
0.500 -4.027441
0.510 1.806230
0.520 4.949474
0.530 3.468814
0.540 14.149920
0.550 -3.959476
0.560 2.822377
0.570 4.937863
0.580 -0.191421
0.590 -7.462189
0.600 -7.492242
0.610 -7.020160
0.620 5.154961
0.630 -7.918643
0.640 -17.296404
0.650 -6.918305
0.660 -3.002290
0.670 4.462906
0.680 8.629775
0.690 13.633114
0.700 -9.822799
0.710 7.804636
0.720 1.274940
0.730 -4.602373
0.740 -1.315382
0.750 -5.458979
0.760 3.277186
0.770 -10.767073
0.780 -1.669502
0.790 -10.967039
0.800 2.825542
0.810 4.469283
0.820 -6.277222
0.830 -3.271929
0.840 -5.762699
0.850 -11.753864
0.860 12.732658
0.870 -9.841597
0.880 3.433856
0.890 -14.879905
0.900 4.248422
0.910 4.469185
0.920 4.775703
0.930 -3.598327
0.940 -1.456314
0.950 -2.265929
0.960 -12.110368
0.970 9.764075
0.980 7.792067
0.990 -2.920094
