0.000 -8.695261
0.010 -1.203911
0.020 10.386007
0.030 -3.614388
0.040 4.745189
0.050 -6.500963
0.060 -8.000089
0.070 5.022527
0.080 1.274921
0.090 -5.634154
0.100 3.705240
0.110 2.932668
0.120 1.340726
0.130 -4.137022
0.140 -6.735925
0.150 17.520695
0.160 0.209313
0.170 1.936394
0.180 -14.697248
0.190 6.177911
0.200 0.866984
0.210 18.821061
0.220 -0.578727
0.230 14.646374
0.240 -4.781225
0.250 -13.000377
0.260 -14.944429
0.270 -6.346544
0.280 10.303925
0.290 -6.172019
0.300 8.184200
0.310 8.445108
0.320 25.655193
0.330 12.130069
0.340 13.815498
0.350 15.199163
0.360 4.174325
0.370 3.385072
0.380 -13.251079
0.390 4.444806
0.400 -11.637058
0.410 2.505468
0.420 -12.084565
0.430 7.086174
0.440 0.890099
0.450 1.099988
0.460 4.118059
0.470 -1.330117
0.480 5.840865
0.490 -0.445624
0.500 -2.907405
0.510 1.122948
0.520 -3.871666
0.530 2.352485
0.540 18.827165
0.550 8.021277
0.560 -6.877012
0.570 -6.283787
0.580 9.089585
0.590 -3.807927
0.600 1.583748
0.610 -4.774399
0.620 4.343868
0.630 -3.507209
0.640 2.509608
0.650 4.812623
0.660 -16.229136
0.670 1.337053
0.680 3.717497
0.690 -0.006422
0.700 -9.913892
0.710 9.858378
0.720 13.193527
0.730 -1.649862
0.740 1.739810
0.750 -1.299684
0.760 -4.195553
0.770 0.022560
0.780 -6.790970
0.790 -0.177309
0.800 3.291616
0.810 14.572352
0.820 -16.307290
0.830 -1.530558
0.840 -6.061669
0.850 6.656360
0.860 -5.266747
0.870 -1.158560
0.880 7.494030
0.890 8.220795
0.900 -5.063324
0.910 2.491543
0.920 7.610773
0.930 7.074127
0.940 0.328881
0.950 -7.746317
0.960 -7.678923
0.970 -7.782180
0.980 8.677058
0.990 15.288148
