0.000 -7.056925
0.010 14.591764
0.020 -11.755332
0.030 -0.787619
0.040 -2.454630
0.050 2.379091
0.060 -3.446871
0.070 -7.343526
0.080 -2.177774
0.090 -4.145791
0.100 -0.653984
0.110 2.513201
0.120 0.340845
0.130 -9.051348
0.140 -1.082999
0.150 5.951172
0.160 8.970426
0.170 -3.130381
0.180 -5.077984
0.190 2.619462
0.200 7.326032
0.210 1.806995
0.220 -0.222538
0.230 15.807209
0.240 -6.710874
0.250 -1.255988
0.260 4.222764
0.270 -17.527575
0.280 13.816013
0.290 3.618673
0.300 4.016588
0.310 2.648881
0.320 -4.777117
0.330 7.873273
0.340 2.282812
0.350 2.099395
0.360 -3.765069
0.370 -7.374135
0.380 0.311235
0.390 12.483865
0.400 -7.921737
0.410 7.460185
0.420 -24.031289
0.430 6.752720
0.440 -3.367400
0.450 0.382577
0.460 -3.872512
0.470 -11.515351
0.480 4.141800
0.490 -14.078403
0.500 -9.687960
0.510 3.208586
0.520 16.424811
0.530 -8.193238
0.540 7.297612
0.550 -1.997456
0.560 13.063173
0.570 7.738109
0.580 -0.577708
0.590 -3.312306
0.600 7.506417
0.610 -4.787301
0.620 -0.919726
0.630 6.093555
0.640 3.628720
0.650 -2.988265
0.660 12.006254
0.670 0.298571
0.680 4.375474
0.690 6.352602
0.700 -0.291780
0.710 -4.596874
0.720 3.065898
0.730 8.007514
0.740 -6.471390
0.750 4.512986
0.760 -8.296788
0.770 -5.799333
0.780 -10.006770
0.790 -2.657596
0.800 7.815411
0.810 -1.199226
0.820 -7.681563
0.830 8.545363
0.840 10.016624
0.850 6.480498
0.860 -9.024906
0.870 -2.496171
0.880 4.480422
0.890 -2.005733
0.900 -0.818604
0.910 3.716629
0.920 -2.175637
0.930 0.664303
0.940 -4.764494
0.950 -4.213012
0.960 13.249466
0.970 -10.218523
0.980 -8.098310
0.990 -10.065179
