0.000 2.789731
0.010 -9.946941
0.020 2.737553
0.030 11.165525
0.040 2.192349
0.050 -7.710165
0.060 16.921316
0.070 -5.625790
0.080 -12.157187
0.090 1.202300
0.100 -7.770280
0.110 7.857298
0.120 -3.233763
0.130 -1.525032
0.140 -3.508366
0.150 -14.382974
0.160 -6.448244
0.170 -14.901264
0.180 5.847220
0.190 -1.469784
0.200 -3.111235
0.210 4.564305
0.220 10.935841
0.230 4.714218
0.240 9.155183
0.250 -7.503770
0.260 -4.558974
0.270 12.333555
0.280 -7.700874
0.290 -13.346744
0.300 11.506797
0.310 1.302945
0.320 -6.730537
0.330 4.173333
0.340 14.153970
0.350 -7.093906
0.360 3.686317
0.370 5.359117
0.380 -5.838593
0.390 -0.879963
0.400 -2.833838
0.410 -3.316528
0.420 9.926128
0.430 -14.154599
0.440 6.538975
0.450 9.601723
0.460 9.024423
0.470 5.767371
0.480 4.848757
0.490 -1.956343
0.500 10.856095
0.510 -7.143689
0.520 -7.102356
0.530 6.719592
0.540 9.613672
0.550 -19.629988
0.560 -4.399004
0.570 5.664564
0.580 -14.844518
0.590 -3.525206
0.600 -6.962593
0.610 -5.209138
0.620 6.693650
0.630 -18.754443
0.640 -7.698579
0.650 -13.762750
0.660 -8.135666
0.670 3.048999
0.680 -10.689548
0.690 -4.132649
0.700 -9.195999
0.710 -10.504010
0.720 -20.360863
0.730 -1.520583
0.740 2.410302
0.750 0.149381
0.760 4.775115
0.770 9.844944
0.780 -4.660896
0.790 2.578697
0.800 -3.793529
0.810 -4.894783
0.820 -6.215396
0.830 -2.348616
0.840 7.762396
0.850 -1.903988
0.860 3.235224
0.870 2.088806
0.880 4.993007
0.890 16.758059
0.900 10.880893
0.910 6.636775
0.920 14.117873
0.930 -4.256468
0.940 0.969476
0.950 11.817243
0.960 -12.669269
0.970 4.549494
0.980 12.529519
0.990 0.648200
