0.000 -19.426249
0.010 -5.354718
0.020 1.694585
0.030 -13.188183
0.040 -1.480582
0.050 -13.943997
0.060 8.785264
0.070 -10.222365
0.080 3.590996
0.090 -2.042956
0.100 5.154724
0.110 4.220646
0.120 2.478423
0.130 6.623055
0.140 -11.779347
0.150 -3.553482
0.160 4.392286
0.170 -1.470840
0.180 3.776327
0.190 8.280958
0.200 13.838240
0.210 10.633426
0.220 6.100570
0.230 7.097099
0.240 10.316841
0.250 -6.077316
0.260 0.497253
0.270 4.045223
0.280 4.468978
0.290 2.754691
0.300 5.470005
0.310 -5.029460
0.320 27.491121
0.330 -2.526855
0.340 2.113939
0.350 6.657516
0.360 17.173013
0.370 16.161657
0.380 0.146897
0.390 -11.734407
0.400 9.763681
0.410 -3.017923
0.420 -7.986830
0.430 0.072034
0.440 7.663978
0.450 6.162982
0.460 6.022020
0.470 5.919208
0.480 -14.102270
0.490 12.387481
0.500 -3.351496
0.510 -4.245213
0.520 5.273802
0.530 5.617317
0.540 6.358788
0.550 14.395964
0.560 4.717575
0.570 9.455660
0.580 4.220691
0.590 3.013335
0.600 -3.596553
0.610 -14.637701
0.620 4.667661
0.630 6.504182
0.640 9.366568
0.650 -6.834586
0.660 -7.067892
0.670 -1.952187
0.680 18.677045
0.690 -3.537195
0.700 9.636482
0.710 -3.631331
0.720 3.199431
0.730 5.691297
0.740 0.994215
0.750 15.460406
0.760 5.106817
0.770 7.626147
0.780 3.114753
0.790 5.481072
0.800 -6.665395
0.810 2.261519
0.820 -9.189414
0.830 -9.722238
0.840 4.130341
0.850 22.173502
0.860 5.272337
0.870 12.382595
0.880 11.393506
0.890 2.301202
0.900 -10.676961
0.910 -2.657277
0.920 -7.520490
0.930 -0.379087
0.940 11.649999
0.950 -9.936094
0.960 0.498987
0.970 12.229083
0.980 17.383434
0.990 -9.026064
