0.000 -6.321809
0.010 7.558697
0.020 10.588587
0.030 -1.287742
0.040 2.187589
0.050 13.328013
0.060 -5.255217
0.070 9.314476
0.080 2.162785
0.090 -3.598066
0.100 2.267734
0.110 6.406145
0.120 -15.314869
0.130 4.097664
0.140 20.439663
0.150 5.229993
0.160 -3.807391
0.170 7.596206
0.180 6.096775
0.190 7.526237
0.200 9.818682
0.210 1.361522
0.220 0.750609
0.230 -8.407549
0.240 -4.424016
0.250 -1.663281
0.260 -0.806689
0.270 -9.941542
0.280 -3.941611
0.290 3.329767
0.300 1.002100
0.310 2.074931
0.320 -0.209957
0.330 -2.845317
0.340 -1.845765
0.350 3.674378
0.360 -2.575764
0.370 -0.317893
0.380 2.470403
0.390 0.913422
0.400 3.770272
0.410 5.896720
0.420 -17.892698
0.430 -9.473216
0.440 1.048458
0.450 -6.596557
0.460 -0.617207
0.470 -2.841291
0.480 -6.764602
0.490 -2.269918
0.500 2.548689
0.510 5.802842
0.520 -2.800967
0.530 12.282885
0.540 -2.129751
0.550 -2.805117
0.560 -14.834758
0.570 -3.874277
0.580 3.149014
0.590 -4.626813
0.600 6.140249
0.610 -13.219484
0.620 -2.235773
0.630 -10.060539
0.640 -3.300510
0.650 2.945071
0.660 4.832593
0.670 -3.970445
0.680 -8.940841
0.690 -13.962202
0.700 7.267432
0.710 -7.301069
0.720 -8.590020
0.730 -11.526225
0.740 5.817784
0.750 -2.163968
0.760 -4.306872
0.770 -9.283833
0.780 -4.959130
0.790 2.214760
0.800 -6.664401
0.810 -4.114640
0.820 7.759696
0.830 2.871332
0.840 -2.980510
0.850 -6.224361
0.860 3.287262
0.870 -6.413118
0.880 -0.394245
0.890 0.860224
0.900 0.990301
0.910 -18.305384
0.920 7.048809
0.930 2.763906
0.940 -14.036767
0.950 -10.085754
0.960 -5.550320
0.970 -0.332544
0.980 4.760436
0.990 3.590954
