0.000 9.225345
0.010 4.415629
0.020 -6.586363
0.030 -6.276507
0.040 -0.806974
0.050 7.232800
0.060 3.571120
0.070 -12.515658
0.080 4.771417
0.090 0.574446
0.100 5.763070
0.110 -10.314324
0.120 -7.905442
0.130 3.513010
0.140 -0.401666
0.150 -1.875891
0.160 2.055715
0.170 -12.156787
0.180 -0.752981
0.190 1.134502
0.200 -7.724114
0.210 3.469850
0.220 -0.553481
0.230 -11.245969
0.240 -11.343255
0.250 -4.322397
0.260 7.371146
0.270 -7.910270
0.280 -6.877535
0.290 9.922450
0.300 2.484686
0.310 -10.663582
0.320 0.623895
0.330 12.396243
0.340 -5.970155
0.350 10.835965
0.360 -4.645179
0.370 -2.959112
0.380 1.980902
0.390 10.127669
0.400 6.043714
0.410 -8.838490
0.420 -21.204568
0.430 13.910586
0.440 -0.463500
0.450 2.672998
0.460 -17.887214
0.470 12.108694
0.480 8.002970
0.490 15.836510
0.500 0.184087
0.510 2.856361
0.520 -11.092299
0.530 12.672516
0.540 -8.837066
0.550 -2.907543
0.560 -16.829728
0.570 6.188496
0.580 4.130494
0.590 6.214222
0.600 3.235869
0.610 -3.534533
0.620 -5.435360
0.630 0.790006
0.640 5.853167
0.650 -7.184402
0.660 3.076300
0.670 5.705727
0.680 -2.203510
0.690 -3.295129
0.700 -7.908146
0.710 4.787543
0.720 -6.838323
0.730 -3.291240
0.740 1.514862
0.750 -9.097953
0.760 4.892636
0.770 6.388099
0.780 -0.783859
0.790 -12.095670
0.800 7.111778
0.810 -3.607158
0.820 -7.946348
0.830 -5.277831
0.840 10.019265
0.850 -8.303349
0.860 0.050997
0.870 -8.676466
0.880 14.567734
0.890 -5.587358
0.900 -4.162335
0.910 -0.614259
0.920 -1.323027
0.930 0.589828
0.940 -4.164362
0.950 0.447533
0.960 9.261264
0.970 20.210405
0.980 3.579013
0.990 -7.093734
