0.000 2.569151
0.010 -12.241491
0.020 -2.828530
0.030 -1.262608
0.040 1.268831
0.050 -5.158546
0.060 1.768560
0.070 12.399151
0.080 1.148566
0.090 -1.266341
0.100 6.091764
0.110 3.040417
0.120 1.389355
0.130 -7.436695
0.140 -0.970974
0.150 -1.895160
0.160 8.089510
0.170 -7.673611
0.180 7.767689
0.190 1.372233
0.200 -8.982754
0.210 13.131600
0.220 -6.703944
0.230 6.923033
0.240 -2.059711
0.250 6.492335
0.260 -16.293313
0.270 -3.070291
0.280 9.234373
0.290 12.971135
0.300 2.919778
0.310 8.202078
0.320 4.557258
0.330 -5.988154
0.340 -9.273073
0.350 6.018511
0.360 -21.808548
0.370 -8.002424
0.380 -7.019245
0.390 11.890998
0.400 -7.724300
0.410 13.862525
0.420 -9.108122
0.430 -19.874057
0.440 -1.741511
0.450 7.175266
0.460 2.561273
0.470 0.308887
0.480 -14.259403
0.490 9.781432
0.500 -11.957564
0.510 -5.347244
0.520 4.704877
0.530 5.777039
0.540 -3.092109
0.550 -6.895095
0.560 -10.410756
0.570 7.194619
0.580 -12.285813
0.590 9.262824
0.600 -7.485350
0.610 7.244041
0.620 -2.239675
0.630 -17.864647
0.640 -1.221295
0.650 -2.188867
0.660 -8.980608
0.670 12.479466
0.680 9.389594
0.690 0.293793
0.700 -15.516634
0.710 -2.708712
0.720 -3.874069
0.730 2.933820
0.740 -4.087821
0.750 8.427684
0.760 -8.108015
0.770 6.571375
0.780 -5.422090
0.790 7.804876
0.800 -18.755692
0.810 4.976546
0.820 -1.052157
0.830 -1.799398
0.840 0.186178
0.850 -6.385731
0.860 -10.946730
0.870 -9.443099
0.880 -0.021851
0.890 1.014659
0.900 -10.541817
0.910 9.775501
0.920 -6.026090
0.930 -5.962920
0.940 -4.155554
0.950 5.786287
0.960 -0.882392
0.970 -6.411243
0.980 -10.746923
0.990 -9.350154
