0.000 9.059084
0.010 2.628600
0.020 11.167950
0.030 -8.356967
0.040 4.167921
0.050 -14.912984
0.060 2.723738
0.070 -1.672222
0.080 13.799867
0.090 4.541636
0.100 -9.361203
0.110 0.812523
0.120 8.943060
0.130 -9.438304
0.140 -14.738781
0.150 1.249294
0.160 4.064971
0.170 1.635407
0.180 -7.276336
0.190 -2.781359
0.200 2.205227
0.210 -9.161879
0.220 -7.693623
0.230 15.069592
0.240 -7.568764
0.250 -10.317667
0.260 4.676617
0.270 -5.126877
0.280 1.581604
0.290 -3.271160
0.300 -3.187517
0.310 -4.083896
0.320 4.245123
0.330 -0.476343
0.340 -9.214470
0.350 6.194962
0.360 1.866324
0.370 7.936153
0.380 -3.454584
0.390 -3.169059
0.400 11.776232
0.410 0.620468
0.420 -21.041533
0.430 -0.774017
0.440 -11.447050
0.450 -4.194302
0.460 -2.504900
0.470 9.141808
0.480 -12.073795
0.490 5.222629
0.500 -10.971723
0.510 -0.847912
0.520 3.839268
0.530 2.065500
0.540 -0.940068
0.550 -1.361332
0.560 -0.940353
0.570 5.181375
0.580 7.924773
0.590 0.781370
0.600 18.435751
0.610 -8.842587
0.620 -6.508457
0.630 -11.147817
0.640 3.788893
0.650 13.754735
0.660 -6.661825
0.670 3.075658
0.680 -0.583056
0.690 12.533501
0.700 6.078272
0.710 -3.950946
0.720 11.411215
0.730 6.099873
0.740 7.932256
0.750 0.126256
0.760 -2.205580
0.770 -14.306813
0.780 0.618552
0.790 6.620255
0.800 -5.481423
0.810 2.414216
0.820 4.926042
0.830 10.778512
0.840 -7.542254
0.850 -3.233533
0.860 -4.179887
0.870 3.765636
0.880 -3.333181
0.890 -7.939647
0.900 3.243362
0.910 -2.944213
0.920 5.878487
0.930 -3.771637
0.940 -4.686843
0.950 17.324178
0.960 -0.120360
0.970 1.422065
0.980 0.868778
0.990 -0.080866
