0.000 3.607980
0.010 -7.382867
0.020 -11.157474
0.030 5.070938
0.040 2.871256
0.050 -1.488587
0.060 3.505413
0.070 -18.459935
0.080 3.839180
0.090 -2.483394
0.100 -5.636751
0.110 -11.018553
0.120 -16.950971
0.130 7.611760
0.140 -15.214065
0.150 7.268342
0.160 -0.140803
0.170 -5.428351
0.180 -1.600910
0.190 9.515937
0.200 -6.019783
0.210 -6.398574
0.220 -3.109057
0.230 6.842697
0.240 -6.750693
0.250 -0.621708
0.260 0.901393
0.270 16.130229
0.280 3.877070
0.290 -10.406586
0.300 -0.066824
0.310 -1.865879
0.320 -10.501045
0.330 -3.735903
0.340 1.332473
0.350 0.788157
0.360 -5.008526
0.370 1.941341
0.380 2.318225
0.390 0.679681
0.400 -0.452408
0.410 -1.610397
0.420 -0.564134
0.430 1.790933
0.440 1.466967
0.450 -13.932117
0.460 -0.218942
0.470 -2.073169
0.480 -0.141180
0.490 -2.318989
0.500 -8.319670
0.510 -0.925791
0.520 -3.984343
0.530 -5.069725
0.540 -18.211271
0.550 -2.592357
0.560 -8.838996
0.570 -6.046680
0.580 -15.103290
0.590 -12.115992
0.600 -3.016058
0.610 0.173784
0.620 7.252195
0.630 1.852585
0.640 -8.437565
0.650 -8.348186
0.660 1.837440
0.670 6.216654
0.680 2.411692
0.690 3.421321
0.700 4.751464
0.710 4.242744
0.720 -8.781934
0.730 20.994227
0.740 -3.051062
0.750 -6.159120
0.760 -20.656648
0.770 -5.946808
0.780 7.304968
0.790 -1.364395
0.800 -2.488793
0.810 5.396850
0.820 4.692441
0.830 -4.273397
0.840 17.124102
0.850 17.626142
0.860 -5.658160
0.870 -0.471391
0.880 -23.129876
0.890 -7.145718
0.900 1.599857
0.910 4.422406
0.920 9.776222
0.930 -6.511571
0.940 8.034462
0.950 0.478222
0.960 21.669883
0.970 -4.021411
0.980 6.076595
0.990 -3.682699
