0.000 16.745163
0.010 -2.898123
0.020 -12.283370
0.030 0.610149
0.040 9.828166
0.050 7.017578
0.060 -2.322572
0.070 -4.795311
0.080 -7.528345
0.090 -13.030145
0.100 16.502200
0.110 7.366434
0.120 7.202703
0.130 -0.970874
0.140 7.718454
0.150 15.316053
0.160 1.505342
0.170 3.844684
0.180 15.733527
0.190 4.007161
0.200 7.584292
0.210 -0.169880
0.220 5.074082
0.230 -13.262013
0.240 -1.862346
0.250 -16.012487
0.260 -2.947971
0.270 -13.661002
0.280 -11.359420
0.290 -2.968226
0.300 -0.544695
0.310 -5.797348
0.320 5.576670
0.330 -14.358889
0.340 13.683369
0.350 3.208872
0.360 -0.815845
0.370 -4.136863
0.380 -18.816992
0.390 -3.121810
0.400 -3.157564
0.410 6.164233
0.420 12.340395
0.430 -6.377285
0.440 -3.095510
0.450 -1.468344
0.460 7.526101
0.470 3.481313
0.480 -15.102836
0.490 -2.191226
0.500 -0.892844
0.510 -7.305755
0.520 -4.808628
0.530 -0.892332
0.540 -0.999238
0.550 -0.615844
0.560 -7.760285
0.570 -5.214829
0.580 6.132781
0.590 -3.301743
0.600 0.517114
0.610 -4.757488
0.620 -5.275924
0.630 20.302900
0.640 2.636919
0.650 -2.636434
0.660 10.708839
0.670 9.518712
0.680 8.544933
0.690 1.044102
0.700 3.822789
0.710 -1.868443
0.720 -13.051325
0.730 -11.871182
0.740 20.133908
0.750 -4.902457
0.760 -0.779688
0.770 -1.897081
0.780 -8.800576
0.790 -0.479921
0.800 -26.938768
0.810 -3.512687
0.820 0.655627
0.830 -3.812058
0.840 -2.536843
0.850 10.863699
0.860 -13.716118
0.870 5.310564
0.880 1.878581
0.890 -9.528782
0.900 -2.461122
0.910 -0.166520
0.920 1.699624
0.930 1.238909
0.940 -1.606287
0.950 -5.952269
0.960 -3.691334
0.970 -4.081815
0.980 -9.733989
0.990 8.557904
