0.000 6.748724
0.010 6.832282
0.020 5.058077
0.030 -9.039568
0.040 4.133126
0.050 2.633979
0.060 11.156622
0.070 2.763610
0.080 -16.137847
0.090 -3.093540
0.100 -1.625595
0.110 -18.564105
0.120 3.253759
0.130 0.338192
0.140 -10.185930
0.150 2.753934
0.160 0.393704
0.170 9.221860
0.180 -6.334774
0.190 1.457069
0.200 -2.785698
0.210 -2.746598
0.220 -2.476554
0.230 17.743049
0.240 -13.494299
0.250 4.774372
0.260 2.064769
0.270 5.514746
0.280 -0.534093
0.290 -0.662261
0.300 -3.551560
0.310 -3.720979
0.320 -1.639207
0.330 -11.484353
0.340 5.373685
0.350 1.632605
0.360 -2.609397
0.370 -9.345325
0.380 -2.238116
0.390 14.633211
0.400 1.813861
0.410 -3.194901
0.420 5.537476
0.430 -0.532946
0.440 9.729980
0.450 1.136843
0.460 2.478035
0.470 -7.650104
0.480 0.615992
0.490 -0.910361
0.500 -9.638560
0.510 -6.708157
0.520 -3.562004
0.530 2.046205
0.540 9.314651
0.550 8.823342
0.560 -1.686799
0.570 -1.825716
0.580 -5.549268
0.590 -10.947062
0.600 -2.001125
0.610 11.804787
0.620 7.242185
0.630 17.174567
0.640 11.083088
0.650 -5.729489
0.660 3.511759
0.670 10.115486
0.680 0.653832
0.690 17.290487
0.700 -11.688220
0.710 18.175828
0.720 9.666312
0.730 14.064061
0.740 -7.126927
0.750 1.839146
0.760 5.069158
0.770 -0.888520
0.780 6.035630
0.790 17.328349
0.800 5.489777
0.810 6.868203
0.820 1.777235
0.830 5.701598
0.840 -6.031074
0.850 6.779668
0.860 19.109152
0.870 -3.312586
0.880 4.779789
0.890 12.658366
0.900 -0.801918
0.910 -3.989719
0.920 -5.477920
0.930 -5.008585
0.940 1.581658
0.950 3.537193
0.960 2.454257
0.970 12.266287
0.980 -7.499944
0.990 -9.197247
