0.000 -0.219332
0.010 -10.678794
0.020 5.398927
0.030 9.661003
0.040 -2.074241
0.050 -9.571665
0.060 -5.813101
0.070 5.598423
0.080 -10.630974
0.090 8.836859
0.100 -0.435902
0.110 -11.634254
0.120 7.497386
0.130 13.054847
0.140 -2.712488
0.150 2.871337
0.160 21.525865
0.170 6.528020
0.180 3.563815
0.190 -14.236483
0.200 -4.203809
0.210 10.100479
0.220 12.408257
0.230 16.461549
0.240 -5.056598
0.250 3.771609
0.260 -1.816432
0.270 3.748139
0.280 -7.711193
0.290 10.347890
0.300 8.786003
0.310 5.050739
0.320 -4.231770
0.330 5.195370
0.340 0.633704
0.350 -13.196320
0.360 9.226954
0.370 -1.706399
0.380 -19.109721
0.390 -0.941518
0.400 1.806647
0.410 2.957193
0.420 9.017441
0.430 0.851315
0.440 -1.532066
0.450 -6.232141
0.460 -0.050385
0.470 2.845067
0.480 -1.088535
0.490 -7.779923
0.500 3.539262
0.510 -3.192800
0.520 1.218685
0.530 9.327998
0.540 -10.052426
0.550 0.299727
0.560 9.640890
0.570 1.305026
0.580 -4.426523
0.590 -22.454807
0.600 7.200840
0.610 -6.728577
0.620 -0.563810
0.630 -14.170405
0.640 -5.900092
0.650 -8.553007
0.660 -0.332965
0.670 5.965052
0.680 8.750202
0.690 5.357700
0.700 -5.752160
0.710 2.000101
0.720 7.891125
0.730 5.068297
0.740 -7.486749
0.750 -2.599581
0.760 -8.407047
0.770 -9.275165
0.780 -1.603728
0.790 1.795573
0.800 -18.589730
0.810 -5.667934
0.820 -6.107969
0.830 4.788341
0.840 2.863740
0.850 -1.993033
0.860 3.641137
0.870 -4.136095
0.880 -4.356777
0.890 2.845050
0.900 4.866464
0.910 -8.568526
0.920 9.003555
0.930 -7.477052
0.940 2.735502
0.950 -6.657682
0.960 -5.411854
0.970 -15.304057
0.980 0.095391
0.990 14.065044
