0.000 -12.423120
0.010 -0.416862
0.020 3.633409
0.030 -10.509725
0.040 6.592164
0.050 -10.653402
0.060 0.692893
0.070 -4.745012
0.080 1.217088
0.090 -17.596968
0.100 11.741349
0.110 -2.405961
0.120 -9.746915
0.130 14.523153
0.140 3.695076
0.150 5.840712
0.160 4.260069
0.170 -4.088755
0.180 -4.050583
0.190 -9.635476
0.200 13.267114
0.210 -1.573629
0.220 1.773686
0.230 -2.046135
0.240 8.518809
0.250 -3.918621
0.260 4.292590
0.270 -8.247393
0.280 14.495405
0.290 2.325591
0.300 -6.698576
0.310 -5.645976
0.320 6.938892
0.330 -0.658917
0.340 -3.097528
0.350 4.036355
0.360 -3.257344
0.370 0.504705
0.380 12.669211
0.390 5.913520
0.400 -4.610319
0.410 10.230096
0.420 -17.586428
0.430 4.469299
0.440 -7.864392
0.450 -3.278666
0.460 -1.670957
0.470 14.041132
0.480 0.438370
0.490 -9.789492
0.500 8.575039
0.510 1.194356
0.520 2.188280
0.530 -1.668861
0.540 5.228885
0.550 -3.084720
0.560 0.040267
0.570 10.003811
0.580 -7.216962
0.590 -11.345146
0.600 -16.843570
0.610 8.544782
0.620 -4.062911
0.630 1.707478
0.640 -2.983465
0.650 9.251838
0.660 0.028284
0.670 -3.470744
0.680 -6.075060
0.690 -15.908680
0.700 2.058976
0.710 8.942964
0.720 -3.739780
0.730 -2.161643
0.740 -1.716673
0.750 4.910493
0.760 -2.187281
0.770 -0.002298
0.780 5.673297
0.790 2.081465
0.800 0.546369
0.810 1.281989
0.820 11.208333
0.830 -8.862857
0.840 -11.381443
0.850 13.118812
0.860 8.140396
0.870 3.717834
0.880 -6.433988
0.890 13.564224
0.900 -12.054997
0.910 -2.687291
0.920 -22.365938
0.930 2.529387
0.940 -3.920460
0.950 -0.272295
0.960 6.588843
0.970 -8.000941
0.980 -5.923919
0.990 -11.967777
