0.000 2.717825
0.010 -1.936634
0.020 2.287744
0.030 15.042438
0.040 3.689746
0.050 2.400970
0.060 -9.758544
0.070 7.405258
0.080 -3.729438
0.090 -1.863680
0.100 3.298339
0.110 10.038797
0.120 2.146024
0.130 3.490008
0.140 -6.580967
0.150 6.802578
0.160 -10.093352
0.170 14.795645
0.180 -3.011376
0.190 -4.353532
0.200 -4.976230
0.210 -7.818005
0.220 -9.620339
0.230 -12.133268
0.240 8.253118
0.250 8.990500
0.260 4.902204
0.270 -3.568144
0.280 -3.000391
0.290 5.542043
0.300 -6.272036
0.310 2.385598
0.320 -12.878906
0.330 11.182186
0.340 5.938790
0.350 -0.573289
0.360 9.922893
0.370 11.018686
0.380 -3.014314
0.390 5.100798
0.400 -4.910790
0.410 14.017223
0.420 3.764674
0.430 -8.640724
0.440 -1.190540
0.450 8.061030
0.460 11.238729
0.470 -9.728198
0.480 11.970789
0.490 -4.838092
0.500 -3.874504
0.510 4.939575
0.520 -12.249879
0.530 -4.347473
0.540 13.723260
0.550 7.948087
0.560 -6.219367
0.570 8.099567
0.580 -10.961089
0.590 -6.830568
0.600 5.334806
0.610 -4.211421
0.620 14.841820
0.630 -12.675598
0.640 -6.212480
0.650 -12.930358
0.660 16.945953
0.670 2.305768
0.680 3.777083
0.690 -13.282296
0.700 3.790602
0.710 -8.963591
0.720 1.566386
0.730 15.775273
0.740 5.626366
0.750 -6.976067
0.760 2.050211
0.770 0.165881
0.780 -9.034391
0.790 15.638454
0.800 6.229603
0.810 2.304167
0.820 -0.912949
0.830 1.766367
0.840 10.401590
0.850 5.011592
0.860 7.225657
0.870 -9.733455
0.880 6.504229
0.890 20.154012
0.900 -11.053390
0.910 6.373574
0.920 3.007802
0.930 -12.345467
0.940 -5.714857
0.950 -9.603948
0.960 -5.386120
0.970 -10.327163
0.980 1.656795
0.990 7.733356
