0.000 -21.380301
0.010 -13.198389
0.020 8.834911
0.030 -2.947974
0.040 6.809709
0.050 -5.080638
0.060 5.532581
0.070 3.469518
0.080 -5.524173
0.090 0.850710
0.100 3.202614
0.110 -3.565721
0.120 2.046790
0.130 6.409383
0.140 -12.015128
0.150 -5.636644
0.160 -0.312227
0.170 14.175766
0.180 18.299983
0.190 -15.371378
0.200 4.181140
0.210 -6.268038
0.220 -4.382589
0.230 18.153034
0.240 -0.531690
0.250 2.709003
0.260 -3.564019
0.270 10.282178
0.280 -5.057205
0.290 0.018575
0.300 3.396363
0.310 -2.241029
0.320 -2.372088
0.330 3.811677
0.340 5.684113
0.350 9.068678
0.360 -1.034058
0.370 -0.845203
0.380 -5.150240
0.390 7.704626
0.400 24.046156
0.410 14.299348
0.420 -15.200707
0.430 3.294111
0.440 -2.397127
0.450 0.956695
0.460 14.679328
0.470 -4.113486
0.480 -5.097308
0.490 -4.019721
0.500 2.645482
0.510 5.054425
0.520 0.452436
0.530 8.610549
0.540 -0.660708
0.550 -6.853149
0.560 1.758292
0.570 -5.620891
0.580 3.079362
0.590 -3.249724
0.600 -3.313629
0.610 2.021181
0.620 1.255333
0.630 11.679686
0.640 12.342850
0.650 -14.320551
0.660 -3.592368
0.670 24.172510
0.680 -0.790582
0.690 -4.524793
0.700 -11.705021
0.710 3.376996
0.720 6.452093
0.730 -6.694208
0.740 -4.119360
0.750 1.953611
0.760 -7.588311
0.770 4.855141
0.780 0.297400
0.790 12.482359
0.800 -9.223879
0.810 -6.088444
0.820 5.649280
0.830 -1.950415
0.840 9.228753
0.850 -7.007424
0.860 -22.542614
0.870 -4.704435
0.880 -1.340742
0.890 -6.999943
0.900 10.478610
0.910 3.557218
0.920 5.363349
0.930 6.599818
0.940 -5.063180
0.950 -1.299965
0.960 4.628292
0.970 -6.390782
0.980 -6.008083
0.990 4.779122
