0.000 -7.572755
0.010 -0.211925
0.020 1.622981
0.030 -3.020458
0.040 -5.274422
0.050 -4.875824
0.060 -3.533785
0.070 7.472666
0.080 3.874383
0.090 -4.397592
0.100 -7.805967
0.110 -7.938943
0.120 7.965021
0.130 0.582358
0.140 2.403039
0.150 0.462978
0.160 1.335172
0.170 1.105466
0.180 -3.551123
0.190 2.149030
0.200 0.578457
0.210 -14.338715
0.220 -9.458715
0.230 -6.262975
0.240 -6.533335
0.250 13.793565
0.260 -3.273893
0.270 12.867805
0.280 3.443992
0.290 7.330049
0.300 -8.884456
0.310 -3.799891
0.320 0.236342
0.330 9.527473
0.340 8.343459
0.350 -18.188152
0.360 8.067910
0.370 9.950323
0.380 2.316886
0.390 -3.672893
0.400 -5.520385
0.410 0.856156
0.420 -13.572665
0.430 1.066314
0.440 -5.232502
0.450 -5.315678
0.460 8.491776
0.470 -6.246079
0.480 1.356260
0.490 2.958884
0.500 -4.418941
0.510 -0.921624
0.520 -11.946342
0.530 -3.611878
0.540 4.964271
0.550 -7.824167
0.560 -10.149668
0.570 2.418217
0.580 0.180330
0.590 11.629947
0.600 -3.134383
0.610 -2.596137
0.620 -15.667522
0.630 6.427867
0.640 2.227609
0.650 -1.966542
0.660 -0.968476
0.670 1.746373
0.680 -7.826535
0.690 -12.335114
0.700 8.172200
0.710 -1.540481
0.720 -0.690511
0.730 -3.602599
0.740 12.923924
0.750 -1.076363
0.760 -10.467467
0.770 -8.304679
0.780 2.407358
0.790 2.391543
0.800 4.777157
0.810 -2.290082
0.820 -4.909177
0.830 6.660533
0.840 7.915432
0.850 -6.717765
0.860 2.623678
0.870 -5.482877
0.880 -1.934306
0.890 0.296399
0.900 2.451907
0.910 -7.250631
0.920 0.819883
0.930 -19.082415
0.940 -2.081519
0.950 -6.628850
0.960 -12.372648
0.970 3.201969
0.980 1.316022
0.990 -4.916871
