0.000 -4.041109
0.010 -9.128982
0.020 5.249362
0.030 9.897524
0.040 -8.671234
0.050 -2.382922
0.060 -1.983999
0.070 -5.184635
0.080 6.141906
0.090 2.173317
0.100 -6.955160
0.110 3.490706
0.120 -5.420336
0.130 5.704933
0.140 -0.997941
0.150 -1.624892
0.160 -9.324500
0.170 -9.685567
0.180 2.254466
0.190 -2.267902
0.200 4.828641
0.210 6.463925
0.220 1.330163
0.230 -3.283519
0.240 7.983886
0.250 7.318811
0.260 -2.155698
0.270 -5.233108
0.280 -6.947805
0.290 3.138801
0.300 0.457711
0.310 -1.883306
0.320 1.694466
0.330 -7.047587
0.340 7.331289
0.350 -16.265547
0.360 -2.922759
0.370 1.066362
0.380 -7.508726
0.390 8.524906
0.400 -2.214692
0.410 -7.109296
0.420 -4.046171
0.430 5.973569
0.440 10.737040
0.450 11.196186
0.460 7.503838
0.470 -11.163553
0.480 -10.493208
0.490 -0.835240
0.500 -7.958345
0.510 0.111904
0.520 -1.688213
0.530 -4.610507
0.540 -0.324636
0.550 -2.746874
0.560 1.410908
0.570 -4.957099
0.580 -9.821529
0.590 -4.457794
0.600 -3.122777
0.610 -3.818108
0.620 3.708709
0.630 -0.069244
0.640 -7.859365
0.650 -14.743841
0.660 13.189016
0.670 0.587213
0.680 -1.957294
0.690 8.809418
0.700 8.900671
0.710 -0.563895
0.720 -23.783327
0.730 5.657309
0.740 -2.255177
0.750 3.093178
0.760 1.626301
0.770 1.608621
0.780 -9.819760
0.790 12.162185
0.800 6.675405
0.810 1.752855
0.820 -6.541731
0.830 -1.449811
0.840 9.996003
0.850 -2.841154
0.860 -2.722977
0.870 -5.503464
0.880 -0.066577
0.890 -3.744816
0.900 -5.727624
0.910 7.469852
0.920 4.273102
0.930 -9.114245
0.940 -8.605945
0.950 4.073375
0.960 20.800117
0.970 -2.636678
0.980 7.382541
0.990 3.351134
