0.000 -1.612262
0.010 -0.424531
0.020 9.516116
0.030 9.414009
0.040 10.609584
0.050 -1.777802
0.060 -1.739988
0.070 -3.235643
0.080 7.594070
0.090 -5.847183
0.100 2.681879
0.110 -0.530856
0.120 -2.893606
0.130 1.649530
0.140 7.101819
0.150 6.900865
0.160 4.461968
0.170 -1.836380
0.180 12.608148
0.190 -9.149025
0.200 7.488560
0.210 2.949890
0.220 -5.968013
0.230 0.379757
0.240 -9.958981
0.250 9.221637
0.260 2.116053
0.270 -6.673038
0.280 14.051604
0.290 -19.125750
0.300 -4.222769
0.310 -3.502852
0.320 -8.973226
0.330 -6.306160
0.340 -5.931540
0.350 -10.359159
0.360 8.044089
0.370 2.092222
0.380 -4.633179
0.390 2.629346
0.400 9.658097
0.410 -9.478356
0.420 2.128953
0.430 0.119813
0.440 -10.991653
0.450 -3.194975
0.460 2.060673
0.470 1.150324
0.480 9.880592
0.490 -4.695023
0.500 1.219204
0.510 6.701590
0.520 1.034607
0.530 -7.627317
0.540 4.927051
0.550 -2.930244
0.560 -7.483115
0.570 -11.066885
0.580 3.308677
0.590 -1.605027
0.600 10.446757
0.610 -7.282690
0.620 1.441472
0.630 -2.706441
0.640 -0.597429
0.650 -0.508624
0.660 -8.563925
0.670 2.765896
0.680 4.075808
0.690 6.400368
0.700 6.337919
0.710 1.324517
0.720 13.209035
0.730 1.572217
0.740 10.150543
0.750 -1.667421
0.760 8.743538
0.770 1.750435
0.780 3.316310
0.790 5.181747
0.800 9.149675
0.810 10.415783
0.820 10.851114
0.830 -5.150291
0.840 1.865463
0.850 -4.129942
0.860 -6.979413
0.870 -13.645766
0.880 1.416221
0.890 -13.839541
0.900 8.757985
0.910 0.119138
0.920 1.405478
0.930 -2.987427
0.940 0.221597
0.950 -2.234575
0.960 -16.010153
0.970 -2.733576
0.980 2.119632
0.990 -14.117975
