0.000 -1.451094
0.010 3.172188
0.020 -27.363573
0.030 -1.767148
0.040 -2.856053
0.050 7.459045
0.060 12.987939
0.070 5.400573
0.080 4.095878
0.090 -10.731492
0.100 9.741748
0.110 5.027307
0.120 16.135515
0.130 8.647558
0.140 -1.930466
0.150 18.379625
0.160 -3.640652
0.170 3.165241
0.180 -0.046443
0.190 -5.380552
0.200 8.005473
0.210 2.867989
0.220 -4.017400
0.230 -3.645191
0.240 -12.414219
0.250 -12.228092
0.260 -9.400029
0.270 2.969585
0.280 0.506158
0.290 -2.364149
0.300 -7.955814
0.310 2.385480
0.320 -3.799751
0.330 9.877845
0.340 9.061232
0.350 -3.426308
0.360 2.585724
0.370 7.044662
0.380 0.970809
0.390 5.988376
0.400 -6.722566
0.410 7.209364
0.420 -0.438688
0.430 6.408065
0.440 -3.994552
0.450 13.562067
0.460 -6.160132
0.470 3.075856
0.480 -5.140564
0.490 -8.400761
0.500 -10.626866
0.510 -3.269435
0.520 1.180310
0.530 6.217940
0.540 -14.571797
0.550 7.110417
0.560 -2.017113
0.570 6.454850
0.580 7.866613
0.590 9.143123
0.600 4.047637
0.610 1.314213
0.620 -2.570623
0.630 13.261926
0.640 2.060878
0.650 2.634219
0.660 4.567571
0.670 2.549166
0.680 -6.085748
0.690 -11.053344
0.700 5.359089
0.710 8.202605
0.720 -3.371569
0.730 -3.203761
0.740 6.143153
0.750 11.548252
0.760 -3.489799
0.770 -6.527497
0.780 5.489074
0.790 2.076364
0.800 -18.978402
0.810 -23.488165
0.820 -8.615354
0.830 16.275329
0.840 10.410579
0.850 -24.110513
0.860 5.210759
0.870 -14.391765
0.880 0.985029
0.890 -8.076281
0.900 5.116071
0.910 -4.074613
0.920 -3.566141
0.930 -10.927387
0.940 -0.574684
0.950 3.526333
0.960 4.149303
0.970 7.750020
0.980 10.310508
0.990 9.111297
