0.000 -9.616703
0.010 2.752802
0.020 -10.387604
0.030 -2.172719
0.040 2.938729
0.050 -0.298736
0.060 -5.579967
0.070 9.315199
0.080 -4.710551
0.090 14.369447
0.100 5.158461
0.110 4.215806
0.120 -12.615629
0.130 15.990241
0.140 -1.973727
0.150 -12.326573
0.160 12.876885
0.170 1.927676
0.180 -4.359370
0.190 4.369995
0.200 -19.791523
0.210 2.412185
0.220 -2.521046
0.230 0.730394
0.240 4.341299
0.250 4.304025
0.260 -0.899471
0.270 3.003370
0.280 8.441771
0.290 2.105262
0.300 -10.817213
0.310 6.347299
0.320 -4.682141
0.330 -8.579654
0.340 18.393459
0.350 1.783825
0.360 -3.711129
0.370 -6.148011
0.380 22.233216
0.390 -12.020173
0.400 4.939961
0.410 -1.485082
0.420 2.296414
0.430 10.074714
0.440 2.077506
0.450 9.818829
0.460 6.538666
0.470 -7.410893
0.480 -3.358785
0.490 0.440854
0.500 -0.544658
0.510 -2.257730
0.520 7.824320
0.530 2.610209
0.540 1.094103
0.550 -2.508039
0.560 5.721481
0.570 4.202394
0.580 3.028304
0.590 -18.272434
0.600 7.968957
0.610 2.162107
0.620 4.325552
0.630 4.788299
0.640 3.876837
0.650 -16.693154
0.660 -0.813644
0.670 12.937538
0.680 3.403993
0.690 -4.963901
0.700 17.123432
0.710 1.442849
0.720 0.884525
0.730 -3.644715
0.740 -2.450619
0.750 -5.154864
0.760 5.794428
0.770 -11.595934
0.780 3.808487
0.790 -3.635843
0.800 8.605983
0.810 10.686609
0.820 -7.021937
0.830 -3.916723
0.840 0.836261
0.850 -3.043183
0.860 -12.159773
0.870 1.535117
0.880 -0.281341
0.890 6.118849
0.900 6.119187
0.910 11.999441
0.920 6.455226
0.930 4.379048
0.940 -12.271481
0.950 0.303963
0.960 0.818018
0.970 -3.800300
0.980 -19.257868
0.990 -9.144050
