0.000 -9.562482
0.010 3.501598
0.020 10.778144
0.030 -2.913412
0.040 -9.691321
0.050 -10.602553
0.060 5.812722
0.070 2.437483
0.080 -0.363076
0.090 -7.354960
0.100 -5.734584
0.110 5.303394
0.120 11.485853
0.130 -26.695076
0.140 -0.549617
0.150 7.965278
0.160 6.093260
0.170 -2.131635
0.180 10.038891
0.190 6.900553
0.200 -19.474896
0.210 11.032630
0.220 6.891431
0.230 10.319634
0.240 -2.653379
0.250 -9.560764
0.260 4.181472
0.270 -22.949782
0.280 -8.575319
0.290 -2.220918
0.300 -1.799864
0.310 -18.670934
0.320 -14.004538
0.330 5.480248
0.340 -0.753210
0.350 -13.314335
0.360 4.187465
0.370 11.130333
0.380 2.808312
0.390 0.338777
0.400 -0.187541
0.410 -8.200025
0.420 -4.617544
0.430 -0.623566
0.440 -17.328675
0.450 10.244154
0.460 10.681148
0.470 2.760824
0.480 -1.820406
0.490 6.172474
0.500 -3.466749
0.510 -2.376384
0.520 4.556468
0.530 -6.464549
0.540 1.039716
0.550 7.190435
0.560 6.135889
0.570 18.930863
0.580 6.750021
0.590 -0.560434
0.600 7.892143
0.610 4.867659
0.620 3.912053
0.630 3.293945
0.640 -12.558630
0.650 -1.051125
0.660 -2.780343
0.670 -5.712283
0.680 -4.944740
0.690 -7.065490
0.700 -15.863572
0.710 6.414028
0.720 -15.360518
0.730 -11.378424
0.740 -2.355259
0.750 7.276979
0.760 -7.461020
0.770 -0.144800
0.780 5.263858
0.790 6.461519
0.800 1.704782
0.810 -3.560776
0.820 0.322256
0.830 9.183316
0.840 -6.241561
0.850 8.421191
0.860 1.613919
0.870 0.622616
0.880 6.291356
0.890 4.614690
0.900 4.851744
0.910 -1.912452
0.920 7.186134
0.930 -12.235177
0.940 5.318557
0.950 14.747129
0.960 0.868590
0.970 8.141003
0.980 2.645008
0.990 10.343637
