0.000 9.008556
0.010 13.006488
0.020 2.291600
0.030 -6.890403
0.040 -7.294623
0.050 -6.102045
0.060 2.994355
0.070 6.289993
0.080 -10.315609
0.090 -18.932835
0.100 8.737975
0.110 21.009357
0.120 4.745804
0.130 -5.260194
0.140 9.601459
0.150 1.352335
0.160 -8.960696
0.170 -2.994675
0.180 -2.425190
0.190 -5.146036
0.200 -10.976191
0.210 4.265493
0.220 11.307110
0.230 -6.522576
0.240 -4.766623
0.250 -10.451234
0.260 1.050120
0.270 -7.462769
0.280 2.434656
0.290 0.903512
0.300 -3.712928
0.310 -6.009595
0.320 -7.843982
0.330 -7.288844
0.340 14.347300
0.350 2.648948
0.360 -4.514123
0.370 -4.021695
0.380 -4.789653
0.390 -3.845627
0.400 0.113700
0.410 -3.723089
0.420 -14.287186
0.430 5.828749
0.440 13.852532
0.450 -8.221510
0.460 2.427974
0.470 2.901008
0.480 -7.141917
0.490 -9.507813
0.500 1.692416
0.510 3.880760
0.520 5.611352
0.530 7.674920
0.540 -12.543482
0.550 -3.673428
0.560 -9.934555
0.570 -13.150270
0.580 10.226857
0.590 4.466271
0.600 6.566842
0.610 3.466598
0.620 4.586516
0.630 6.716231
0.640 1.463295
0.650 -1.594153
0.660 5.781367
0.670 5.556372
0.680 -1.066793
0.690 5.439893
0.700 -11.473507
0.710 3.202483
0.720 -2.546760
0.730 -8.734025
0.740 -8.021563
0.750 3.521622
0.760 -15.882763
0.770 -6.016468
0.780 -8.402805
0.790 -3.698649
0.800 -5.605373
0.810 12.141931
0.820 -6.185790
0.830 10.678191
0.840 -0.336069
0.850 -7.497699
0.860 6.445875
0.870 -10.293687
0.880 -8.301220
0.890 21.896311
0.900 6.994948
0.910 5.934058
0.920 10.292617
0.930 -1.005250
0.940 -9.078523
0.950 -1.789345
0.960 1.696695
0.970 -8.666247
0.980 -2.910849
0.990 11.508487
