0.000 -17.985244
0.010 -1.679220
0.020 -3.923494
0.030 21.153478
0.040 6.350107
0.050 7.409265
0.060 -16.312335
0.070 0.433540
0.080 -7.690008
0.090 10.772165
0.100 -0.361562
0.110 -9.327835
0.120 5.548376
0.130 -2.332121
0.140 -18.971114
0.150 -7.997232
0.160 -6.213923
0.170 6.557706
0.180 3.866550
0.190 -2.028740
0.200 0.065327
0.210 6.350740
0.220 -12.277133
0.230 -17.454786
0.240 7.824376
0.250 -2.345680
0.260 -17.227172
0.270 -1.057444
0.280 -12.307291
0.290 13.503104
0.300 -6.572663
0.310 13.361849
0.320 7.796278
0.330 18.189877
0.340 11.925405
0.350 3.704882
0.360 0.467289
0.370 -17.140054
0.380 1.283816
0.390 9.939873
0.400 5.401124
0.410 -9.897409
0.420 -0.134274
0.430 -3.721169
0.440 -2.297251
0.450 -20.056392
0.460 1.212473
0.470 12.823583
0.480 9.595437
0.490 14.641093
0.500 -5.138559
0.510 -7.200310
0.520 0.118603
0.530 3.833735
0.540 10.300691
0.550 -0.136728
0.560 2.530098
0.570 10.271175
0.580 -10.995979
0.590 3.964702
0.600 2.538948
0.610 -2.517822
0.620 7.104931
0.630 9.944405
0.640 9.043928
0.650 0.750603
0.660 4.892852
0.670 1.042770
0.680 -0.068909
0.690 7.317064
0.700 3.838532
0.710 13.156490
0.720 0.577107
0.730 5.090184
0.740 -7.548097
0.750 13.292260
0.760 -1.448251
0.770 -2.317839
0.780 -3.392836
0.790 5.088750
0.800 -0.830599
0.810 4.048210
0.820 -4.877914
0.830 -20.285816
0.840 -4.915008
0.850 6.219355
0.860 5.318547
0.870 -11.675597
0.880 4.921061
0.890 11.029173
0.900 9.057705
0.910 -9.614867
0.920 -7.692175
0.930 0.109729
0.940 -0.975749
0.950 14.024232
0.960 -4.789482
0.970 14.929135
0.980 1.206152
0.990 4.457268
