0.000 6.487243
0.010 -0.934054
0.020 0.731165
0.030 1.904308
0.040 1.370238
0.050 -0.260686
0.060 5.330929
0.070 8.317075
0.080 11.709152
0.090 2.206638
0.100 -16.640696
0.110 -5.166116
0.120 -1.375464
0.130 0.551441
0.140 3.543232
0.150 -7.216089
0.160 -2.245604
0.170 -4.490796
0.180 12.766109
0.190 -10.169455
0.200 -14.847278
0.210 15.624537
0.220 -2.679937
0.230 8.103203
0.240 -6.525582
0.250 -6.189562
0.260 5.330429
0.270 -10.488195
0.280 -3.959068
0.290 3.147477
0.300 -1.311459
0.310 -20.800919
0.320 9.467419
0.330 5.124882
0.340 9.544482
0.350 0.757689
0.360 -7.007324
0.370 9.835101
0.380 -13.072935
0.390 -4.657991
0.400 6.286142
0.410 -5.429827
0.420 11.682864
0.430 -10.984007
0.440 -8.490901
0.450 11.785985
0.460 2.081286
0.470 -5.794470
0.480 -5.170777
0.490 6.513799
0.500 -5.203806
0.510 6.316723
0.520 5.010294
0.530 6.037771
0.540 11.111579
0.550 0.962701
0.560 -5.347434
0.570 -15.411379
0.580 13.892127
0.590 -1.161083
0.600 -0.681243
0.610 -3.337731
0.620 15.961289
0.630 0.187873
0.640 -1.160210
0.650 6.803377
0.660 -8.687693
0.670 2.016642
0.680 0.538179
0.690 -2.721866
0.700 -8.183927
0.710 13.675243
0.720 3.490572
0.730 -8.254052
0.740 2.305307
0.750 -9.274846
0.760 -6.042913
0.770 9.748444
0.780 3.072979
0.790 -2.075031
0.800 -24.658341
0.810 7.693317
0.820 0.001634
0.830 4.531300
0.840 0.369265
0.850 -8.836620
0.860 -13.173243
0.870 -5.800139
0.880 5.170719
0.890 1.700753
0.900 9.983672
0.910 -11.466488
0.920 10.098537
0.930 10.832888
0.940 1.739202
0.950 7.738680
0.960 -7.224203
0.970 5.019627
0.980 13.593277
0.990 -12.546381
