0.000 -16.377334
0.010 -1.722745
0.020 8.126559
0.030 -10.488265
0.040 -7.844859
0.050 -6.449864
0.060 1.087064
0.070 -16.033862
0.080 -5.087093
0.090 16.121295
0.100 6.073481
0.110 4.260304
0.120 2.157434
0.130 -0.590893
0.140 2.804202
0.150 3.448904
0.160 11.210954
0.170 -14.840406
0.180 -4.419656
0.190 -4.695470
0.200 5.555300
0.210 15.237660
0.220 1.494831
0.230 -10.489215
0.240 1.487134
0.250 3.277806
0.260 -0.773180
0.270 -3.105177
0.280 -5.259451
0.290 3.416962
0.300 -1.785075
0.310 -2.158883
0.320 19.044380
0.330 8.920318
0.340 6.329624
0.350 -3.416315
0.360 -1.115186
0.370 6.345969
0.380 6.441065
0.390 3.266781
0.400 -12.881815
0.410 8.277736
0.420 6.762530
0.430 -11.616749
0.440 -2.438804
0.450 -6.859003
0.460 14.565357
0.470 8.079936
0.480 8.290642
0.490 -5.488661
0.500 -14.404814
0.510 -0.368993
0.520 -3.865681
0.530 -3.489099
0.540 -17.636684
0.550 1.155673
0.560 18.360147
0.570 -1.562662
0.580 22.723215
0.590 21.822202
0.600 -1.834303
0.610 -0.808500
0.620 -0.515541
0.630 2.558738
0.640 3.355338
0.650 -6.263547
0.660 5.959723
0.670 -4.344052
0.680 0.348048
0.690 14.415153
0.700 1.447375
0.710 -4.995554
0.720 8.805242
0.730 -17.262614
0.740 -0.880974
0.750 -4.087104
0.760 -0.738761
0.770 -6.340938
0.780 -8.607769
0.790 15.649676
0.800 2.973143
0.810 -11.766328
0.820 -3.401115
0.830 -9.388324
0.840 -4.456146
0.850 4.862524
0.860 4.945103
0.870 5.362021
0.880 1.625684
0.890 -0.196439
0.900 -0.429986
0.910 -1.838593
0.920 1.005983
0.930 6.633609
0.940 15.445678
0.950 3.774193
0.960 -7.728606
0.970 4.099779
0.980 -1.466711
0.990 6.270118
