0.000 -0.845916
0.010 -8.463210
0.020 12.105161
0.030 0.772087
0.040 -11.618091
0.050 -12.642809
0.060 -6.451184
0.070 -0.956518
0.080 1.632760
0.090 -0.265842
0.100 -6.654369
0.110 -3.668744
0.120 1.656991
0.130 8.426665
0.140 -6.469863
0.150 -4.819234
0.160 0.181486
0.170 0.402821
0.180 3.530223
0.190 -4.616972
0.200 -2.289667
0.210 19.222643
0.220 -12.111548
0.230 10.049757
0.240 -7.003553
0.250 -4.495316
0.260 1.990722
0.270 11.178604
0.280 -4.512318
0.290 -7.632732
0.300 -7.269611
0.310 0.405672
0.320 -6.895719
0.330 -5.158818
0.340 4.773196
0.350 -1.389177
0.360 0.563943
0.370 -0.884728
0.380 2.043843
0.390 -7.275330
0.400 3.150048
0.410 2.815328
0.420 2.920131
0.430 9.598818
0.440 0.080728
0.450 3.994154
0.460 -6.318118
0.470 -11.220179
0.480 3.119673
0.490 1.327030
0.500 -5.980631
0.510 -0.653276
0.520 2.719288
0.530 -3.703638
0.540 -0.705822
0.550 2.178359
0.560 -5.355829
0.570 -0.242633
0.580 -25.851055
0.590 -2.803890
0.600 6.442996
0.610 8.974079
0.620 5.364867
0.630 -5.389879
0.640 0.474149
0.650 -13.300175
0.660 -3.600426
0.670 -1.801584
0.680 -5.978033
0.690 -9.577577
0.700 6.133265
0.710 -16.919913
0.720 7.013282
0.730 -5.006535
0.740 1.406581
0.750 0.620656
0.760 0.750502
0.770 -8.561755
0.780 3.221340
0.790 5.739889
0.800 0.951447
0.810 -5.128516
0.820 10.478835
0.830 15.557257
0.840 -13.589081
0.850 1.607114
0.860 -4.883214
0.870 -11.973010
0.880 -1.272055
0.890 2.334528
0.900 -0.757660
0.910 15.581745
0.920 -12.625327
0.930 14.668953
0.940 -0.370559
0.950 2.867129
0.960 -1.496986
0.970 8.075579
0.980 -12.169707
0.990 -9.077936
