0.000 -6.119953
0.010 3.778941
0.020 7.049443
0.030 4.022618
0.040 -0.259572
0.050 9.041292
0.060 -14.184129
0.070 20.467304
0.080 -2.398951
0.090 -2.571974
0.100 -6.117706
0.110 7.987051
0.120 3.734505
0.130 -5.845339
0.140 0.528070
0.150 1.877610
0.160 -6.742330
0.170 2.514656
0.180 6.088826
0.190 3.464408
0.200 -11.148363
0.210 -12.766113
0.220 1.917871
0.230 -2.049480
0.240 6.709990
0.250 -4.532174
0.260 -11.741356
0.270 17.611936
0.280 2.722209
0.290 -5.395351
0.300 -4.001806
0.310 0.030127
0.320 -9.231199
0.330 -10.291444
0.340 -5.337585
0.350 9.537947
0.360 -3.702411
0.370 1.325265
0.380 11.339869
0.390 8.244494
0.400 18.698188
0.410 4.579282
0.420 15.623436
0.430 4.032609
0.440 -0.244331
0.450 -1.460369
0.460 -3.167500
0.470 -12.689978
0.480 1.748716
0.490 -3.825141
0.500 4.559553
0.510 -11.016150
0.520 3.861510
0.530 -3.489546
0.540 -6.007523
0.550 1.836147
0.560 -11.540518
0.570 0.769784
0.580 -0.465116
0.590 -5.119969
0.600 8.851486
0.610 0.111150
0.620 14.324799
0.630 -0.045264
0.640 -4.661926
0.650 -5.026195
0.660 -13.229852
0.670 -6.583829
0.680 -6.142915
0.690 0.085889
0.700 0.326427
0.710 3.491472
0.720 4.802716
0.730 1.593041
0.740 -0.384549
0.750 -0.937339
0.760 2.241394
0.770 -3.096305
0.780 -13.926758
0.790 6.835743
0.800 -1.747673
0.810 -3.003011
0.820 -8.859237
0.830 -1.304125
0.840 6.941767
0.850 -4.493558
0.860 -3.804484
0.870 -1.817279
0.880 14.897883
0.890 -6.803453
0.900 7.709521
0.910 3.223003
0.920 7.161575
0.930 -3.551557
0.940 1.676148
0.950 -3.011896
0.960 5.014735
0.970 12.304461
0.980 -3.598162
0.990 1.106711
