0.000 9.484344
0.010 -4.416095
0.020 4.029251
0.030 -3.733381
0.040 7.439441
0.050 10.800266
0.060 0.215004
0.070 0.792015
0.080 0.816587
0.090 -2.802785
0.100 -5.561401
0.110 5.783380
0.120 -6.872498
0.130 -4.792402
0.140 7.608483
0.150 5.357985
0.160 -5.493218
0.170 3.049366
0.180 9.570151
0.190 -2.926467
0.200 -11.159566
0.210 -5.418154
0.220 4.152619
0.230 3.737081
0.240 -2.296956
0.250 3.728664
0.260 6.611193
0.270 4.749203
0.280 2.524785
0.290 -13.912924
0.300 -1.121579
0.310 5.363983
0.320 2.716099
0.330 14.162328
0.340 2.640382
0.350 -3.644920
0.360 -0.588761
0.370 -2.449771
0.380 2.681071
0.390 -4.705242
0.400 -9.748114
0.410 0.720530
0.420 2.645893
0.430 -13.678011
0.440 -0.680544
0.450 0.260851
0.460 1.720293
0.470 3.138038
0.480 -0.213520
0.490 -5.139655
0.500 15.291588
0.510 0.072063
0.520 -7.627458
0.530 -4.186386
0.540 -6.048715
0.550 6.530796
0.560 15.851840
0.570 -1.404648
0.580 -4.576636
0.590 5.724063
0.600 -4.860960
0.610 -12.103233
0.620 4.493373
0.630 3.737316
0.640 16.032244
0.650 6.379262
0.660 -11.548318
0.670 15.912302
0.680 2.055955
0.690 0.317840
0.700 0.295441
0.710 5.046265
0.720 5.266378
0.730 -4.984024
0.740 -3.000980
0.750 2.548549
0.760 -5.061073
0.770 5.380260
0.780 3.825828
0.790 -7.231720
0.800 1.290822
0.810 -2.903212
0.820 -0.004408
0.830 6.733715
0.840 -18.356352
0.850 -2.134386
0.860 -9.640960
0.870 10.274869
0.880 7.555188
0.890 10.036897
0.900 -0.485534
0.910 4.507808
0.920 2.907029
0.930 -9.299311
0.940 0.054944
0.950 6.358237
0.960 3.895531
0.970 0.595478
0.980 3.764640
0.990 -2.309056
