0.000 -19.264975
0.010 4.539914
0.020 -0.828952
0.030 -5.088965
0.040 -8.207175
0.050 -10.345259
0.060 10.587991
0.070 7.381041
0.080 3.054362
0.090 12.779474
0.100 -10.399165
0.110 -6.873025
0.120 4.954143
0.130 -2.665431
0.140 5.698280
0.150 -16.460844
0.160 3.232959
0.170 5.855448
0.180 -8.959570
0.190 -2.429867
0.200 -3.232046
0.210 -0.476462
0.220 1.539559
0.230 6.934542
0.240 -1.520309
0.250 -2.718776
0.260 5.648420
0.270 -6.848257
0.280 1.451516
0.290 6.887766
0.300 4.820705
0.310 -6.195346
0.320 2.432077
0.330 -5.780516
0.340 -6.879480
0.350 1.475352
0.360 7.636247
0.370 -0.888160
0.380 2.919273
0.390 -4.950483
0.400 -9.843046
0.410 -3.574600
0.420 2.055394
0.430 -23.445660
0.440 -0.849153
0.450 -1.409607
0.460 -7.012264
0.470 -15.576113
0.480 -10.256951
0.490 -4.709185
0.500 8.920309
0.510 0.087776
0.520 0.240027
0.530 -1.891157
0.540 -8.419793
0.550 -7.053181
0.560 19.936851
0.570 -3.917730
0.580 17.713956
0.590 -3.705054
0.600 -9.445142
0.610 -16.981780
0.620 -15.169061
0.630 -2.998717
0.640 2.389085
0.650 7.690284
0.660 -0.071233
0.670 -1.540821
0.680 7.768381
0.690 -0.234789
0.700 -4.492577
0.710 6.132846
0.720 -5.507355
0.730 -5.331607
0.740 12.758264
0.750 -8.699494
0.760 10.590294
0.770 2.229858
0.780 3.026093
0.790 -7.820083
0.800 -18.794264
0.810 3.114150
0.820 -1.038652
0.830 -7.770090
0.840 3.755302
0.850 7.687219
0.860 6.904509
0.870 0.387635
0.880 2.870754
0.890 7.384011
0.900 -4.331450
0.910 -10.658807
0.920 7.945579
0.930 -7.955794
0.940 -3.539899
0.950 -4.248024
0.960 -5.891921
0.970 4.140324
0.980 3.655140
0.990 6.311270
