0.000 9.061555
0.010 12.526862
0.020 0.302776
0.030 -6.925329
0.040 -10.086751
0.050 0.887620
0.060 -1.494259
0.070 -4.835879
0.080 11.139887
0.090 -9.088978
0.100 18.945789
0.110 2.583081
0.120 5.083356
0.130 -4.551456
0.140 12.087904
0.150 -8.083603
0.160 9.308272
0.170 6.988059
0.180 6.020805
0.190 -3.073034
0.200 2.340784
0.210 -5.987016
0.220 1.900045
0.230 4.394504
0.240 -8.033570
0.250 1.725358
0.260 0.085015
0.270 -1.333318
0.280 7.363138
0.290 0.553684
0.300 11.719430
0.310 -0.990947
0.320 12.024987
0.330 10.855879
0.340 0.231765
0.350 2.064753
0.360 0.470030
0.370 2.998047
0.380 13.008935
0.390 -4.299508
0.400 2.528128
0.410 4.787865
0.420 6.794906
0.430 17.893654
0.440 13.130685
0.450 4.158002
0.460 -2.463223
0.470 -2.171812
0.480 -2.825473
0.490 -5.699544
0.500 1.610388
0.510 2.419112
0.520 0.284570
0.530 4.180862
0.540 -6.475006
0.550 -5.481535
0.560 4.851361
0.570 14.335203
0.580 5.482237
0.590 17.686120
0.600 8.746517
0.610 -9.088341
0.620 10.426258
0.630 0.171295
0.640 -5.503724
0.650 12.181873
0.660 -3.906645
0.670 -6.118275
0.680 9.189104
0.690 13.817626
0.700 -0.299024
0.710 -1.545317
0.720 8.438501
0.730 -6.912832
0.740 7.662114
0.750 -5.204952
0.760 -9.691865
0.770 -6.142853
0.780 4.033908
0.790 -12.778508
0.800 -1.589365
0.810 -4.056397
0.820 1.629011
0.830 2.650150
0.840 -7.471559
0.850 5.156417
0.860 1.945496
0.870 4.597177
0.880 -7.645131
0.890 -12.158118
0.900 13.632237
0.910 5.351616
0.920 -1.828356
0.930 1.577038
0.940 -4.907455
0.950 14.449936
0.960 1.047388
0.970 -1.786844
0.980 0.856305
0.990 -3.256866
