0.000 0.131582
0.010 -3.436335
0.020 -1.540395
0.030 3.789646
0.040 -5.605336
0.050 3.828579
0.060 -4.699240
0.070 -1.231342
0.080 -24.185294
0.090 -0.411821
0.100 -5.405215
0.110 -7.171369
0.120 8.939638
0.130 -5.039273
0.140 -8.982215
0.150 -2.720420
0.160 1.254028
0.170 14.523220
0.180 9.236824
0.190 -9.194883
0.200 2.343976
0.210 1.053240
0.220 -10.233584
0.230 0.270642
0.240 -18.709257
0.250 3.282596
0.260 2.454616
0.270 16.184738
0.280 9.690108
0.290 -5.685337
0.300 14.959075
0.310 1.662771
0.320 10.922841
0.330 -7.044677
0.340 8.659876
0.350 -14.649282
0.360 -5.408823
0.370 -9.485061
0.380 -6.896811
0.390 -6.253294
0.400 1.047730
0.410 -0.139532
0.420 -2.341165
0.430 -9.625202
0.440 -11.150548
0.450 1.105095
0.460 3.174450
0.470 9.313078
0.480 -2.344609
0.490 -14.911232
0.500 8.255403
0.510 1.545502
0.520 -2.441446
0.530 -8.701436
0.540 5.728877
0.550 4.365219
0.560 2.829318
0.570 -4.364031
0.580 9.597462
0.590 -3.359634
0.600 4.562967
0.610 11.754521
0.620 -4.679436
0.630 -4.910499
0.640 -16.571220
0.650 -6.517087
0.660 2.150762
0.670 6.965099
0.680 -3.939146
0.690 -1.211464
0.700 12.607646
0.710 0.477687
0.720 12.503871
0.730 -12.400281
0.740 -11.217749
0.750 -1.207321
0.760 -7.761208
0.770 4.164842
0.780 4.554185
0.790 8.052358
0.800 12.102635
0.810 -6.964254
0.820 -0.244943
0.830 4.003793
0.840 -3.495032
0.850 7.024174
0.860 -2.317222
0.870 2.599116
0.880 -1.295893
0.890 0.182418
0.900 3.160908
0.910 -3.036377
0.920 13.684930
0.930 -8.265281
0.940 2.499684
0.950 -4.333978
0.960 1.489946
0.970 -1.467493
0.980 4.236851
0.990 -16.627445
