0.000 -4.962096
0.010 -13.486753
0.020 -10.684736
0.030 -7.108116
0.040 6.224820
0.050 -7.234336
0.060 -7.806272
0.070 -0.772676
0.080 5.182233
0.090 0.207257
0.100 0.739359
0.110 -7.527928
0.120 4.091526
0.130 8.470141
0.140 -17.957318
0.150 8.809618
0.160 -5.040293
0.170 -4.289167
0.180 -9.343288
0.190 -9.301130
0.200 9.060600
0.210 11.839766
0.220 8.655705
0.230 -1.395413
0.240 -8.172891
0.250 -0.056628
0.260 -4.980879
0.270 2.208222
0.280 -9.549494
0.290 -10.120003
0.300 2.401634
0.310 9.216262
0.320 -2.009147
0.330 -5.830443
0.340 4.639025
0.350 -14.970642
0.360 11.156167
0.370 -13.017518
0.380 13.386235
0.390 -6.952839
0.400 1.877270
0.410 -4.444892
0.420 -9.661406
0.430 -3.924607
0.440 0.241521
0.450 1.768401
0.460 -0.748662
0.470 7.798760
0.480 -1.964123
0.490 -7.029659
0.500 4.391608
0.510 18.377283
0.520 3.203383
0.530 -11.253112
0.540 3.348196
0.550 -11.966976
0.560 -0.704942
0.570 2.943936
0.580 2.638958
0.590 3.504422
0.600 -7.127365
0.610 -16.690782
0.620 4.425527
0.630 -4.481402
0.640 3.339156
0.650 5.955540
0.660 5.372248
0.670 5.304260
0.680 1.595767
0.690 -9.289890
0.700 -2.823798
0.710 1.461726
0.720 -15.699975
0.730 5.231622
0.740 -10.862041
0.750 -0.189945
0.760 -13.985203
0.770 0.655229
0.780 6.690147
0.790 -6.550216
0.800 17.869589
0.810 10.548846
0.820 6.892767
0.830 2.900459
0.840 8.711410
0.850 15.531668
0.860 -15.609771
0.870 -5.381363
0.880 17.985588
0.890 16.013483
0.900 -10.937645
0.910 2.531383
0.920 8.409284
0.930 -0.557332
0.940 -13.642310
0.950 12.340015
0.960 -1.171591
0.970 4.253200
0.980 12.442168
0.990 1.915616
