0.000 -2.476125
0.010 -5.452742
0.020 2.332368
0.030 0.574036
0.040 -5.082150
0.050 -13.423365
0.060 2.472700
0.070 -5.534418
0.080 3.919965
0.090 13.411641
0.100 2.667416
0.110 -7.712741
0.120 5.115621
0.130 -9.116190
0.140 -3.491240
0.150 -14.178289
0.160 6.535927
0.170 -0.035155
0.180 -9.996430
0.190 -0.976781
0.200 -4.589248
0.210 9.961400
0.220 5.311449
0.230 10.113142
0.240 8.338129
0.250 10.621293
0.260 6.993637
0.270 -3.540766
0.280 -2.023485
0.290 6.247150
0.300 -11.165523
0.310 4.276591
0.320 -2.506941
0.330 7.044837
0.340 -13.610661
0.350 1.111546
0.360 -4.349222
0.370 -0.880710
0.380 5.397054
0.390 8.735150
0.400 -3.161735
0.410 -12.743040
0.420 5.857394
0.430 0.399049
0.440 -4.008163
0.450 -10.205394
0.460 1.442936
0.470 -4.288732
0.480 13.811919
0.490 22.354981
0.500 -4.396317
0.510 0.444175
0.520 2.315780
0.530 -10.272754
0.540 0.593582
0.550 4.217814
0.560 3.508358
0.570 6.504843
0.580 -10.078605
0.590 -17.322353
0.600 -0.600977
0.610 3.384300
0.620 7.750901
0.630 2.203025
0.640 -4.682926
0.650 -2.492310
0.660 -2.038624
0.670 -4.572778
0.680 -2.160970
0.690 -2.973578
0.700 -1.420725
0.710 12.198757
0.720 -3.968503
0.730 -7.124640
0.740 2.262555
0.750 -3.376709
0.760 -3.916965
0.770 -6.739518
0.780 -3.428542
0.790 2.412746
0.800 16.870391
0.810 -10.950994
0.820 -5.918395
0.830 -8.528616
0.840 2.766431
0.850 -2.659602
0.860 -14.826101
0.870 -5.561412
0.880 7.654393
0.890 -1.062079
0.900 -6.480285
0.910 -1.685720
0.920 -6.229101
0.930 -0.769259
0.940 4.933019
0.950 5.643081
0.960 -1.975862
0.970 -4.138995
0.980 12.228378
0.990 1.096570
