0.000 -1.202282
0.010 -3.167751
0.020 -7.031427
0.030 -5.266724
0.040 3.719116
0.050 5.982981
0.060 2.534811
0.070 1.175204
0.080 3.471779
0.090 12.181454
0.100 16.216695
0.110 -6.253211
0.120 3.863896
0.130 -0.206271
0.140 2.702460
0.150 1.160614
0.160 2.974192
0.170 5.364594
0.180 3.353265
0.190 3.798916
0.200 -5.595960
0.210 -14.214551
0.220 -16.460693
0.230 9.433323
0.240 -3.974857
0.250 -11.233380
0.260 6.533141
0.270 6.459959
0.280 1.791544
0.290 1.424930
0.300 1.820807
0.310 -3.315650
0.320 0.204342
0.330 10.633801
0.340 8.379267
0.350 5.424159
0.360 4.619083
0.370 3.195190
0.380 -10.803072
0.390 1.914671
0.400 1.797997
0.410 1.858512
0.420 7.134495
0.430 3.278883
0.440 -3.460392
0.450 7.108239
0.460 3.339515
0.470 2.140983
0.480 10.295680
0.490 -6.684643
0.500 -4.775552
0.510 2.129827
0.520 1.507635
0.530 3.363419
0.540 -10.901667
0.550 1.843076
0.560 -1.962210
0.570 5.952874
0.580 1.308912
0.590 5.391811
0.600 6.125597
0.610 2.930896
0.620 5.573557
0.630 -3.878440
0.640 -5.655155
0.650 2.915239
0.660 5.037115
0.670 2.407077
0.680 17.340648
0.690 0.920953
0.700 12.698821
0.710 -5.643566
0.720 1.045289
0.730 0.035546
0.740 -0.771843
0.750 -2.029050
0.760 -9.890885
0.770 0.282445
0.780 -8.978034
0.790 -7.158087
0.800 -6.367419
0.810 -0.379393
0.820 -9.899964
0.830 0.484689
0.840 4.545209
0.850 2.470990
0.860 0.383387
0.870 -1.119570
0.880 -4.590747
0.890 -2.331709
0.900 -1.143876
0.910 6.310449
0.920 5.890640
0.930 -10.372106
0.940 -9.967993
0.950 1.699203
0.960 -0.217361
0.970 10.986068
0.980 3.229448
0.990 8.685649
