0.000 -5.783698
0.010 7.555122
0.020 3.943960
0.030 5.743382
0.040 -2.652862
0.050 3.868854
0.060 0.836562
0.070 0.689791
0.080 2.583997
0.090 -14.126634
0.100 -13.807497
0.110 -2.950481
0.120 -12.984798
0.130 16.066536
0.140 -0.470329
0.150 1.433117
0.160 -3.484590
0.170 10.199936
0.180 -6.636803
0.190 4.901804
0.200 -10.840792
0.210 -4.220501
0.220 -0.755556
0.230 11.263512
0.240 -0.592474
0.250 5.309015
0.260 -9.653871
0.270 -1.318230
0.280 -2.769327
0.290 7.508764
0.300 0.835085
0.310 2.967250
0.320 2.314855
0.330 -4.743501
0.340 1.648414
0.350 1.307374
0.360 -12.591030
0.370 -10.834191
0.380 0.902709
0.390 -9.230320
0.400 4.914960
0.410 -11.251495
0.420 -9.105463
0.430 10.488397
0.440 6.313825
0.450 2.238137
0.460 -15.893284
0.470 1.040235
0.480 -6.164930
0.490 -9.149501
0.500 6.872572
0.510 -10.757154
0.520 11.512510
0.530 -4.813663
0.540 10.755990
0.550 3.144990
0.560 9.165880
0.570 7.252912
0.580 -0.878069
0.590 1.455250
0.600 -19.743944
0.610 5.534428
0.620 11.249925
0.630 13.233444
0.640 -4.410610
0.650 -2.180158
0.660 -15.990736
0.670 -4.261610
0.680 -11.553797
0.690 14.988650
0.700 17.667761
0.710 0.970386
0.720 2.040924
0.730 -9.830310
0.740 5.128439
0.750 -4.549463
0.760 11.348626
0.770 -2.849736
0.780 2.614188
0.790 -7.503493
0.800 5.866744
0.810 2.481030
0.820 1.850378
0.830 17.036538
0.840 1.955712
0.850 -19.634811
0.860 1.883065
0.870 -12.535354
0.880 8.605749
0.890 11.505060
0.900 6.825061
0.910 -5.896376
0.920 -7.290383
0.930 -1.235763
0.940 -2.163090
0.950 10.719676
0.960 4.689672
0.970 -0.752300
0.980 -3.092371
0.990 18.297515
