0.000 -8.185896
0.010 -7.016358
0.020 2.854565
0.030 -3.338787
0.040 6.771225
0.050 -5.063009
0.060 6.662238
0.070 -8.085899
0.080 7.119930
0.090 2.653711
0.100 -6.918264
0.110 5.188408
0.120 -8.222027
0.130 -0.736337
0.140 8.390716
0.150 1.164928
0.160 -4.101183
0.170 -3.199042
0.180 10.874026
0.190 -9.475737
0.200 11.101035
0.210 -4.743742
0.220 -2.878965
0.230 11.006200
0.240 7.454749
0.250 22.040283
0.260 9.859065
0.270 0.547169
0.280 -0.220919
0.290 -16.695591
0.300 -2.304184
0.310 8.750429
0.320 -6.344069
0.330 -5.110063
0.340 -4.282845
0.350 5.216241
0.360 5.198772
0.370 -4.715316
0.380 -12.861023
0.390 6.024154
0.400 -9.183802
0.410 7.961643
0.420 -7.231365
0.430 -7.021955
0.440 4.786485
0.450 -5.090201
0.460 8.891589
0.470 3.756281
0.480 5.210588
0.490 4.959353
0.500 1.875366
0.510 -2.476980
0.520 -4.005512
0.530 -0.611777
0.540 9.628169
0.550 -6.337066
0.560 6.932466
0.570 -8.847124
0.580 -10.725355
0.590 4.728942
0.600 -0.119754
0.610 5.173982
0.620 0.576497
0.630 5.450238
0.640 6.282541
0.650 -6.484650
0.660 -3.388963
0.670 -4.839393
0.680 0.397828
0.690 3.872553
0.700 3.038532
0.710 -0.445784
0.720 11.302876
0.730 5.348071
0.740 21.393927
0.750 17.527683
0.760 1.078779
0.770 -5.984320
0.780 -0.555933
0.790 -9.774693
0.800 -4.706343
0.810 -9.523429
0.820 3.126717
0.830 -13.540718
0.840 6.736995
0.850 -1.788114
0.860 -7.729106
0.870 11.388912
0.880 -2.745948
0.890 -4.851603
0.900 7.973139
0.910 7.016380
0.920 -8.677540
0.930 6.566038
0.940 11.066831
0.950 4.080120
0.960 -7.540995
0.970 -9.680909
0.980 0.182289
0.990 -5.941177
