0.000 -4.496674
0.010 -9.968170
0.020 4.948275
0.030 10.064556
0.040 -5.069405
0.050 -4.393964
0.060 -6.085155
0.070 -30.704776
0.080 11.293095
0.090 -2.980524
0.100 3.542718
0.110 4.673557
0.120 -10.048696
0.130 3.341553
0.140 -6.337390
0.150 6.368816
0.160 -15.238950
0.170 -4.334796
0.180 0.063305
0.190 -11.961225
0.200 -0.592878
0.210 -5.020234
0.220 -5.551753
0.230 -4.510284
0.240 -11.760859
0.250 1.004928
0.260 8.830697
0.270 0.687007
0.280 7.638098
0.290 -2.700491
0.300 -4.088329
0.310 -4.989894
0.320 -10.182036
0.330 -0.268839
0.340 5.645226
0.350 7.969930
0.360 17.532690
0.370 17.927274
0.380 13.491805
0.390 5.891016
0.400 17.306096
0.410 1.969432
0.420 -8.309224
0.430 2.599494
0.440 15.969533
0.450 5.711870
0.460 -16.823166
0.470 10.466990
0.480 -10.869554
0.490 7.899209
0.500 1.664689
0.510 -2.156399
0.520 10.237935
0.530 -7.478422
0.540 -3.197013
0.550 -1.503243
0.560 -0.230236
0.570 8.492194
0.580 7.193321
0.590 2.507505
0.600 11.992173
0.610 -1.706134
0.620 8.557930
0.630 -6.116046
0.640 2.484746
0.650 0.677362
0.660 -9.610020
0.670 1.153546
0.680 5.040445
0.690 -7.732321
0.700 2.252134
0.710 10.621081
0.720 -2.127032
0.730 -5.171733
0.740 -0.709277
0.750 5.734373
0.760 3.984852
0.770 6.065016
0.780 0.645594
0.790 -7.200846
0.800 -8.808362
0.810 -14.736506
0.820 1.767454
0.830 -1.575204
0.840 0.844338
0.850 -7.374597
0.860 -9.187148
0.870 14.315794
0.880 -1.614917
0.890 -2.235546
0.900 -5.164655
0.910 1.724323
0.920 -3.447390
0.930 -5.659754
0.940 2.419904
0.950 -14.171861
0.960 3.549638
0.970 -15.924049
0.980 5.198639
0.990 0.324182
