0.000 -13.879402
0.010 -7.299388
0.020 -1.479775
0.030 7.756766
0.040 -4.814078
0.050 0.512441
0.060 2.479099
0.070 1.184748
0.080 7.717252
0.090 3.692448
0.100 -5.848509
0.110 -6.931179
0.120 -12.770608
0.130 -7.920016
0.140 2.287362
0.150 -3.666240
0.160 -0.824569
0.170 3.209148
0.180 4.477040
0.190 0.090466
0.200 6.898734
0.210 -4.523708
0.220 -5.462142
0.230 0.351160
0.240 -7.717399
0.250 2.732639
0.260 -3.306683
0.270 0.355362
0.280 -6.997088
0.290 -9.132964
0.300 19.649615
0.310 -16.513292
0.320 18.090860
0.330 10.385063
0.340 -10.148333
0.350 4.621749
0.360 6.766258
0.370 6.725295
0.380 -4.063384
0.390 1.366833
0.400 9.388865
0.410 0.946036
0.420 3.638916
0.430 -12.747325
0.440 -5.507229
0.450 21.658366
0.460 -4.913022
0.470 -0.125626
0.480 5.270523
0.490 -8.622159
0.500 -8.574025
0.510 -7.992622
0.520 -4.337349
0.530 0.098564
0.540 0.788447
0.550 1.268196
0.560 5.632875
0.570 -4.363518
0.580 -2.755314
0.590 0.494700
0.600 -0.125149
0.610 7.488500
0.620 -9.877793
0.630 -5.958558
0.640 11.133701
0.650 -4.155081
0.660 -2.871672
0.670 -11.730361
0.680 -5.959746
0.690 7.048490
0.700 -6.507038
0.710 -1.078498
0.720 -7.404029
0.730 -6.192961
0.740 6.333004
0.750 -14.596745
0.760 5.294486
0.770 -1.985396
0.780 -3.556158
0.790 -10.393437
0.800 11.907749
0.810 -3.268871
0.820 -9.775096
0.830 2.809976
0.840 10.081225
0.850 7.144297
0.860 -7.681176
0.870 -12.232792
0.880 -20.301297
0.890 -0.502149
0.900 4.376941
0.910 2.909625
0.920 9.620715
0.930 -5.405984
0.940 4.736692
0.950 -5.063000
0.960 15.302089
0.970 -10.000763
0.980 -8.705821
0.990 0.076728
