0.000 3.067245
0.010 1.492309
0.020 7.624482
0.030 -6.181247
0.040 -0.498312
0.050 -0.906697
0.060 14.982649
0.070 5.616253
0.080 -6.385373
0.090 -9.259626
0.100 8.910550
0.110 0.010032
0.120 -2.889204
0.130 -1.265283
0.140 -18.130507
0.150 -21.120633
0.160 -3.207613
0.170 0.819843
0.180 15.454063
0.190 -8.167725
0.200 7.896273
0.210 3.729756
0.220 -3.769498
0.230 -3.566348
0.240 11.678796
0.250 -2.891784
0.260 -2.128314
0.270 -8.197324
0.280 7.366337
0.290 -6.824727
0.300 1.022026
0.310 -0.682298
0.320 8.803914
0.330 10.616358
0.340 0.467378
0.350 10.339999
0.360 2.278940
0.370 5.361330
0.380 1.444163
0.390 7.448373
0.400 -0.053029
0.410 -4.269411
0.420 -6.614951
0.430 -3.043498
0.440 9.060686
0.450 0.532909
0.460 1.001119
0.470 -0.677990
0.480 -2.661216
0.490 -1.757030
0.500 1.666141
0.510 -19.060298
0.520 7.555816
0.530 0.577227
0.540 0.838282
0.550 13.848299
0.560 5.136402
0.570 6.805678
0.580 -5.125391
0.590 -7.881398
0.600 -2.726718
0.610 2.807573
0.620 -0.385994
0.630 3.678184
0.640 -10.651793
0.650 3.140808
0.660 -2.165238
0.670 -1.018330
0.680 3.797713
0.690 2.190535
0.700 2.878836
0.710 -4.142564
0.720 -1.252075
0.730 -10.558907
0.740 -0.932670
0.750 6.386821
0.760 7.214293
0.770 -9.722910
0.780 -1.724313
0.790 0.483662
0.800 -11.851854
0.810 5.907124
0.820 6.543345
0.830 2.164376
0.840 -8.766944
0.850 12.957505
0.860 7.041681
0.870 -6.277822
0.880 -15.892875
0.890 -3.445911
0.900 0.612465
0.910 7.720740
0.920 4.583964
0.930 -7.155198
0.940 10.282886
0.950 1.635880
0.960 -12.193133
0.970 5.040306
0.980 7.657982
0.990 3.788091
