0.000 -12.256062
0.010 -6.638868
0.020 3.028645
0.030 5.370270
0.040 -2.236234
0.050 -0.847124
0.060 9.234116
0.070 0.472451
0.080 -6.665593
0.090 -1.441915
0.100 13.721113
0.110 9.649445
0.120 -5.134646
0.130 -2.959759
0.140 -7.001132
0.150 2.152786
0.160 -9.932905
0.170 -1.726903
0.180 3.289313
0.190 -2.689253
0.200 1.275875
0.210 -0.745891
0.220 -6.760146
0.230 -5.206647
0.240 4.411252
0.250 3.760322
0.260 -5.396596
0.270 -2.943253
0.280 -3.134194
0.290 -20.796584
0.300 9.724562
0.310 -4.836379
0.320 -7.099725
0.330 -3.869680
0.340 -4.100914
0.350 -4.956009
0.360 -14.472773
0.370 10.590956
0.380 5.605408
0.390 -4.249865
0.400 -0.271800
0.410 1.479339
0.420 -1.767176
0.430 -1.828966
0.440 -8.475441
0.450 0.616710
0.460 -8.914371
0.470 -13.103516
0.480 2.996336
0.490 -8.593165
0.500 5.072360
0.510 -4.817265
0.520 -5.966074
0.530 2.784129
0.540 5.623038
0.550 9.496173
0.560 0.253088
0.570 6.775851
0.580 -2.450932
0.590 2.612510
0.600 3.544455
0.610 6.033100
0.620 -1.421518
0.630 -3.642418
0.640 -1.431548
0.650 -9.368862
0.660 6.409455
0.670 7.649739
0.680 -6.079070
0.690 -8.921867
0.700 0.451403
0.710 5.096906
0.720 10.300264
0.730 -3.556018
0.740 0.456388
0.750 -3.780819
0.760 -5.328665
0.770 -2.656617
0.780 -12.480703
0.790 5.708724
0.800 -2.059602
0.810 11.173316
0.820 -4.047237
0.830 -1.579539
0.840 5.674990
0.850 3.799015
0.860 -1.067900
0.870 1.763267
0.880 10.530533
0.890 8.050089
0.900 0.333255
0.910 12.254654
0.920 -3.278402
0.930 0.153069
0.940 -4.412258
0.950 11.153188
0.960 6.315381
0.970 -10.297848
0.980 1.826936
0.990 -1.712505
