0.000 -3.247948
0.010 4.106663
0.020 -12.947519
0.030 12.240260
0.040 3.650740
0.050 4.162999
0.060 4.680142
0.070 2.324680
0.080 2.291739
0.090 -12.838281
0.100 9.120725
0.110 6.184650
0.120 13.376772
0.130 0.645556
0.140 8.029433
0.150 -5.467586
0.160 -5.672235
0.170 7.549532
0.180 -1.130859
0.190 -1.718551
0.200 2.134039
0.210 15.347923
0.220 1.067350
0.230 -6.660571
0.240 -0.938759
0.250 -1.529362
0.260 13.176974
0.270 -2.658568
0.280 -3.858688
0.290 -2.367877
0.300 -9.999316
0.310 11.457790
0.320 11.340619
0.330 4.075733
0.340 -4.719842
0.350 4.964444
0.360 -2.675930
0.370 -7.231998
0.380 2.985127
0.390 0.805436
0.400 -8.782141
0.410 -10.286877
0.420 2.001194
0.430 0.024994
0.440 -20.811814
0.450 -5.080263
0.460 -7.149582
0.470 -0.191276
0.480 -2.702783
0.490 -12.706006
0.500 5.051138
0.510 2.071762
0.520 12.844165
0.530 5.128089
0.540 0.360962
0.550 -3.433334
0.560 -9.897656
0.570 -8.191989
0.580 6.574853
0.590 -4.824004
0.600 -18.855546
0.610 -7.435287
0.620 9.892759
0.630 6.538648
0.640 -3.093390
0.650 -10.110332
0.660 -22.071836
0.670 7.620984
0.680 -3.236759
0.690 -7.697529
0.700 -1.070245
0.710 8.698266
0.720 -21.088484
0.730 4.605692
0.740 5.088156
0.750 -11.063677
0.760 4.288446
0.770 8.417719
0.780 1.547304
0.790 3.976133
0.800 15.461276
0.810 12.659969
0.820 -7.445518
0.830 3.351338
0.840 2.071716
0.850 -5.231755
0.860 -5.378814
0.870 15.780270
0.880 3.480138
0.890 0.538354
0.900 -2.591873
0.910 -3.960845
0.920 -1.866130
0.930 3.021029
0.940 -5.084310
0.950 -8.677694
0.960 -2.873306
0.970 12.821931
0.980 -0.942743
0.990 1.217541
