0.000 3.556891
0.010 -0.423807
0.020 -6.081047
0.030 -10.005338
0.040 4.788098
0.050 0.282199
0.060 5.297252
0.070 0.925184
0.080 -1.545255
0.090 -16.088690
0.100 7.550246
0.110 -2.171818
0.120 7.538528
0.130 -2.619000
0.140 5.373124
0.150 7.207232
0.160 -8.926040
0.170 1.662724
0.180 6.686646
0.190 9.866915
0.200 -5.418366
0.210 6.358535
0.220 -3.810747
0.230 5.594110
0.240 -14.910314
0.250 -8.615378
0.260 10.841810
0.270 8.325682
0.280 -7.011819
0.290 -5.911545
0.300 4.085698
0.310 13.368068
0.320 -10.871022
0.330 -8.404242
0.340 11.349462
0.350 3.338655
0.360 6.020224
0.370 -3.666817
0.380 2.964974
0.390 -11.610028
0.400 9.522648
0.410 0.328876
0.420 14.679786
0.430 -16.262327
0.440 0.817108
0.450 -1.816422
0.460 13.507238
0.470 5.411613
0.480 1.183503
0.490 4.126520
0.500 1.367864
0.510 10.904139
0.520 -5.203315
0.530 -0.509529
0.540 1.665062
0.550 -3.678820
0.560 -8.975219
0.570 -7.632964
0.580 -5.881323
0.590 -5.380390
0.600 1.803027
0.610 11.128137
0.620 -4.980972
0.630 -2.854687
0.640 6.462367
0.650 -0.895884
0.660 -4.933711
0.670 2.270244
0.680 2.855360
0.690 -2.692986
0.700 5.142885
0.710 2.786257
0.720 -1.883083
0.730 -3.419569
0.740 -12.476409
0.750 -7.041306
0.760 3.007661
0.770 -1.379442
0.780 -0.767305
0.790 -3.790467
0.800 7.664700
0.810 1.397607
0.820 2.115344
0.830 -8.447819
0.840 8.067676
0.850 -2.672317
0.860 8.141367
0.870 7.260567
0.880 0.725001
0.890 -6.927236
0.900 8.422716
0.910 -5.561284
0.920 -2.837014
0.930 -19.500914
0.940 9.861793
0.950 -0.671624
0.960 -2.763615
0.970 3.803242
0.980 2.014330
0.990 -0.757908
