0.000 23.672137
0.010 3.391456
0.020 6.951999
0.030 11.223494
0.040 -4.696543
0.050 -4.403559
0.060 -1.340853
0.070 -6.039818
0.080 -11.869805
0.090 9.815456
0.100 25.238136
0.110 2.297810
0.120 6.924709
0.130 -5.243562
0.140 -3.032205
0.150 -1.085115
0.160 8.791036
0.170 5.241765
0.180 8.853760
0.190 -4.561501
0.200 5.441504
0.210 3.363909
0.220 -2.947256
0.230 5.275371
0.240 -9.488811
0.250 -8.590144
0.260 10.975317
0.270 13.581223
0.280 -10.067837
0.290 8.388485
0.300 -8.829875
0.310 -7.236519
0.320 -3.523184
0.330 -17.330876
0.340 0.748824
0.350 -3.681613
0.360 -1.826652
0.370 5.007865
0.380 14.322228
0.390 6.617758
0.400 3.858338
0.410 5.606948
0.420 3.012706
0.430 5.495169
0.440 2.171206
0.450 9.408417
0.460 -7.342992
0.470 14.013768
0.480 2.690987
0.490 3.698347
0.500 9.105678
0.510 -2.253711
0.520 -3.890383
0.530 5.680884
0.540 10.980299
0.550 -7.286101
0.560 10.635679
0.570 -4.452098
0.580 -3.175694
0.590 1.645782
0.600 0.027749
0.610 -20.078794
0.620 0.929757
0.630 -0.804607
0.640 -0.760673
0.650 -1.367594
0.660 2.500671
0.670 -5.034504
0.680 5.210455
0.690 -0.277260
0.700 -8.673608
0.710 7.601282
0.720 -12.858640
0.730 12.140333
0.740 3.078373
0.750 13.530826
0.760 -8.642526
0.770 0.961715
0.780 -1.908751
0.790 -10.365419
0.800 13.842968
0.810 1.793136
0.820 17.295693
0.830 3.056122
0.840 -7.569699
0.850 -5.346653
0.860 6.214842
0.870 17.037181
0.880 13.296656
0.890 -9.657363
0.900 -5.808556
0.910 2.924483
0.920 3.613199
0.930 3.687302
0.940 12.361740
0.950 -3.076923
0.960 9.513505
0.970 -2.452805
0.980 9.454550
0.990 7.361613
