0.000 -0.503632
0.010 6.950821
0.020 2.887090
0.030 -7.103263
0.040 -11.811610
0.050 0.360361
0.060 4.486735
0.070 -5.494292
0.080 -2.758692
0.090 4.247934
0.100 0.470567
0.110 -0.662283
0.120 -5.977365
0.130 -7.200469
0.140 -18.490079
0.150 9.813345
0.160 -3.210639
0.170 14.956186
0.180 7.581232
0.190 2.534344
0.200 2.814411
0.210 3.463324
0.220 7.431151
0.230 -4.323658
0.240 -8.350735
0.250 6.853690
0.260 3.043080
0.270 -16.912107
0.280 -0.371679
0.290 -6.313754
0.300 15.193456
0.310 9.204573
0.320 -1.158939
0.330 -1.142437
0.340 12.885357
0.350 1.117389
0.360 -11.047122
0.370 7.623806
0.380 14.397312
0.390 -4.912329
0.400 1.098039
0.410 -3.359743
0.420 17.188468
0.430 7.316438
0.440 9.316959
0.450 -4.040339
0.460 -6.619938
0.470 8.408391
0.480 -5.075791
0.490 6.574282
0.500 5.286896
0.510 3.059913
0.520 -5.242572
0.530 -6.768460
0.540 11.969385
0.550 -6.500485
0.560 -1.826598
0.570 -10.565071
0.580 -7.297295
0.590 -10.980539
0.600 0.825222
0.610 -8.920063
0.620 3.820598
0.630 6.210635
0.640 0.683772
0.650 -7.702254
0.660 1.453791
0.670 4.008165
0.680 -16.353827
0.690 -16.742659
0.700 -7.655824
0.710 -0.677925
0.720 6.885651
0.730 0.483082
0.740 0.635832
0.750 -14.043662
0.760 0.951698
0.770 -1.572509
0.780 -2.046566
0.790 8.897441
0.800 3.896490
0.810 8.788433
0.820 5.651961
0.830 -1.102513
0.840 -5.920978
0.850 12.576864
0.860 -7.940159
0.870 4.803249
0.880 -3.482140
0.890 -0.951635
0.900 -1.356383
0.910 -0.275212
0.920 4.960018
0.930 -7.844702
0.940 -13.010429
0.950 -1.263242
0.960 -0.449466
0.970 14.534311
0.980 9.002467
0.990 3.427113
