0.000 2.304939
0.010 -6.347443
0.020 -5.792367
0.030 -13.439522
0.040 16.160410
0.050 -7.571680
0.060 -0.193114
0.070 3.258636
0.080 -3.401766
0.090 10.237515
0.100 6.209708
0.110 8.083512
0.120 -13.169001
0.130 -0.441257
0.140 1.312174
0.150 6.127039
0.160 0.761417
0.170 4.593687
0.180 8.340103
0.190 -3.537157
0.200 -8.186468
0.210 15.760655
0.220 5.227678
0.230 1.096291
0.240 -0.220086
0.250 2.521384
0.260 11.072401
0.270 12.737872
0.280 11.496840
0.290 -2.885992
0.300 -1.108253
0.310 -2.233396
0.320 2.318393
0.330 4.970261
0.340 5.430036
0.350 -7.010306
0.360 -1.309646
0.370 -2.812481
0.380 -4.901329
0.390 -1.176831
0.400 13.513657
0.410 8.419723
0.420 2.616878
0.430 2.676773
0.440 15.227966
0.450 -6.710789
0.460 -1.399919
0.470 1.884014
0.480 1.390334
0.490 13.816534
0.500 -2.610013
0.510 4.700276
0.520 6.670641
0.530 -4.965001
0.540 -1.047419
0.550 3.633784
0.560 -0.617506
0.570 3.989261
0.580 21.741022
0.590 -13.803589
0.600 -5.452044
0.610 7.829985
0.620 5.302417
0.630 2.848328
0.640 9.995242
0.650 -3.526227
0.660 7.454533
0.670 -5.796719
0.680 -8.294013
0.690 -4.056040
0.700 3.285701
0.710 1.367939
0.720 -5.047910
0.730 -7.976462
0.740 4.684884
0.750 -9.650173
0.760 13.338662
0.770 19.185201
0.780 -1.362730
0.790 -8.887575
0.800 4.623387
0.810 5.577811
0.820 -3.400496
0.830 -3.856408
0.840 -5.377101
0.850 6.801257
0.860 4.578266
0.870 5.943884
0.880 -11.185781
0.890 -5.129726
0.900 -0.927910
0.910 6.724523
0.920 -13.615921
0.930 2.004578
0.940 2.500715
0.950 9.205008
0.960 3.395384
0.970 -7.189535
0.980 -1.122214
0.990 -6.411070
