0.000 -2.855124
0.010 5.606786
0.020 -4.193592
0.030 -2.143890
0.040 6.360134
0.050 -8.873916
0.060 15.040196
0.070 -1.460220
0.080 3.805060
0.090 0.241797
0.100 -9.137795
0.110 11.277523
0.120 -9.192969
0.130 -0.432625
0.140 -13.728357
0.150 9.643275
0.160 -4.532736
0.170 5.836155
0.180 -3.457671
0.190 4.871626
0.200 0.561812
0.210 -3.606467
0.220 -7.956499
0.230 5.302616
0.240 4.377651
0.250 -7.012565
0.260 -5.516552
0.270 4.547930
0.280 0.479861
0.290 6.668017
0.300 5.190218
0.310 28.632906
0.320 5.951131
0.330 8.621186
0.340 3.851634
0.350 2.519558
0.360 3.364692
0.370 2.133867
0.380 12.132318
0.390 4.053976
0.400 -5.506162
0.410 15.071586
0.420 8.377038
0.430 6.010696
0.440 -5.746902
0.450 -11.868908
0.460 10.426449
0.470 -3.661474
0.480 12.518193
0.490 4.872025
0.500 7.901520
0.510 -7.310449
0.520 -2.224552
0.530 -2.594082
0.540 -6.177795
0.550 5.106111
0.560 7.105152
0.570 -2.796657
0.580 -4.247085
0.590 -7.808979
0.600 12.932676
0.610 -6.114966
0.620 -6.902773
0.630 -3.046248
0.640 -4.816401
0.650 -0.929456
0.660 3.344310
0.670 7.000515
0.680 1.556203
0.690 -8.866283
0.700 21.534885
0.710 -1.582951
0.720 -9.506147
0.730 -3.928546
0.740 0.194182
0.750 -19.372697
0.760 -19.879378
0.770 -2.206385
0.780 -9.131972
0.790 9.977612
0.800 -9.177786
0.810 1.024241
0.820 -6.498177
0.830 5.614343
0.840 12.509643
0.850 -5.995146
0.860 -1.585795
0.870 8.109742
0.880 -0.202716
0.890 0.002117
0.900 10.120416
0.910 -5.457838
0.920 -1.269341
0.930 6.370864
0.940 -16.086985
0.950 -4.116682
0.960 0.430344
0.970 0.888733
0.980 -7.335440
0.990 7.880046
