0.000 5.063219
0.010 9.005799
0.020 7.081544
0.030 20.876365
0.040 -2.640350
0.050 9.447710
0.060 9.167884
0.070 6.612403
0.080 -2.209009
0.090 -5.854834
0.100 -0.234092
0.110 1.119981
0.120 -13.245264
0.130 -4.622006
0.140 -4.904171
0.150 -8.318818
0.160 2.864807
0.170 5.705939
0.180 5.234192
0.190 2.252523
0.200 6.526556
0.210 -1.755454
0.220 -1.947621
0.230 -0.253098
0.240 3.523440
0.250 8.852976
0.260 -1.783467
0.270 -0.191842
0.280 1.459689
0.290 -12.474991
0.300 -6.533377
0.310 -7.783610
0.320 4.822345
0.330 -4.210665
0.340 11.508444
0.350 -3.816561
0.360 -6.515357
0.370 -7.705010
0.380 -8.488600
0.390 -9.724497
0.400 -9.235928
0.410 -2.464655
0.420 -11.740261
0.430 3.348173
0.440 5.609496
0.450 -0.000776
0.460 16.660277
0.470 -2.568320
0.480 -3.615414
0.490 -1.971468
0.500 1.294883
0.510 10.921822
0.520 -8.658283
0.530 8.616561
0.540 2.409368
0.550 8.409454
0.560 5.774993
0.570 -9.715811
0.580 5.361615
0.590 7.477394
0.600 3.467025
0.610 -4.369300
0.620 4.889765
0.630 12.078272
0.640 -7.414682
0.650 8.560537
0.660 -12.505528
0.670 -5.218957
0.680 0.717223
0.690 -3.968794
0.700 15.700343
0.710 -5.709264
0.720 6.002646
0.730 -6.227455
0.740 2.932969
0.750 -16.408287
0.760 -6.138767
0.770 -3.012576
0.780 -2.296499
0.790 13.480772
0.800 -8.163867
0.810 2.397379
0.820 -11.280320
0.830 -1.500119
0.840 8.495095
0.850 -2.069936
0.860 1.453817
0.870 -6.081755
0.880 0.458295
0.890 -9.507665
0.900 33.983694
0.910 -0.572290
0.920 3.838334
0.930 2.433800
0.940 -3.929444
0.950 -8.322772
0.960 1.968643
0.970 -6.616157
0.980 -5.134665
0.990 3.447303
