0.000 -3.014011
0.010 -1.518308
0.020 5.937431
0.030 -6.936971
0.040 12.113766
0.050 4.167631
0.060 -9.052846
0.070 -10.432860
0.080 -8.894254
0.090 4.188953
0.100 -0.541294
0.110 6.647560
0.120 4.862373
0.130 -0.200572
0.140 3.916650
0.150 4.637544
0.160 8.481499
0.170 -2.962033
0.180 8.177403
0.190 16.054950
0.200 7.625784
0.210 -1.998425
0.220 -4.373597
0.230 -16.969757
0.240 0.039030
0.250 4.611550
0.260 -4.728239
0.270 11.033385
0.280 -19.394489
0.290 1.415588
0.300 -4.889263
0.310 0.116514
0.320 2.683373
0.330 -3.029139
0.340 0.280209
0.350 -1.359034
0.360 2.975820
0.370 -8.291131
0.380 2.187472
0.390 5.351874
0.400 6.228569
0.410 -7.741770
0.420 13.383157
0.430 -9.149564
0.440 4.385905
0.450 1.297390
0.460 0.297205
0.470 8.166992
0.480 -7.301212
0.490 8.133057
0.500 -15.033392
0.510 -0.288083
0.520 6.756373
0.530 6.205537
0.540 -2.919372
0.550 -1.848025
0.560 -1.111985
0.570 -0.906147
0.580 -7.740427
0.590 -14.470354
0.600 -9.767776
0.610 -6.370688
0.620 3.570856
0.630 6.802155
0.640 1.930421
0.650 1.372136
0.660 14.835769
0.670 3.919134
0.680 -1.847617
0.690 0.426855
0.700 -12.510241
0.710 0.080907
0.720 0.661979
0.730 3.737016
0.740 4.018723
0.750 1.348044
0.760 -9.016621
0.770 2.333641
0.780 -14.230356
0.790 19.938488
0.800 3.403420
0.810 1.077988
0.820 24.939651
0.830 7.000237
0.840 -8.997232
0.850 -3.005980
0.860 -12.994995
0.870 -13.590778
0.880 -5.869114
0.890 5.083581
0.900 7.711862
0.910 2.965406
0.920 0.992600
0.930 6.586554
0.940 2.737228
0.950 2.191916
0.960 3.420398
0.970 7.450139
0.980 -4.449801
0.990 1.876185
