0.000 -0.403516
0.010 3.494657
0.020 -8.224629
0.030 -6.241860
0.040 -11.733293
0.050 16.364690
0.060 7.063605
0.070 0.093592
0.080 -6.091284
0.090 -0.297834
0.100 -3.460711
0.110 -0.590374
0.120 11.525050
0.130 9.862252
0.140 10.091133
0.150 -13.240367
0.160 11.304334
0.170 -5.510720
0.180 2.544202
0.190 1.161129
0.200 9.502708
0.210 -1.235686
0.220 6.898625
0.230 -8.278494
0.240 2.125445
0.250 1.210784
0.260 11.749929
0.270 2.060025
0.280 -14.415031
0.290 -4.021929
0.300 3.176140
0.310 2.326647
0.320 -4.705849
0.330 0.632395
0.340 3.142476
0.350 4.707237
0.360 0.256670
0.370 -7.091807
0.380 -1.015895
0.390 8.414710
0.400 -4.966914
0.410 5.733578
0.420 3.688454
0.430 -14.312212
0.440 5.460441
0.450 -2.492774
0.460 -11.133290
0.470 8.333063
0.480 -4.183401
0.490 5.022058
0.500 -9.098246
0.510 -5.966860
0.520 5.253903
0.530 13.389333
0.540 -3.184975
0.550 -2.246935
0.560 7.676300
0.570 0.061635
0.580 -4.187580
0.590 -1.940765
0.600 -3.387306
0.610 -4.742658
0.620 4.403055
0.630 4.793553
0.640 -1.086841
0.650 0.997061
0.660 -0.637688
0.670 -6.010716
0.680 2.779676
0.690 -1.456425
0.700 -10.925728
0.710 -13.366040
0.720 6.986267
0.730 -3.226951
0.740 -4.186133
0.750 -2.386699
0.760 2.521470
0.770 6.748199
0.780 11.884988
0.790 20.132685
0.800 4.845336
0.810 -6.600312
0.820 -12.055811
0.830 -8.415109
0.840 6.820141
0.850 -9.827884
0.860 1.375722
0.870 3.737200
0.880 -9.499958
0.890 1.475123
0.900 0.184263
0.910 8.996494
0.920 -8.240589
0.930 8.472685
0.940 -1.181482
0.950 7.173638
0.960 4.999276
0.970 -3.169731
0.980 -9.920600
0.990 6.726502
