0.000 2.902870
0.010 0.215242
0.020 9.720076
0.030 -4.214861
0.040 -4.513077
0.050 7.988208
0.060 -9.316998
0.070 -6.422685
0.080 10.485412
0.090 -1.088823
0.100 9.573992
0.110 -2.952089
0.120 6.349291
0.130 -0.986910
0.140 -0.613808
0.150 5.914525
0.160 7.430069
0.170 4.302500
0.180 -2.323778
0.190 5.222950
0.200 -2.487232
0.210 -6.949055
0.220 -1.533027
0.230 3.692523
0.240 3.137701
0.250 6.899436
0.260 0.359727
0.270 1.038490
0.280 18.388394
0.290 -4.272393
0.300 -0.872084
0.310 -0.412018
0.320 3.809070
0.330 18.372834
0.340 -4.867715
0.350 14.852069
0.360 -7.792602
0.370 15.206269
0.380 8.019830
0.390 -4.621949
0.400 -10.268098
0.410 -11.354277
0.420 14.654546
0.430 -1.011720
0.440 -10.166511
0.450 -14.376756
0.460 -7.830491
0.470 3.420200
0.480 1.106660
0.490 6.275911
0.500 -4.416500
0.510 16.332215
0.520 -0.560378
0.530 3.390412
0.540 6.219190
0.550 -4.057453
0.560 3.370733
0.570 11.968617
0.580 -2.326236
0.590 -5.435928
0.600 -11.383914
0.610 -6.634571
0.620 2.981242
0.630 -1.418874
0.640 -9.192241
0.650 6.803882
0.660 4.487117
0.670 -6.629071
0.680 -8.491684
0.690 -12.810370
0.700 -10.386786
0.710 5.770055
0.720 -18.927040
0.730 2.721705
0.740 -3.050399
0.750 -13.152268
0.760 23.049742
0.770 8.183332
0.780 -14.212313
0.790 -20.499246
0.800 -0.047788
0.810 4.137247
0.820 17.581675
0.830 0.456585
0.840 -14.877667
0.850 -1.423326
0.860 8.680436
0.870 12.487196
0.880 -1.779468
0.890 13.332238
0.900 -12.542139
0.910 11.111980
0.920 9.458193
0.930 -10.468748
0.940 8.223143
0.950 12.598096
0.960 -3.675988
0.970 12.665216
0.980 0.708866
0.990 3.595087
