0.000 -1.556562
0.010 11.774206
0.020 -2.175897
0.030 0.680603
0.040 0.698395
0.050 -8.779397
0.060 -0.610891
0.070 -11.023440
0.080 -11.042278
0.090 -11.999887
0.100 -8.352551
0.110 -5.561443
0.120 -4.782479
0.130 -2.747861
0.140 -3.371529
0.150 1.714531
0.160 4.960124
0.170 -2.570093
0.180 -0.208240
0.190 -2.013457
0.200 16.779345
0.210 7.774328
0.220 14.022073
0.230 1.310634
0.240 0.998922
0.250 21.531697
0.260 -12.339081
0.270 -11.963910
0.280 -1.063539
0.290 -1.170631
0.300 4.519221
0.310 9.256638
0.320 -7.798792
0.330 -9.105883
0.340 -2.792885
0.350 -9.920563
0.360 6.406047
0.370 -0.792057
0.380 0.734233
0.390 17.280481
0.400 6.479236
0.410 3.490465
0.420 5.573459
0.430 -2.115697
0.440 5.421949
0.450 6.175274
0.460 -11.881076
0.470 3.168979
0.480 -2.188273
0.490 -5.072398
0.500 -1.017936
0.510 6.669995
0.520 4.660016
0.530 8.713253
0.540 -4.025242
0.550 -0.856880
0.560 18.685014
0.570 11.314974
0.580 -8.822901
0.590 -2.473128
0.600 18.599339
0.610 -2.327175
0.620 -9.550337
0.630 6.155959
0.640 -1.088261
0.650 4.983041
0.660 6.786071
0.670 -19.499411
0.680 -7.913254
0.690 -10.673101
0.700 -13.841032
0.710 -2.395318
0.720 10.096239
0.730 -12.651671
0.740 -8.055289
0.750 -5.271422
0.760 1.893024
0.770 -5.489188
0.780 -8.058768
0.790 -2.959459
0.800 -2.527958
0.810 -2.072326
0.820 -6.367066
0.830 -1.692913
0.840 0.416728
0.850 -1.462297
0.860 2.332603
0.870 1.168313
0.880 6.334392
0.890 1.886211
0.900 3.612742
0.910 7.865484
0.920 -5.434769
0.930 -3.265399
0.940 -9.186661
0.950 -5.822425
0.960 9.955484
0.970 0.219578
0.980 -15.707217
0.990 13.870115
