0.000 -10.664118
0.010 -3.934816
0.020 -10.306633
0.030 -6.991522
0.040 5.344300
0.050 -7.946715
0.060 -3.471493
0.070 1.958525
0.080 -8.252250
0.090 3.730882
0.100 2.528634
0.110 -7.930194
0.120 -19.578767
0.130 -8.559570
0.140 1.034941
0.150 7.942171
0.160 -19.793902
0.170 -1.764444
0.180 2.111417
0.190 3.223547
0.200 -2.095067
0.210 -12.133959
0.220 -2.348737
0.230 -3.837976
0.240 0.976123
0.250 2.528792
0.260 -7.628767
0.270 -12.406801
0.280 -0.645685
0.290 -5.182713
0.300 0.618429
0.310 12.988621
0.320 5.064245
0.330 3.802921
0.340 -9.535444
0.350 11.938668
0.360 2.199817
0.370 -4.706331
0.380 -4.484746
0.390 -5.980146
0.400 3.270966
0.410 3.165361
0.420 -5.982907
0.430 -10.755534
0.440 7.288975
0.450 15.407003
0.460 -9.991992
0.470 -7.799727
0.480 2.316676
0.490 -13.774576
0.500 -15.649786
0.510 -4.084477
0.520 -4.199576
0.530 -13.207193
0.540 -17.371063
0.550 2.425404
0.560 -10.723127
0.570 -9.087858
0.580 -8.508872
0.590 -8.651999
0.600 -3.057329
0.610 15.342189
0.620 4.672578
0.630 9.853662
0.640 6.327809
0.650 13.512741
0.660 3.477643
0.670 -9.644251
0.680 -3.771561
0.690 8.944700
0.700 3.045304
0.710 -1.683250
0.720 4.277574
0.730 -7.319626
0.740 -7.121325
0.750 4.370916
0.760 -16.319754
0.770 -25.953503
0.780 6.640696
0.790 -15.988997
0.800 -1.636867
0.810 6.189168
0.820 8.614909
0.830 -5.802257
0.840 -2.045001
0.850 -6.890639
0.860 3.231286
0.870 7.561847
0.880 -7.223803
0.890 3.889700
0.900 14.627481
0.910 8.126094
0.920 7.528429
0.930 -6.224073
0.940 9.141448
0.950 -5.876570
0.960 7.315130
0.970 -9.455255
0.980 4.535870
0.990 7.537612
