0.000 14.491658
0.010 -14.869682
0.020 -9.197442
0.030 8.328221
0.040 6.159393
0.050 7.021462
0.060 -8.496665
0.070 3.726266
0.080 8.286688
0.090 6.704517
0.100 -2.235404
0.110 6.651960
0.120 1.549584
0.130 15.888011
0.140 5.296836
0.150 2.949781
0.160 -8.199382
0.170 4.252983
0.180 -4.834040
0.190 -5.313041
0.200 0.797118
0.210 -15.671926
0.220 8.206683
0.230 -1.021985
0.240 -3.102301
0.250 9.664989
0.260 -1.712093
0.270 1.938145
0.280 -4.106123
0.290 -0.793090
0.300 -5.753549
0.310 -0.333854
0.320 -5.376181
0.330 -14.861261
0.340 -2.399002
0.350 6.739325
0.360 5.728426
0.370 11.997994
0.380 9.221795
0.390 16.513197
0.400 -5.244499
0.410 11.127779
0.420 -8.066338
0.430 -3.362404
0.440 7.562299
0.450 6.881271
0.460 11.985075
0.470 -6.372011
0.480 -7.874778
0.490 13.194787
0.500 -9.526632
0.510 7.765916
0.520 8.537301
0.530 2.103137
0.540 -20.869639
0.550 6.577507
0.560 8.305827
0.570 -7.272199
0.580 -10.592091
0.590 -5.472748
0.600 5.881839
0.610 -8.905357
0.620 -5.102109
0.630 -5.798580
0.640 -3.208235
0.650 -2.660902
0.660 6.552182
0.670 -1.021280
0.680 0.122667
0.690 11.735476
0.700 8.254419
0.710 -5.898747
0.720 -4.214777
0.730 -0.426818
0.740 4.596317
0.750 -5.553669
0.760 5.255184
0.770 -2.456566
0.780 5.923095
0.790 5.458935
0.800 4.654987
0.810 9.634785
0.820 6.324936
0.830 18.687852
0.840 1.820197
0.850 2.977825
0.860 1.976939
0.870 9.478345
0.880 -5.722969
0.890 -9.192740
0.900 -3.995484
0.910 0.413186
0.920 2.200685
0.930 -1.064410
0.940 5.345647
0.950 -8.342686
0.960 9.095125
0.970 7.963774
0.980 -12.780076
0.990 -4.667895
