0.000 2.984473
0.010 -0.422117
0.020 0.596318
0.030 5.226798
0.040 0.525438
0.050 -3.274493
0.060 -14.332981
0.070 -7.220553
0.080 2.275328
0.090 3.586990
0.100 -5.323504
0.110 -4.692781
0.120 0.182854
0.130 12.519814
0.140 -5.493246
0.150 15.016142
0.160 -8.552736
0.170 3.606196
0.180 -0.113917
0.190 -4.861677
0.200 -3.617204
0.210 11.280470
0.220 3.845898
0.230 -1.822999
0.240 7.421048
0.250 -1.193313
0.260 -9.292591
0.270 -8.657000
0.280 -1.693535
0.290 -0.420101
0.300 -1.700182
0.310 0.496326
0.320 -1.498456
0.330 1.712775
0.340 -9.237243
0.350 -3.910433
0.360 4.219793
0.370 7.185975
0.380 -3.937365
0.390 -6.752886
0.400 -3.985331
0.410 5.145226
0.420 1.612625
0.430 -22.456620
0.440 11.472263
0.450 -0.698385
0.460 -18.955044
0.470 -7.254303
0.480 -9.843642
0.490 -3.426102
0.500 0.193399
0.510 2.986760
0.520 -9.004995
0.530 -4.773550
0.540 -12.488370
0.550 4.862160
0.560 -3.419720
0.570 8.706987
0.580 -8.330194
0.590 2.421763
0.600 7.382164
0.610 -19.061113
0.620 6.198920
0.630 3.772798
0.640 -2.519711
0.650 -3.904831
0.660 1.184369
0.670 -2.766296
0.680 0.610413
0.690 -3.541136
0.700 5.677258
0.710 19.753759
0.720 -2.158970
0.730 -0.691649
0.740 4.284476
0.750 -3.605140
0.760 6.568290
0.770 4.629893
0.780 5.528901
0.790 -13.457642
0.800 -0.361909
0.810 -11.140157
0.820 -1.478042
0.830 -3.471650
0.840 -1.187444
0.850 1.862081
0.860 4.989571
0.870 -2.494282
0.880 -1.560877
0.890 -0.752520
0.900 -3.803321
0.910 1.538869
0.920 3.674466
0.930 1.654654
0.940 -0.421026
0.950 2.226082
0.960 6.388251
0.970 7.967032
0.980 7.946846
0.990 8.907569
