0.000 -0.949604
0.010 -4.709151
0.020 0.895892
0.030 -13.245543
0.040 5.219771
0.050 9.259301
0.060 -3.306607
0.070 -13.105590
0.080 -6.384392
0.090 2.842886
0.100 -2.511535
0.110 -2.307635
0.120 2.141179
0.130 -4.252445
0.140 -0.599062
0.150 0.707689
0.160 -6.488357
0.170 7.348325
0.180 -7.992241
0.190 -7.007773
0.200 -3.275266
0.210 -6.911431
0.220 7.963501
0.230 -15.882522
0.240 6.955572
0.250 16.292204
0.260 22.451313
0.270 -1.499082
0.280 3.136801
0.290 18.007681
0.300 -4.243186
0.310 -12.752055
0.320 -9.934903
0.330 12.173160
0.340 -5.022761
0.350 0.891900
0.360 -1.634492
0.370 -3.820710
0.380 -5.387980
0.390 1.803842
0.400 -15.578681
0.410 -3.363182
0.420 -1.492281
0.430 5.770534
0.440 14.818941
0.450 -17.712568
0.460 2.923129
0.470 -7.337716
0.480 -3.654230
0.490 -2.250190
0.500 2.404559
0.510 6.627505
0.520 9.047468
0.530 -1.749233
0.540 -0.084688
0.550 9.259194
0.560 3.698045
0.570 -8.501915
0.580 -10.144709
0.590 -18.626767
0.600 3.733622
0.610 0.942711
0.620 7.197154
0.630 5.393780
0.640 -9.809030
0.650 13.566294
0.660 -2.244987
0.670 -3.694559
0.680 -0.241484
0.690 4.113418
0.700 8.523392
0.710 -4.455338
0.720 3.002606
0.730 8.542140
0.740 2.247197
0.750 -13.513875
0.760 3.028129
0.770 7.204636
0.780 6.460081
0.790 -8.255003
0.800 -0.743533
0.810 -21.973865
0.820 -1.611445
0.830 1.832057
0.840 0.498005
0.850 3.863430
0.860 10.029548
0.870 -5.734101
0.880 9.513731
0.890 7.293096
0.900 -30.318645
0.910 0.219153
0.920 4.151094
0.930 2.397350
0.940 -4.063615
0.950 16.348532
0.960 3.363982
0.970 -9.282215
0.980 2.361679
0.990 -5.796856
