0.000 7.467038
0.010 -2.055802
0.020 -11.397158
0.030 -2.419731
0.040 0.915660
0.050 2.349621
0.060 -6.283137
0.070 -4.586523
0.080 -1.649720
0.090 -10.133689
0.100 -4.818912
0.110 -7.328046
0.120 -10.738612
0.130 -8.574886
0.140 1.797105
0.150 0.512303
0.160 11.778270
0.170 12.247174
0.180 3.295869
0.190 3.850848
0.200 -1.542044
0.210 -4.753714
0.220 11.759160
0.230 -4.343165
0.240 6.761964
0.250 6.792492
0.260 -5.248716
0.270 -3.222098
0.280 3.482740
0.290 5.784076
0.300 2.549442
0.310 14.885329
0.320 11.175029
0.330 0.979197
0.340 3.599385
0.350 1.797084
0.360 -0.635408
0.370 5.726878
0.380 0.902523
0.390 -9.981673
0.400 -3.750645
0.410 -3.600425
0.420 -4.820021
0.430 -8.088400
0.440 10.585555
0.450 -16.650059
0.460 -14.859057
0.470 2.266459
0.480 11.035868
0.490 7.569897
0.500 2.817021
0.510 -3.348318
0.520 -6.265403
0.530 -14.065956
0.540 1.462757
0.550 -9.796043
0.560 -4.402838
0.570 0.166514
0.580 -2.010511
0.590 -2.124594
0.600 -15.818837
0.610 11.645620
0.620 14.237028
0.630 -9.136364
0.640 -9.270390
0.650 6.623090
0.660 2.279387
0.670 2.538796
0.680 6.417570
0.690 -4.590897
0.700 7.789960
0.710 -18.408231
0.720 5.939175
0.730 15.141930
0.740 0.555367
0.750 1.037778
0.760 -1.929682
0.770 -1.374332
0.780 -17.506446
0.790 -7.644085
0.800 13.028881
0.810 9.284066
0.820 1.610686
0.830 -0.155847
0.840 6.084704
0.850 14.363229
0.860 2.334435
0.870 7.438632
0.880 -2.778398
0.890 -5.093874
0.900 0.671134
0.910 1.035067
0.920 4.538540
0.930 -17.166009
0.940 -2.439182
0.950 12.031713
0.960 12.888641
0.970 1.836335
0.980 -1.125175
0.990 -1.169651
