0.000 11.534284
0.010 -4.463668
0.020 5.867028
0.030 13.799444
0.040 -0.388902
0.050 6.280972
0.060 -1.172098
0.070 3.638567
0.080 -10.256195
0.090 1.038503
0.100 -1.066457
0.110 -6.121602
0.120 -6.619867
0.130 -12.837181
0.140 -0.435293
0.150 -4.711103
0.160 6.351248
0.170 0.384239
0.180 -5.426852
0.190 -6.849284
0.200 -10.312543
0.210 4.698731
0.220 3.704291
0.230 -6.008649
0.240 -4.013571
0.250 -6.426875
0.260 -6.689246
0.270 -2.579543
0.280 4.492818
0.290 -8.198793
0.300 -2.653470
0.310 7.701457
0.320 6.084987
0.330 14.452140
0.340 -10.740481
0.350 3.116854
0.360 3.129570
0.370 -4.616921
0.380 6.432693
0.390 8.926698
0.400 -14.907407
0.410 -15.229733
0.420 1.437749
0.430 -15.250478
0.440 -5.210975
0.450 -8.081117
0.460 -10.374150
0.470 10.646974
0.480 10.012587
0.490 -2.721269
0.500 -5.363147
0.510 -1.643163
0.520 4.614346
0.530 6.925013
0.540 6.809846
0.550 4.675235
0.560 4.094580
0.570 -7.563778
0.580 -2.732269
0.590 -11.220813
0.600 9.565380
0.610 4.217294
0.620 -0.526919
0.630 -2.694166
0.640 5.413053
0.650 -10.412136
0.660 1.450909
0.670 -0.065609
0.680 1.296218
0.690 -5.242719
0.700 -16.451866
0.710 0.536820
0.720 -18.686781
0.730 -9.167109
0.740 -20.581042
0.750 2.539813
0.760 3.553678
0.770 -14.774729
0.780 -3.516701
0.790 11.648379
0.800 14.060069
0.810 -1.543316
0.820 -9.257528
0.830 0.515754
0.840 6.558208
0.850 7.302158
0.860 -3.633101
0.870 -2.319038
0.880 -4.696246
0.890 -10.398978
0.900 2.910781
0.910 -10.334351
0.920 1.529353
0.930 2.325737
0.940 7.355857
0.950 14.443054
0.960 6.962984
0.970 -8.214996
0.980 -1.249000
0.990 -21.038831
