0.000 4.108707
0.010 -2.002517
0.020 6.390685
0.030 -6.205315
0.040 16.922500
0.050 3.971759
0.060 13.448298
0.070 -8.030923
0.080 -7.571073
0.090 11.031674
0.100 4.878294
0.110 12.152279
0.120 -3.041458
0.130 -17.467375
0.140 -1.789394
0.150 -8.140432
0.160 17.432679
0.170 -14.713808
0.180 -7.629773
0.190 -9.246411
0.200 -2.783757
0.210 -0.807955
0.220 -11.202071
0.230 -6.197695
0.240 3.231752
0.250 -5.427955
0.260 7.352229
0.270 -4.751124
0.280 -3.452753
0.290 5.651815
0.300 5.600973
0.310 -3.449760
0.320 -3.759435
0.330 -2.445884
0.340 -8.751456
0.350 -6.715105
0.360 -9.005573
0.370 20.245270
0.380 -3.126853
0.390 -17.940693
0.400 10.672589
0.410 3.202171
0.420 6.584822
0.430 -2.327563
0.440 2.590879
0.450 7.945961
0.460 -3.880568
0.470 -9.347872
0.480 13.117319
0.490 -7.335537
0.500 10.027791
0.510 0.389894
0.520 -18.731026
0.530 9.155795
0.540 4.651800
0.550 17.995214
0.560 -11.466302
0.570 9.035871
0.580 -6.295006
0.590 5.226210
0.600 6.795404
0.610 -11.173802
0.620 8.676316
0.630 -13.536892
0.640 -1.326543
0.650 14.192206
0.660 6.842575
0.670 -9.259292
0.680 5.406050
0.690 -18.521725
0.700 -20.724123
0.710 10.588109
0.720 -9.240936
0.730 -1.435015
0.740 10.615861
0.750 -1.496004
0.760 -3.184311
0.770 4.867520
0.780 -9.515981
0.790 1.134166
0.800 -6.194501
0.810 -11.106829
0.820 -3.415854
0.830 -3.301335
0.840 -4.688913
0.850 2.276465
0.860 -1.272175
0.870 7.446634
0.880 -1.428832
0.890 0.714032
0.900 3.599413
0.910 -8.227015
0.920 6.753840
0.930 2.679251
0.940 -10.676882
0.950 7.123740
0.960 -6.080872
0.970 2.285311
0.980 18.818534
0.990 1.761168
