0.000 -1.473573
0.010 3.888338
0.020 10.722037
0.030 -4.555777
0.040 12.412768
0.050 -3.977560
0.060 13.898236
0.070 1.465683
0.080 2.038263
0.090 1.573598
0.100 6.948618
0.110 2.523941
0.120 -6.479256
0.130 3.360862
0.140 1.830750
0.150 9.216619
0.160 -1.785821
0.170 0.163694
0.180 4.443120
0.190 13.562019
0.200 -3.608560
0.210 12.579826
0.220 -5.389285
0.230 -3.184815
0.240 3.362587
0.250 7.367532
0.260 3.305091
0.270 0.662243
0.280 -3.815143
0.290 -14.584664
0.300 -12.339604
0.310 -12.133902
0.320 -9.438281
0.330 -6.116615
0.340 9.891522
0.350 -6.457255
0.360 11.148506
0.370 2.155508
0.380 -13.609779
0.390 -6.393788
0.400 2.011854
0.410 15.621481
0.420 -9.045028
0.430 -9.689900
0.440 -17.885709
0.450 1.466268
0.460 0.328373
0.470 7.583348
0.480 -3.496677
0.490 -12.766443
0.500 -0.627069
0.510 3.438384
0.520 3.163042
0.530 15.678078
0.540 -13.351508
0.550 6.036264
0.560 0.553650
0.570 -0.308118
0.580 -10.066584
0.590 -6.452028
0.600 -1.629919
0.610 -9.351590
0.620 -18.763167
0.630 1.088340
0.640 3.921087
0.650 -9.968704
0.660 3.240332
0.670 9.528050
0.680 6.691468
0.690 10.148200
0.700 -21.675240
0.710 0.006519
0.720 -13.496872
0.730 0.804643
0.740 0.293609
0.750 -8.746981
0.760 6.239524
0.770 9.994685
0.780 2.224339
0.790 -1.202519
0.800 -8.098840
0.810 -4.697854
0.820 -2.047275
0.830 6.786353
0.840 0.854282
0.850 7.339098
0.860 0.017347
0.870 -0.525748
0.880 -8.421469
0.890 18.673127
0.900 20.176903
0.910 -2.834565
0.920 1.759991
0.930 1.668129
0.940 9.502492
0.950 -4.223223
0.960 -10.342493
0.970 -4.518035
0.980 -0.102831
0.990 -7.620879
