0.000 1.995807
0.010 -4.879444
0.020 -3.276976
0.030 2.109056
0.040 4.982654
0.050 7.113818
0.060 0.765037
0.070 -1.349940
0.080 2.082266
0.090 7.219476
0.100 4.274824
0.110 -3.322487
0.120 -7.836900
0.130 -11.534403
0.140 0.361847
0.150 6.241915
0.160 6.711246
0.170 12.437205
0.180 4.786312
0.190 -0.022251
0.200 -17.659843
0.210 4.855389
0.220 10.102266
0.230 -6.348393
0.240 -16.807805
0.250 0.285445
0.260 3.404306
0.270 5.422452
0.280 4.286337
0.290 -10.099516
0.300 4.052248
0.310 -3.246936
0.320 7.634879
0.330 2.046158
0.340 -0.404412
0.350 -8.303770
0.360 -3.133661
0.370 -9.852465
0.380 -8.395611
0.390 15.097851
0.400 9.082565
0.410 -7.172117
0.420 -14.611970
0.430 13.155882
0.440 -13.937928
0.450 -0.518649
0.460 -10.878493
0.470 -4.967534
0.480 8.933381
0.490 -12.541755
0.500 12.508884
0.510 4.440867
0.520 8.459457
0.530 -0.173131
0.540 2.716806
0.550 3.587313
0.560 -2.491666
0.570 -9.570371
0.580 7.021919
0.590 0.471864
0.600 -2.772266
0.610 -8.534987
0.620 -1.070854
0.630 -15.132050
0.640 -5.773623
0.650 -3.909881
0.660 -0.328962
0.670 10.950030
0.680 1.455381
0.690 12.613946
0.700 -2.118479
0.710 -2.286732
0.720 3.406679
0.730 -17.305596
0.740 15.671029
0.750 -1.274012
0.760 1.487883
0.770 -9.688374
0.780 5.444623
0.790 -1.742919
0.800 -1.123200
0.810 -9.328053
0.820 -8.963987
0.830 5.194669
0.840 -7.959668
0.850 6.783388
0.860 -2.963326
0.870 6.280776
0.880 -9.660559
0.890 -3.433975
0.900 2.860919
0.910 -9.677953
0.920 1.909126
0.930 6.505017
0.940 11.669717
0.950 -6.583493
0.960 10.157204
0.970 10.713636
0.980 6.139016
0.990 7.588395
