0.000 -5.733809
0.010 -10.058351
0.020 6.738600
0.030 6.500653
0.040 0.946202
0.050 -12.563105
0.060 6.338122
0.070 -3.173032
0.080 -8.616605
0.090 -9.904473
0.100 11.634092
0.110 -1.693631
0.120 -9.211897
0.130 -11.291171
0.140 6.412066
0.150 -2.024746
0.160 -5.435600
0.170 7.963443
0.180 -9.818134
0.190 10.302780
0.200 -6.545903
0.210 -6.097239
0.220 3.822794
0.230 8.151233
0.240 -5.122598
0.250 3.027663
0.260 5.761277
0.270 -5.351576
0.280 2.306731
0.290 -8.716703
0.300 2.184114
0.310 -8.401025
0.320 -10.575991
0.330 -5.823957
0.340 -4.034953
0.350 -23.868354
0.360 8.309406
0.370 -9.637168
0.380 9.781628
0.390 -5.740490
0.400 -7.641773
0.410 -5.600273
0.420 -10.850040
0.430 1.950857
0.440 2.094599
0.450 -17.943469
0.460 -3.926893
0.470 9.767749
0.480 4.144252
0.490 13.962642
0.500 10.717631
0.510 2.797912
0.520 -2.962678
0.530 6.643778
0.540 10.731226
0.550 5.625314
0.560 16.921163
0.570 0.489151
0.580 0.778915
0.590 -5.083195
0.600 5.817765
0.610 4.905276
0.620 4.520508
0.630 -14.906700
0.640 4.408829
0.650 3.475989
0.660 1.706063
0.670 11.287562
0.680 9.712263
0.690 -3.610705
0.700 -6.199838
0.710 6.053110
0.720 -12.211649
0.730 6.800308
0.740 15.660070
0.750 -7.373278
0.760 5.878920
0.770 1.108830
0.780 -4.010995
0.790 3.745348
0.800 -1.179062
0.810 -6.406423
0.820 -10.153466
0.830 -6.187414
0.840 8.895347
0.850 -9.092743
0.860 -0.750089
0.870 3.118200
0.880 -0.832073
0.890 -5.925799
0.900 8.930786
0.910 -10.751829
0.920 2.100289
0.930 1.087735
0.940 -6.137944
0.950 0.619175
0.960 1.536543
0.970 9.582133
0.980 -15.664823
0.990 -10.626464
