0.000 3.457964
0.010 0.047822
0.020 -16.516828
0.030 -8.533897
0.040 -12.684318
0.050 11.022479
0.060 -3.036211
0.070 -9.104828
0.080 -3.274316
0.090 -11.181129
0.100 6.156943
0.110 -15.752225
0.120 9.488126
0.130 4.648065
0.140 -12.663216
0.150 -17.756734
0.160 -17.313486
0.170 10.871625
0.180 2.825746
0.190 -8.726693
0.200 -15.456800
0.210 -9.647155
0.220 -1.945406
0.230 -20.014356
0.240 -6.542977
0.250 -0.481976
0.260 -1.816398
0.270 1.776890
0.280 -0.103201
0.290 -8.202169
0.300 -2.039269
0.310 7.902342
0.320 -11.248316
0.330 -6.237383
0.340 -5.078294
0.350 9.982476
0.360 1.323896
0.370 -2.202098
0.380 1.843050
0.390 -3.545525
0.400 -3.274990
0.410 4.226014
0.420 5.319149
0.430 7.001623
0.440 13.532062
0.450 -1.223238
0.460 4.160037
0.470 3.673863
0.480 -6.860809
0.490 13.225578
0.500 1.306847
0.510 3.454407
0.520 6.592906
0.530 -21.832110
0.540 -11.782094
0.550 -4.185198
0.560 2.961630
0.570 -1.788290
0.580 8.770769
0.590 9.789196
0.600 5.725339
0.610 -1.103332
0.620 13.625434
0.630 -7.847087
0.640 12.676573
0.650 -19.133212
0.660 -10.771694
0.670 5.832222
0.680 2.000058
0.690 4.961599
0.700 -10.605935
0.710 10.155282
0.720 -5.477376
0.730 -7.559431
0.740 10.451068
0.750 -2.644977
0.760 3.944715
0.770 12.423899
0.780 -0.792044
0.790 -0.688218
0.800 -14.959300
0.810 6.371853
0.820 9.588907
0.830 5.678440
0.840 -2.454679
0.850 4.366706
0.860 3.966246
0.870 10.418788
0.880 -1.224602
0.890 18.297972
0.900 6.856346
0.910 1.142911
0.920 6.327263
0.930 5.211322
0.940 -3.306977
0.950 3.001570
0.960 -8.519210
0.970 1.341274
0.980 4.296158
0.990 -4.891036
