0.000 -5.195068
0.010 -1.305872
0.020 1.237449
0.030 0.299432
0.040 -0.242101
0.050 2.379598
0.060 0.699502
0.070 4.922057
0.080 3.570190
0.090 -4.465021
0.100 1.220694
0.110 -13.357124
0.120 10.739176
0.130 -15.552504
0.140 8.757884
0.150 5.931475
0.160 1.778005
0.170 -0.278992
0.180 3.187627
0.190 -0.219483
0.200 -9.085781
0.210 -6.750596
0.220 -6.297636
0.230 8.060274
0.240 0.483839
0.250 -3.251613
0.260 0.302550
0.270 -8.664060
0.280 -3.133608
0.290 -5.443399
0.300 2.109607
0.310 -17.530359
0.320 8.254964
0.330 -0.926962
0.340 2.678700
0.350 -10.426408
0.360 -7.374312
0.370 -1.466811
0.380 9.678180
0.390 -9.398750
0.400 -2.476099
0.410 -7.680931
0.420 3.875578
0.430 -2.523958
0.440 2.699143
0.450 -4.778896
0.460 23.810489
0.470 -2.562869
0.480 -3.548470
0.490 -10.457104
0.500 -2.591208
0.510 -0.136114
0.520 -6.551051
0.530 -25.129594
0.540 -3.016524
0.550 2.447948
0.560 8.950462
0.570 5.842633
0.580 -1.576271
0.590 -8.014507
0.600 0.438976
0.610 -0.807094
0.620 15.401790
0.630 -0.680133
0.640 -6.895364
0.650 -15.142095
0.660 -5.612761
0.670 -5.664092
0.680 -21.805175
0.690 9.914995
0.700 2.888378
0.710 -9.214142
0.720 -4.561009
0.730 3.209683
0.740 6.876809
0.750 5.734628
0.760 6.684791
0.770 1.484296
0.780 10.817624
0.790 -4.545956
0.800 -0.020956
0.810 -2.721918
0.820 -12.791437
0.830 -3.843692
0.840 -7.993955
0.850 -0.678008
0.860 5.015570
0.870 -12.619103
0.880 13.386460
0.890 -11.351893
0.900 2.328024
0.910 -2.915800
0.920 1.435237
0.930 -2.788811
0.940 0.859065
0.950 -4.325299
0.960 -0.306716
0.970 0.913470
0.980 -12.773022
0.990 1.961010
