0.000 3.789803
0.010 -7.308660
0.020 -4.181694
0.030 4.534159
0.040 11.518714
0.050 7.132973
0.060 4.210706
0.070 1.251283
0.080 3.035906
0.090 10.887180
0.100 14.366939
0.110 -0.088568
0.120 2.548849
0.130 4.779054
0.140 0.834488
0.150 -6.085695
0.160 -1.318795
0.170 0.167987
0.180 0.093577
0.190 -7.822726
0.200 16.810357
0.210 -4.792094
0.220 -8.060403
0.230 -3.381687
0.240 -1.344265
0.250 6.385874
0.260 0.760750
0.270 13.930661
0.280 -9.037927
0.290 4.782697
0.300 16.286604
0.310 -6.092910
0.320 4.729467
0.330 -14.983739
0.340 -3.146866
0.350 -7.538506
0.360 -7.625290
0.370 7.993652
0.380 -3.942188
0.390 4.643826
0.400 3.952743
0.410 4.712557
0.420 -11.367477
0.430 -12.028241
0.440 -0.983440
0.450 -22.266836
0.460 -1.730356
0.470 5.431468
0.480 3.546335
0.490 -0.735086
0.500 12.731975
0.510 -5.286498
0.520 10.555725
0.530 -13.390454
0.540 -0.589722
0.550 -2.800849
0.560 -7.427425
0.570 8.392917
0.580 16.595741
0.590 -18.445243
0.600 -5.547731
0.610 -1.464389
0.620 6.858136
0.630 19.344910
0.640 -2.333117
0.650 -12.834994
0.660 7.970032
0.670 14.008656
0.680 -16.662808
0.690 -10.101848
0.700 23.963451
0.710 3.117937
0.720 -11.753444
0.730 0.128248
0.740 -6.427775
0.750 3.497076
0.760 3.553504
0.770 0.205551
0.780 1.306404
0.790 -1.313750
0.800 -4.952880
0.810 -5.519690
0.820 -13.228029
0.830 -5.794086
0.840 1.289697
0.850 -8.316942
0.860 3.535886
0.870 13.240188
0.880 4.423875
0.890 1.099286
0.900 3.740738
0.910 -18.222005
0.920 3.034389
0.930 -0.934401
0.940 -3.618221
0.950 -0.311332
0.960 -6.971809
0.970 12.496284
0.980 -1.380905
0.990 3.591246
