0.000 2.811428
0.010 -12.394037
0.020 -1.302857
0.030 2.837827
0.040 -6.117973
0.050 -3.795230
0.060 -13.445337
0.070 -3.357821
0.080 6.547890
0.090 15.060579
0.100 -4.998812
0.110 -7.947623
0.120 7.231068
0.130 16.189701
0.140 4.085421
0.150 -1.251509
0.160 -7.234234
0.170 -5.584158
0.180 10.366829
0.190 -11.340107
0.200 1.620203
0.210 12.536740
0.220 -2.717915
0.230 -4.091246
0.240 2.717165
0.250 -6.670572
0.260 -6.206062
0.270 3.848473
0.280 2.909563
0.290 -0.363652
0.300 -0.219767
0.310 -5.638190
0.320 10.574743
0.330 8.999944
0.340 -7.499529
0.350 6.015970
0.360 -17.420924
0.370 1.343849
0.380 -2.580838
0.390 -12.954090
0.400 7.950940
0.410 -7.263796
0.420 -8.662900
0.430 3.467071
0.440 4.402551
0.450 -15.670384
0.460 -1.344547
0.470 11.908907
0.480 -10.329402
0.490 8.956642
0.500 -7.047681
0.510 -0.485048
0.520 -7.793722
0.530 -5.246959
0.540 -13.798402
0.550 -1.667626
0.560 11.289891
0.570 -17.146317
0.580 6.048053
0.590 9.016856
0.600 11.373261
0.610 -13.300677
0.620 6.224502
0.630 -9.503565
0.640 8.791559
0.650 -17.265417
0.660 7.573738
0.670 -8.027333
0.680 13.796445
0.690 2.878373
0.700 7.092615
0.710 6.364966
0.720 -8.451478
0.730 -2.356576
0.740 -11.278992
0.750 -9.026226
0.760 -4.670230
0.770 -1.234815
0.780 -0.219730
0.790 -7.860807
0.800 -9.679738
0.810 5.806610
0.820 10.661003
0.830 -0.623016
0.840 7.823122
0.850 -12.952204
0.860 -2.623989
0.870 -3.080439
0.880 -6.727074
0.890 21.718299
0.900 -6.646437
0.910 -5.119848
0.920 -4.507970
0.930 -11.470920
0.940 -3.393663
0.950 6.007763
0.960 -7.899264
0.970 4.462519
0.980 -3.489574
0.990 -11.522157
