0.000 7.210139
0.010 -9.663567
0.020 -3.685959
0.030 0.634018
0.040 -0.371961
0.050 -6.078267
0.060 -6.820398
0.070 -3.124387
0.080 -3.738335
0.090 -2.828445
0.100 12.332001
0.110 -3.181186
0.120 3.352826
0.130 4.062893
0.140 -5.052333
0.150 -14.525836
0.160 -8.229153
0.170 16.337772
0.180 -6.064739
0.190 -15.586171
0.200 -6.152465
0.210 4.721831
0.220 2.766146
0.230 12.522959
0.240 -0.211151
0.250 -8.711046
0.260 -7.614848
0.270 10.734222
0.280 8.730353
0.290 -3.654162
0.300 -6.999382
0.310 -4.518975
0.320 5.988183
0.330 -8.978257
0.340 5.701613
0.350 -0.660150
0.360 -3.422001
0.370 7.933072
0.380 -7.710267
0.390 4.338260
0.400 -3.018634
0.410 4.787082
0.420 -5.302098
0.430 7.092316
0.440 4.198272
0.450 -9.079618
0.460 5.563794
0.470 11.061408
0.480 3.808778
0.490 -5.991537
0.500 -7.010653
0.510 7.910845
0.520 -16.293974
0.530 -4.509495
0.540 -1.130191
0.550 10.039157
0.560 1.257377
0.570 -7.944775
0.580 0.278743
0.590 1.996228
0.600 6.039392
0.610 -6.264000
0.620 -7.619707
0.630 -3.043750
0.640 1.368799
0.650 4.313144
0.660 -23.344574
0.670 8.577144
0.680 -7.634021
0.690 3.720409
0.700 -2.484883
0.710 -2.589475
0.720 -3.950405
0.730 0.198147
0.740 6.269973
0.750 -1.256185
0.760 -5.108568
0.770 -2.760675
0.780 -0.765613
0.790 -5.015388
0.800 -2.463800
0.810 9.344803
0.820 5.707559
0.830 -5.604985
0.840 5.114683
0.850 -11.706226
0.860 2.714252
0.870 -8.201241
0.880 8.944413
0.890 -0.545822
0.900 15.300583
0.910 -1.455350
0.920 16.024346
0.930 1.803042
0.940 -1.350706
0.950 -1.551895
0.960 0.441582
0.970 -3.788396
0.980 2.615549
0.990 -5.894500
