0.000 5.842142
0.010 -8.942391
0.020 2.220013
0.030 5.212630
0.040 -15.821619
0.050 6.965341
0.060 15.651830
0.070 -1.084469
0.080 0.220515
0.090 -6.087480
0.100 -15.333016
0.110 8.636980
0.120 15.569272
0.130 -4.100588
0.140 -8.439430
0.150 -20.330611
0.160 -6.693188
0.170 2.491612
0.180 8.723966
0.190 -1.915011
0.200 -2.327716
0.210 -12.674308
0.220 -1.890192
0.230 -9.941176
0.240 9.093751
0.250 -20.829761
0.260 -17.097685
0.270 4.363352
0.280 -0.477038
0.290 5.887243
0.300 -4.804360
0.310 8.645185
0.320 18.626657
0.330 -2.204500
0.340 12.458545
0.350 -4.252805
0.360 7.043142
0.370 0.891515
0.380 -1.083103
0.390 1.755680
0.400 -1.233532
0.410 -2.374958
0.420 0.964407
0.430 2.073488
0.440 4.659949
0.450 -1.021425
0.460 -5.289698
0.470 -0.515607
0.480 -14.612416
0.490 -3.240393
0.500 1.930248
0.510 -5.329344
0.520 9.698802
0.530 -2.810165
0.540 -10.899203
0.550 -13.648540
0.560 -3.808944
0.570 -2.065235
0.580 -7.215248
0.590 11.174155
0.600 -8.099541
0.610 -25.731883
0.620 -3.255503
0.630 6.187845
0.640 -23.385121
0.650 -5.417154
0.660 -3.362264
0.670 10.636022
0.680 1.658329
0.690 1.865526
0.700 9.506560
0.710 -6.694884
0.720 7.304519
0.730 2.413032
0.740 4.945059
0.750 0.137175
0.760 -4.659123
0.770 6.381937
0.780 -4.615640
0.790 -5.404851
0.800 -2.119911
0.810 9.817444
0.820 10.379227
0.830 2.353937
0.840 -0.570793
0.850 9.871306
0.860 -8.339545
0.870 -20.830770
0.880 -5.574953
0.890 4.703722
0.900 -5.378443
0.910 7.581507
0.920 -0.965400
0.930 -7.530927
0.940 -9.000742
0.950 2.643410
0.960 2.286036
0.970 -3.310635
0.980 -6.258294
0.990 8.414165
