0.000 -1.090871
0.010 0.511125
0.020 -5.869486
0.030 1.134579
0.040 -10.074581
0.050 4.582986
0.060 14.264045
0.070 4.697648
0.080 8.411909
0.090 -3.060568
0.100 -4.441694
0.110 15.227900
0.120 -12.826213
0.130 -8.566931
0.140 4.413761
0.150 5.066603
0.160 -3.051220
0.170 7.485411
0.180 10.246505
0.190 14.262999
0.200 4.424304
0.210 1.695469
0.220 0.220498
0.230 5.771291
0.240 -0.135680
0.250 -5.913326
0.260 10.213078
0.270 -3.203701
0.280 -1.031963
0.290 -4.817749
0.300 -9.446306
0.310 0.233555
0.320 -4.866348
0.330 9.298362
0.340 6.031245
0.350 -4.836005
0.360 6.974545
0.370 5.255198
0.380 11.541038
0.390 4.711540
0.400 8.869066
0.410 0.672897
0.420 5.179832
0.430 3.695281
0.440 -2.336716
0.450 5.156033
0.460 7.889716
0.470 -7.203295
0.480 10.264096
0.490 8.645038
0.500 0.201161
0.510 10.140521
0.520 -1.864720
0.530 11.168130
0.540 -6.609426
0.550 -17.036395
0.560 7.794934
0.570 -5.652530
0.580 -7.636687
0.590 -2.424671
0.600 0.023727
0.610 6.975450
0.620 -9.390106
0.630 -9.605058
0.640 9.389395
0.650 -18.640395
0.660 5.810746
0.670 -3.866546
0.680 1.776787
0.690 4.760144
0.700 1.724154
0.710 23.909850
0.720 11.859580
0.730 -13.512928
0.740 2.233246
0.750 7.123620
0.760 -11.227928
0.770 -3.934381
0.780 10.893620
0.790 -5.548473
0.800 -4.077381
0.810 1.025467
0.820 -10.865468
0.830 -9.346025
0.840 0.609153
0.850 4.022378
0.860 -2.434171
0.870 -7.671844
0.880 1.603869
0.890 4.414687
0.900 6.380233
0.910 -24.776156
0.920 2.640937
0.930 -2.661111
0.940 -13.681617
0.950 13.141898
0.960 8.492007
0.970 -8.761162
0.980 -8.826684
0.990 -30.721503
