0.000 3.367816
0.010 -3.220996
0.020 1.642119
0.030 26.697265
0.040 -9.325171
0.050 -9.530441
0.060 0.356948
0.070 -9.367080
0.080 4.922586
0.090 -10.634121
0.100 10.744469
0.110 -0.888487
0.120 3.783806
0.130 -4.927462
0.140 1.989661
0.150 -9.467610
0.160 -13.750484
0.170 -12.022875
0.180 -2.447370
0.190 -4.923222
0.200 -21.378182
0.210 -8.979894
0.220 -2.311962
0.230 -7.965740
0.240 -6.168835
0.250 -6.638612
0.260 0.563363
0.270 4.377546
0.280 2.550741
0.290 -2.175490
0.300 -4.786865
0.310 -9.128929
0.320 11.764421
0.330 4.667249
0.340 1.146319
0.350 -1.142709
0.360 -5.500946
0.370 3.319734
0.380 -4.596391
0.390 -0.636628
0.400 8.854156
0.410 -4.730771
0.420 -0.022548
0.430 5.807557
0.440 -7.476245
0.450 -6.260766
0.460 -1.177116
0.470 -7.712542
0.480 13.728927
0.490 -2.132765
0.500 -15.514859
0.510 0.357980
0.520 8.589338
0.530 4.561735
0.540 15.311584
0.550 4.956365
0.560 1.488090
0.570 -3.077515
0.580 -6.767099
0.590 -4.714044
0.600 -2.782717
0.610 -8.358614
0.620 -8.823134
0.630 -7.701842
0.640 -8.426500
0.650 -7.772518
0.660 -10.201635
0.670 -2.814573
0.680 -5.303019
0.690 7.098986
0.700 -1.611283
0.710 -2.803408
0.720 -5.755816
0.730 -3.813762
0.740 9.851122
0.750 -2.444199
0.760 2.564283
0.770 -5.039513
0.780 -5.232361
0.790 5.510282
0.800 -5.221308
0.810 7.203770
0.820 -11.202550
0.830 -0.497515
0.840 -1.842315
0.850 0.763828
0.860 1.774815
0.870 -2.843531
0.880 -16.242884
0.890 2.511099
0.900 -2.303706
0.910 3.593805
0.920 -2.493465
0.930 3.731072
0.940 -1.033297
0.950 -6.980248
0.960 5.516958
0.970 -10.601123
0.980 -1.981065
0.990 -3.552649
