0.000 -6.787102
0.010 7.361217
0.020 2.097357
0.030 4.308079
0.040 -20.738629
0.050 11.100236
0.060 1.764267
0.070 -0.857791
0.080 16.703599
0.090 5.013343
0.100 -2.494314
0.110 -11.216996
0.120 4.904982
0.130 -5.291525
0.140 -14.189784
0.150 -2.944236
0.160 0.281338
0.170 13.698345
0.180 -0.596378
0.190 -4.418550
0.200 -6.512503
0.210 2.136839
0.220 -2.866987
0.230 3.321409
0.240 11.757427
0.250 9.199966
0.260 -5.277492
0.270 1.056488
0.280 2.728608
0.290 -7.667117
0.300 10.664468
0.310 3.097575
0.320 -6.358100
0.330 8.892788
0.340 -0.698985
0.350 -3.766953
0.360 3.493346
0.370 2.110516
0.380 3.426134
0.390 9.727681
0.400 -4.912504
0.410 -7.476170
0.420 9.083589
0.430 -7.065148
0.440 -4.418438
0.450 1.476579
0.460 -10.292069
0.470 0.883026
0.480 5.246848
0.490 4.961040
0.500 -0.919963
0.510 -1.874235
0.520 -16.473987
0.530 0.651987
0.540 9.448944
0.550 -1.295381
0.560 4.043415
0.570 -3.191418
0.580 -3.363059
0.590 -7.251600
0.600 -0.814712
0.610 -14.586290
0.620 -14.767361
0.630 -16.236769
0.640 10.014349
0.650 1.122962
0.660 10.160964
0.670 0.893854
0.680 0.101561
0.690 -0.878466
0.700 0.401545
0.710 2.733844
0.720 7.958779
0.730 11.783235
0.740 -11.350564
0.750 -5.944741
0.760 -12.089176
0.770 17.336288
0.780 2.098540
0.790 0.709291
0.800 -1.919004
0.810 -0.641077
0.820 4.890887
0.830 -2.771887
0.840 -5.952116
0.850 4.573545
0.860 16.204897
0.870 1.641764
0.880 13.783087
0.890 -10.125748
0.900 -0.810937
0.910 2.829192
0.920 4.481689
0.930 -6.027423
0.940 10.067033
0.950 0.584470
0.960 3.433619
0.970 -5.555627
0.980 -15.310411
0.990 3.517981
