0.000 11.972944
0.010 -2.628304
0.020 -9.750795
0.030 10.877417
0.040 -3.561665
0.050 8.076829
0.060 1.080781
0.070 -2.427322
0.080 -4.507824
0.090 -0.490536
0.100 17.315886
0.110 2.163254
0.120 1.855002
0.130 -0.338579
0.140 6.337507
0.150 -3.247479
0.160 2.466058
0.170 0.946913
0.180 -2.578313
0.190 5.457455
0.200 -2.437432
0.210 -7.291635
0.220 3.672113
0.230 3.581594
0.240 -6.820863
0.250 -0.304643
0.260 0.338785
0.270 0.888552
0.280 -6.671500
0.290 -8.984761
0.300 2.006395
0.310 -10.553585
0.320 15.230853
0.330 -0.195692
0.340 -6.332150
0.350 1.238235
0.360 17.342137
0.370 8.213791
0.380 11.144246
0.390 5.309421
0.400 12.506586
0.410 4.135289
0.420 2.600616
0.430 -0.996776
0.440 -10.690657
0.450 12.607837
0.460 5.436866
0.470 4.522356
0.480 -8.506254
0.490 -6.035477
0.500 -9.812012
0.510 2.426778
0.520 7.550044
0.530 10.656107
0.540 -22.731019
0.550 4.669179
0.560 15.648180
0.570 4.127136
0.580 4.323210
0.590 0.167706
0.600 -8.076485
0.610 -4.924804
0.620 10.537641
0.630 6.546584
0.640 0.776328
0.650 4.961509
0.660 12.539669
0.670 -1.219752
0.680 -8.035532
0.690 -11.795870
0.700 11.435961
0.710 4.083893
0.720 -5.437380
0.730 -7.053367
0.740 11.615541
0.750 4.855210
0.760 2.182115
0.770 -9.999065
0.780 -7.671611
0.790 2.257701
0.800 -3.597665
0.810 4.442782
0.820 -4.041642
0.830 -13.470756
0.840 -17.370323
0.850 4.601852
0.860 -4.883036
0.870 -6.644661
0.880 -2.748384
0.890 10.544179
0.900 -11.413465
0.910 -10.912647
0.920 4.219558
0.930 -6.275887
0.940 3.040039
0.950 -1.285332
0.960 7.510765
0.970 -11.396838
0.980 9.524775
0.990 -19.219214
