0.000 -6.093941
0.010 13.165546
0.020 -30.575205
0.030 -18.994992
0.040 2.896638
0.050 -8.575752
0.060 -6.831084
0.070 -9.324721
0.080 8.072263
0.090 9.143951
0.100 0.770125
0.110 -5.093298
0.120 16.582442
0.130 -11.105584
0.140 1.070066
0.150 -15.019344
0.160 5.917299
0.170 -5.768503
0.180 -1.897991
0.190 0.211007
0.200 -8.911210
0.210 -9.312873
0.220 2.379643
0.230 7.017351
0.240 -3.567018
0.250 -2.373371
0.260 10.234432
0.270 -3.294832
0.280 -16.748602
0.290 3.187175
0.300 8.081491
0.310 2.407999
0.320 -0.363707
0.330 -0.616432
0.340 -3.047772
0.350 2.332069
0.360 -0.316812
0.370 15.096744
0.380 3.094433
0.390 -3.160624
0.400 -7.648892
0.410 -0.547928
0.420 8.169387
0.430 -3.837373
0.440 -1.723940
0.450 -12.559023
0.460 14.012576
0.470 -4.861747
0.480 5.243307
0.490 -0.975920
0.500 -7.315711
0.510 -0.084562
0.520 6.789407
0.530 11.348015
0.540 -17.253365
0.550 0.069896
0.560 -9.210114
0.570 4.725900
0.580 9.422801
0.590 4.678911
0.600 12.002743
0.610 6.236484
0.620 -7.980124
0.630 -13.006376
0.640 12.965853
0.650 -7.581263
0.660 0.742450
0.670 -0.043383
0.680 -2.748000
0.690 -22.237980
0.700 -1.676122
0.710 4.850048
0.720 -4.189780
0.730 5.383740
0.740 -4.975325
0.750 -10.170000
0.760 6.507706
0.770 5.730147
0.780 5.575236
0.790 -3.459168
0.800 -1.377209
0.810 11.583349
0.820 -9.703997
0.830 -17.703047
0.840 7.551660
0.850 2.710973
0.860 -3.624490
0.870 11.011513
0.880 1.771716
0.890 -14.823483
0.900 -1.626490
0.910 7.404735
0.920 5.474414
0.930 7.905128
0.940 -6.631470
0.950 -11.826845
0.960 -11.081365
0.970 -11.923715
0.980 0.943746
0.990 6.161650
