0.000 -6.227915
0.010 -2.743443
0.020 0.781970
0.030 -7.765079
0.040 5.688206
0.050 -2.896854
0.060 14.803829
0.070 7.631504
0.080 4.094220
0.090 2.284735
0.100 7.582222
0.110 14.437479
0.120 -7.529006
0.130 -2.803633
0.140 9.283208
0.150 -0.145148
0.160 -3.238508
0.170 11.719510
0.180 9.726867
0.190 -5.794979
0.200 -8.794725
0.210 -0.020881
0.220 6.435782
0.230 -2.074939
0.240 7.610072
0.250 -10.273486
0.260 -0.492642
0.270 -9.025599
0.280 3.158121
0.290 -2.426255
0.300 -3.857394
0.310 2.644265
0.320 -13.784114
0.330 4.139862
0.340 -8.650746
0.350 4.532050
0.360 4.291854
0.370 -7.644608
0.380 2.069852
0.390 5.100611
0.400 0.923565
0.410 6.794177
0.420 -3.810613
0.430 6.004235
0.440 5.620857
0.450 -5.471392
0.460 15.485430
0.470 11.741554
0.480 -0.781709
0.490 -0.568744
0.500 -4.296486
0.510 16.176136
0.520 -6.882219
0.530 -6.978340
0.540 1.832651
0.550 -6.422969
0.560 -2.527947
0.570 8.345151
0.580 -4.377127
0.590 1.139108
0.600 13.211517
0.610 -1.706144
0.620 -3.433658
0.630 -3.485133
0.640 6.913833
0.650 -9.635680
0.660 0.663821
0.670 7.098882
0.680 9.152056
0.690 5.423105
0.700 11.426970
0.710 7.765085
0.720 5.667881
0.730 6.759835
0.740 -1.839506
0.750 6.520995
0.760 5.749399
0.770 2.785283
0.780 0.987875
0.790 2.136094
0.800 -3.270782
0.810 -6.976088
0.820 -3.209240
0.830 0.451737
0.840 1.544026
0.850 7.455496
0.860 -6.798848
0.870 8.973379
0.880 -2.046819
0.890 0.167425
0.900 -15.307661
0.910 -3.166325
0.920 2.239936
0.930 -9.156307
0.940 17.209981
0.950 -2.923762
0.960 -0.826542
0.970 0.578705
0.980 4.378781
0.990 4.079906
