0.000 -1.839219
0.010 0.622289
0.020 4.213341
0.030 -0.517608
0.040 -5.613721
0.050 -0.854492
0.060 10.944446
0.070 0.167947
0.080 13.326677
0.090 -10.464942
0.100 4.500756
0.110 3.131618
0.120 -0.789782
0.130 -4.433740
0.140 -13.444548
0.150 -0.559690
0.160 10.258614
0.170 -4.335633
0.180 -6.892000
0.190 -1.902552
0.200 -6.730648
0.210 3.477034
0.220 11.461225
0.230 -6.935027
0.240 -8.888495
0.250 2.074604
0.260 -10.371427
0.270 -8.564888
0.280 2.720881
0.290 12.645871
0.300 -4.279317
0.310 -3.978101
0.320 -24.875315
0.330 -0.797850
0.340 18.137329
0.350 2.282874
0.360 1.896868
0.370 6.705535
0.380 -10.763803
0.390 2.648786
0.400 0.402495
0.410 -6.592475
0.420 6.114414
0.430 10.020510
0.440 6.732160
0.450 -5.005047
0.460 -2.936639
0.470 -4.574982
0.480 -5.354895
0.490 -6.900395
0.500 -7.930250
0.510 12.523788
0.520 0.913872
0.530 7.009608
0.540 -2.664373
0.550 -5.026564
0.560 4.938037
0.570 -1.003302
0.580 -3.466856
0.590 16.216392
0.600 -1.206340
0.610 1.695824
0.620 3.089345
0.630 0.578412
0.640 -0.547632
0.650 -0.541221
0.660 -9.500864
0.670 0.399038
0.680 10.598023
0.690 -19.557923
0.700 8.177744
0.710 -2.670667
0.720 -8.109096
0.730 -12.558716
0.740 -5.825056
0.750 -5.485223
0.760 -3.483267
0.770 -8.193534
0.780 4.180414
0.790 -18.185215
0.800 -4.740475
0.810 6.737829
0.820 -4.553762
0.830 -2.369029
0.840 2.376777
0.850 -9.609143
0.860 -1.870353
0.870 -7.616784
0.880 -9.357104
0.890 -2.676029
0.900 -2.622327
0.910 -1.431478
0.920 -10.605644
0.930 4.030145
0.940 7.712396
0.950 10.782966
0.960 2.975759
0.970 4.670704
0.980 -4.821741
0.990 3.629612
