0.000 3.233179
0.010 0.518039
0.020 -3.109672
0.030 4.245658
0.040 -13.226247
0.050 -3.572167
0.060 0.070393
0.070 -4.232266
0.080 -6.117958
0.090 -2.001412
0.100 -1.152516
0.110 -10.529891
0.120 -1.144220
0.130 -4.688276
0.140 -7.325022
0.150 12.872886
0.160 2.961959
0.170 -3.398396
0.180 9.753158
0.190 -4.397565
0.200 5.642832
0.210 19.738523
0.220 -8.410786
0.230 -1.353362
0.240 -12.058661
0.250 3.321268
0.260 17.751376
0.270 10.670541
0.280 10.320426
0.290 9.299892
0.300 12.107224
0.310 2.016594
0.320 -0.393772
0.330 -4.731861
0.340 1.176890
0.350 -5.587601
0.360 7.422793
0.370 5.883603
0.380 15.450881
0.390 9.245599
0.400 -2.109608
0.410 -1.117822
0.420 -3.635456
0.430 9.397255
0.440 7.147116
0.450 -6.322303
0.460 7.474489
0.470 -4.847832
0.480 6.561356
0.490 -13.308888
0.500 5.279707
0.510 4.141041
0.520 12.287427
0.530 13.635319
0.540 0.813477
0.550 7.097885
0.560 2.101759
0.570 8.801648
0.580 2.511369
0.590 -3.909173
0.600 -15.621001
0.610 23.258604
0.620 -9.984182
0.630 -7.309592
0.640 -7.140555
0.650 -2.157626
0.660 -9.190003
0.670 -4.936167
0.680 3.095883
0.690 -4.954008
0.700 1.836370
0.710 -19.979660
0.720 1.690793
0.730 -4.638373
0.740 1.190672
0.750 13.079203
0.760 4.987915
0.770 10.735153
0.780 -2.277568
0.790 -13.173751
0.800 -19.578861
0.810 -13.158371
0.820 10.397271
0.830 5.060250
0.840 11.886896
0.850 6.165322
0.860 8.670445
0.870 0.048860
0.880 6.460910
0.890 9.859810
0.900 12.355353
0.910 6.766222
0.920 -16.009838
0.930 -6.290294
0.940 3.798605
0.950 -0.412048
0.960 10.563731
0.970 -10.195050
0.980 6.412577
0.990 7.838679
