0.000 -1.601404
0.010 9.167446
0.020 0.141237
0.030 -12.260688
0.040 -4.308007
0.050 9.019295
0.060 4.556496
0.070 -7.287736
0.080 5.843626
0.090 10.279387
0.100 2.600784
0.110 -0.098148
0.120 6.657706
0.130 -11.519735
0.140 8.752942
0.150 10.297696
0.160 -6.311552
0.170 12.929931
0.180 6.439636
0.190 9.451997
0.200 -6.074514
0.210 -4.897798
0.220 3.501833
0.230 -1.868212
0.240 -0.809449
0.250 3.763645
0.260 6.030471
0.270 3.644363
0.280 11.591901
0.290 -0.732574
0.300 -7.357878
0.310 -6.912824
0.320 12.237263
0.330 -4.225536
0.340 -9.905103
0.350 0.963666
0.360 -0.209787
0.370 -9.507234
0.380 1.284953
0.390 5.920124
0.400 -9.110943
0.410 6.102621
0.420 7.320525
0.430 2.432666
0.440 6.589294
0.450 16.441203
0.460 2.429447
0.470 22.429361
0.480 10.539574
0.490 8.005192
0.500 -0.750787
0.510 5.082611
0.520 -3.194418
0.530 -6.527839
0.540 0.800739
0.550 -4.601023
0.560 -3.679493
0.570 0.603228
0.580 -3.808328
0.590 -11.869806
0.600 -4.504463
0.610 -3.231572
0.620 0.504015
0.630 -2.910188
0.640 -6.402175
0.650 -10.143421
0.660 -12.252321
0.670 0.164528
0.680 -4.692325
0.690 12.423932
0.700 8.987149
0.710 7.090200
0.720 3.596220
0.730 6.902636
0.740 -7.918696
0.750 -0.168064
0.760 2.219409
0.770 -1.175245
0.780 -5.838275
0.790 1.959021
0.800 10.393028
0.810 4.266206
0.820 6.461564
0.830 4.682125
0.840 1.654498
0.850 9.093208
0.860 -2.958710
0.870 -6.137853
0.880 -0.470731
0.890 1.378890
0.900 -5.776843
0.910 2.252310
0.920 -8.876376
0.930 0.790672
0.940 -3.654867
0.950 6.880878
0.960 -12.942345
0.970 -0.580794
0.980 -10.779497
0.990 4.795749
