0.000 5.038195
0.010 -11.939751
0.020 -8.944908
0.030 1.619295
0.040 2.405811
0.050 -0.496354
0.060 4.209287
0.070 -0.308949
0.080 7.353286
0.090 -2.137842
0.100 -1.670675
0.110 10.936654
0.120 6.721812
0.130 2.011048
0.140 -6.541887
0.150 1.544057
0.160 -0.013610
0.170 -2.827033
0.180 1.132498
0.190 9.930484
0.200 4.287627
0.210 12.487643
0.220 -6.490298
0.230 -1.131731
0.240 -0.161403
0.250 6.501752
0.260 -3.329176
0.270 7.587122
0.280 -6.453421
0.290 1.928861
0.300 4.600401
0.310 4.024501
0.320 11.272154
0.330 -6.810324
0.340 -8.300985
0.350 17.722121
0.360 -2.524267
0.370 5.831824
0.380 -17.525992
0.390 3.817829
0.400 6.219309
0.410 2.586619
0.420 -5.522471
0.430 -0.951914
0.440 6.246607
0.450 1.383389
0.460 -6.282176
0.470 -1.237936
0.480 4.381814
0.490 -8.850864
0.500 -11.757267
0.510 -2.959587
0.520 -7.612497
0.530 0.189438
0.540 -4.955429
0.550 -3.030942
0.560 1.508785
0.570 3.877322
0.580 10.329363
0.590 -0.930027
0.600 6.570419
0.610 11.384688
0.620 -3.692259
0.630 -3.764669
0.640 -11.990282
0.650 6.050223
0.660 -10.730187
0.670 5.302354
0.680 5.686993
0.690 12.928331
0.700 -4.406325
0.710 1.101616
0.720 -1.288066
0.730 0.664858
0.740 -2.651700
0.750 13.943288
0.760 7.557541
0.770 3.498406
0.780 11.987590
0.790 2.132425
0.800 0.107182
0.810 -10.147816
0.820 6.503185
0.830 1.528783
0.840 -13.358279
0.850 -10.508285
0.860 -2.799539
0.870 -7.992038
0.880 16.343950
0.890 9.843174
0.900 2.088855
0.910 9.011844
0.920 -5.621188
0.930 3.936787
0.940 11.165228
0.950 13.358579
0.960 2.320737
0.970 -2.283708
0.980 13.952988
0.990 12.093526
