0.000 0.912780
0.010 4.906543
0.020 3.391116
0.030 13.056031
0.040 12.854183
0.050 8.600657
0.060 -6.293845
0.070 1.975852
0.080 -0.843388
0.090 1.154818
0.100 -6.782907
0.110 -20.859532
0.120 2.602332
0.130 0.218403
0.140 13.302311
0.150 3.657391
0.160 -7.533541
0.170 3.000908
0.180 -3.356950
0.190 14.130265
0.200 4.417730
0.210 2.392243
0.220 1.647579
0.230 -6.680882
0.240 -6.257064
0.250 -6.500779
0.260 -6.140666
0.270 -7.589327
0.280 8.299643
0.290 -5.457039
0.300 9.980051
0.310 14.426091
0.320 3.070833
0.330 1.198117
0.340 -6.272362
0.350 0.495725
0.360 4.607158
0.370 3.653920
0.380 4.478410
0.390 8.800555
0.400 4.822523
0.410 1.428634
0.420 -3.614525
0.430 -1.662642
0.440 8.941712
0.450 -3.635417
0.460 9.424061
0.470 3.141380
0.480 5.726905
0.490 0.661019
0.500 2.047913
0.510 9.487454
0.520 4.464880
0.530 -0.126031
0.540 5.984164
0.550 6.343233
0.560 -11.115713
0.570 -14.708623
0.580 0.405023
0.590 -8.829330
0.600 3.985676
0.610 -0.228108
0.620 0.235744
0.630 1.614568
0.640 10.270473
0.650 3.621306
0.660 -5.688967
0.670 4.576003
0.680 11.444616
0.690 1.842848
0.700 6.312419
0.710 9.105427
0.720 3.850082
0.730 -5.952347
0.740 7.791536
0.750 0.630995
0.760 -1.460751
0.770 -5.422346
0.780 15.543833
0.790 -3.106466
0.800 -9.385535
0.810 5.653108
0.820 5.318872
0.830 4.685660
0.840 6.144866
0.850 12.420689
0.860 -4.684804
0.870 8.469806
0.880 3.388557
0.890 5.612315
0.900 -3.223647
0.910 6.442863
0.920 2.868485
0.930 -8.458559
0.940 -13.758125
0.950 2.073707
0.960 -8.592561
0.970 1.174685
0.980 5.051791
0.990 -2.514334
