0.000 -5.912457
0.010 -6.157685
0.020 8.449489
0.030 -4.182396
0.040 2.753933
0.050 -4.213008
0.060 14.504437
0.070 -6.887693
0.080 9.029865
0.090 5.243351
0.100 0.305480
0.110 -11.788844
0.120 -7.468366
0.130 0.125974
0.140 2.243741
0.150 -6.493871
0.160 -0.725726
0.170 0.469123
0.180 -4.181296
0.190 -2.091734
0.200 -1.295686
0.210 -9.631206
0.220 -2.282854
0.230 1.911765
0.240 -2.904348
0.250 10.265679
0.260 2.127237
0.270 -2.933078
0.280 -6.365989
0.290 -12.868864
0.300 2.896408
0.310 -0.150436
0.320 -7.229556
0.330 4.801165
0.340 -1.650425
0.350 6.389174
0.360 4.036622
0.370 0.978347
0.380 12.489107
0.390 0.607171
0.400 4.005869
0.410 -13.326858
0.420 2.555122
0.430 7.254548
0.440 -3.298706
0.450 -3.428284
0.460 14.159745
0.470 -3.543725
0.480 2.332418
0.490 -0.827291
0.500 1.512982
0.510 5.506836
0.520 -13.478626
0.530 -0.169496
0.540 0.126760
0.550 1.391042
0.560 -2.811252
0.570 7.548833
0.580 -4.646153
0.590 5.328490
0.600 6.877408
0.610 -17.396613
0.620 6.515439
0.630 0.451006
0.640 5.243626
0.650 -1.182740
0.660 -4.261471
0.670 14.024209
0.680 17.115804
0.690 -0.937544
0.700 -7.129131
0.710 4.018505
0.720 3.426719
0.730 -2.368097
0.740 -2.330478
0.750 6.502760
0.760 -4.940211
0.770 -8.170488
0.780 -11.118115
0.790 -2.148471
0.800 -3.210613
0.810 -4.468203
0.820 4.547644
0.830 0.368375
0.840 12.943735
0.850 -2.768662
0.860 -1.614189
0.870 1.476828
0.880 9.079311
0.890 -2.810780
0.900 -2.548857
0.910 1.530263
0.920 -10.751707
0.930 -17.102888
0.940 -0.288274
0.950 -10.895330
0.960 -16.751360
0.970 6.990805
0.980 8.230133
0.990 -6.171227
