0.000 5.605186
0.010 -5.050314
0.020 -8.646599
0.030 -23.741045
0.040 -2.323030
0.050 4.250275
0.060 5.525264
0.070 4.722525
0.080 11.683822
0.090 0.206769
0.100 -2.311247
0.110 8.285712
0.120 -18.273320
0.130 -4.576859
0.140 -12.261962
0.150 4.377639
0.160 10.990440
0.170 4.831662
0.180 -7.234749
0.190 -13.830424
0.200 12.807602
0.210 1.208985
0.220 1.608295
0.230 22.432094
0.240 24.748135
0.250 2.646571
0.260 0.990367
0.270 -9.523277
0.280 14.688574
0.290 4.033315
0.300 -0.111033
0.310 0.388612
0.320 -4.954811
0.330 -8.368743
0.340 -11.252686
0.350 -4.056609
0.360 -8.409016
0.370 6.810117
0.380 -3.697277
0.390 10.299745
0.400 8.993822
0.410 -11.426761
0.420 7.046078
0.430 -12.364547
0.440 8.624473
0.450 -2.083282
0.460 -6.881898
0.470 -11.156318
0.480 -6.844349
0.490 9.659473
0.500 -0.166722
0.510 5.777285
0.520 -11.105459
0.530 0.198475
0.540 4.312890
0.550 9.347957
0.560 8.783825
0.570 -10.358043
0.580 -8.088759
0.590 -0.931182
0.600 -0.054108
0.610 -9.386600
0.620 5.240284
0.630 8.540849
0.640 3.730027
0.650 0.685631
0.660 -2.757062
0.670 -0.193710
0.680 -0.603338
0.690 2.829180
0.700 12.923903
0.710 -5.594470
0.720 -3.891375
0.730 -5.042589
0.740 4.284496
0.750 -4.942199
0.760 30.921305
0.770 -3.123045
0.780 -8.530478
0.790 5.641527
0.800 -11.494864
0.810 9.425993
0.820 5.246217
0.830 6.880752
0.840 7.140012
0.850 -7.160821
0.860 17.066124
0.870 -14.192550
0.880 -10.883787
0.890 8.731104
0.900 -1.122578
0.910 -11.475196
0.920 -11.144434
0.930 6.275818
0.940 -2.745196
0.950 6.031720
0.960 -4.659531
0.970 -4.940146
0.980 6.140317
0.990 8.059632
