0.000 -8.813434
0.010 -16.900188
0.020 -7.854102
0.030 -15.517683
0.040 -0.170496
0.050 10.495714
0.060 -12.494293
0.070 6.237574
0.080 -7.261862
0.090 -15.224607
0.100 -6.081350
0.110 -15.946221
0.120 10.224178
0.130 14.292238
0.140 4.258088
0.150 -6.478654
0.160 1.165422
0.170 5.488738
0.180 -7.605310
0.190 -1.123266
0.200 3.300002
0.210 -6.835453
0.220 -1.981910
0.230 11.849226
0.240 -3.410220
0.250 5.933555
0.260 -4.348253
0.270 -7.866837
0.280 12.711426
0.290 -7.638703
0.300 11.860446
0.310 0.082274
0.320 -6.407102
0.330 -3.747521
0.340 -8.663471
0.350 4.275633
0.360 2.467684
0.370 -12.702986
0.380 0.292488
0.390 -12.642696
0.400 -10.647466
0.410 2.630815
0.420 7.889497
0.430 6.060281
0.440 -9.799744
0.450 -7.394196
0.460 23.885468
0.470 -5.419313
0.480 -7.414712
0.490 2.457588
0.500 8.015772
0.510 6.546706
0.520 -3.716878
0.530 6.610807
0.540 2.560221
0.550 -1.261978
0.560 8.581542
0.570 -2.221572
0.580 -7.109647
0.590 8.566956
0.600 11.832916
0.610 -3.385001
0.620 6.382722
0.630 -17.275368
0.640 21.882913
0.650 4.046290
0.660 12.352298
0.670 13.400012
0.680 4.180798
0.690 -0.416000
0.700 5.536016
0.710 1.762584
0.720 1.479496
0.730 -0.680952
0.740 -7.777125
0.750 -7.509138
0.760 -9.785810
0.770 -1.109666
0.780 17.110905
0.790 -5.659368
0.800 -0.301703
0.810 0.085078
0.820 11.245188
0.830 -11.629829
0.840 -6.640000
0.850 1.458164
0.860 4.070175
0.870 1.606825
0.880 -5.366969
0.890 -7.564046
0.900 -2.028596
0.910 -1.187175
0.920 3.926245
0.930 -8.838770
0.940 -10.368105
0.950 1.778821
0.960 -0.751656
0.970 7.487114
0.980 12.601988
0.990 13.586546
