0.000 -5.179969
0.010 -10.661004
0.020 -12.881085
0.030 -8.309379
0.040 -3.010329
0.050 -5.663655
0.060 -12.881749
0.070 -0.434028
0.080 0.772587
0.090 -6.920651
0.100 -9.646250
0.110 -7.459647
0.120 7.152789
0.130 1.181863
0.140 -9.477924
0.150 7.884790
0.160 12.210904
0.170 5.964623
0.180 -2.545209
0.190 -0.079051
0.200 -2.837721
0.210 0.385778
0.220 7.368973
0.230 2.700860
0.240 -4.709738
0.250 3.485047
0.260 5.476269
0.270 4.178997
0.280 -9.514658
0.290 -3.495828
0.300 -1.005457
0.310 12.887783
0.320 17.393372
0.330 -7.800943
0.340 7.108774
0.350 -13.625698
0.360 4.056877
0.370 -8.631316
0.380 -6.114233
0.390 -4.689689
0.400 -6.420551
0.410 -12.260897
0.420 13.337376
0.430 -11.681306
0.440 9.634775
0.450 8.536784
0.460 6.332333
0.470 -11.297583
0.480 -20.100010
0.490 -3.848682
0.500 8.858108
0.510 -9.817094
0.520 -3.923134
0.530 4.995867
0.540 2.715434
0.550 5.229617
0.560 2.778685
0.570 -4.310412
0.580 -1.132758
0.590 3.600686
0.600 0.082663
0.610 -0.975333
0.620 1.242949
0.630 -2.439966
0.640 5.685380
0.650 4.766182
0.660 2.545706
0.670 0.412363
0.680 9.871896
0.690 3.941867
0.700 -7.399352
0.710 1.676443
0.720 3.434244
0.730 -2.185697
0.740 -1.170535
0.750 -3.303418
0.760 -7.882147
0.770 5.595692
0.780 3.693353
0.790 -7.526321
0.800 6.455354
0.810 -1.303027
0.820 -0.587815
0.830 -1.486460
0.840 -0.084275
0.850 -12.954441
0.860 5.966727
0.870 -9.058000
0.880 -11.024297
0.890 1.115503
0.900 -6.156758
0.910 -4.095752
0.920 -11.092834
0.930 3.046942
0.940 -9.058986
0.950 5.322221
0.960 -10.690369
0.970 -9.574696
0.980 3.039528
0.990 11.305779
