0.000 5.643104
0.010 4.453710
0.020 -14.475071
0.030 -7.155761
0.040 -0.366538
0.050 3.075697
0.060 7.125237
0.070 1.208209
0.080 -6.541845
0.090 -0.060269
0.100 -1.592828
0.110 -12.356868
0.120 -4.687695
0.130 12.345726
0.140 9.274223
0.150 5.522511
0.160 0.266740
0.170 -11.827223
0.180 4.823851
0.190 0.855976
0.200 -7.085694
0.210 10.249319
0.220 -4.136546
0.230 -22.235558
0.240 -4.552545
0.250 -7.233546
0.260 -3.186670
0.270 -0.901401
0.280 -1.987665
0.290 2.155563
0.300 6.720114
0.310 -3.849295
0.320 -9.960545
0.330 6.664505
0.340 3.462878
0.350 -5.740084
0.360 2.510624
0.370 -1.450178
0.380 1.437120
0.390 -1.095179
0.400 4.492531
0.410 9.016635
0.420 -0.305145
0.430 -9.349084
0.440 -4.981376
0.450 17.374924
0.460 3.252354
0.470 -17.275999
0.480 6.392851
0.490 0.480773
0.500 -1.598891
0.510 -7.778135
0.520 3.795352
0.530 0.889397
0.540 3.233188
0.550 -10.264237
0.560 -5.250337
0.570 -5.142213
0.580 -4.519969
0.590 -1.946652
0.600 -2.853321
0.610 5.195050
0.620 0.805037
0.630 -0.669875
0.640 13.669364
0.650 0.532551
0.660 5.958471
0.670 -0.636720
0.680 9.309273
0.690 7.597075
0.700 6.768766
0.710 5.139313
0.720 -11.395836
0.730 -7.056876
0.740 3.664497
0.750 -10.264753
0.760 1.143534
0.770 6.469310
0.780 4.583959
0.790 2.625240
0.800 9.246550
0.810 13.850263
0.820 3.102916
0.830 -6.199140
0.840 -0.221253
0.850 -8.773380
0.860 8.756565
0.870 18.817625
0.880 -2.184632
0.890 -15.013002
0.900 15.502284
0.910 25.190821
0.920 12.524070
0.930 1.411538
0.940 -0.531335
0.950 7.477385
0.960 7.663699
0.970 5.040870
0.980 -23.272453
0.990 4.333746
