0.000 -12.111035
0.010 -6.019150
0.020 2.472518
0.030 -8.056737
0.040 11.426468
0.050 0.458030
0.060 4.072412
0.070 0.574920
0.080 1.161183
0.090 -5.200502
0.100 -24.240486
0.110 -0.350623
0.120 -10.366084
0.130 -3.311056
0.140 -3.488867
0.150 -5.803792
0.160 -6.450200
0.170 0.620388
0.180 12.683419
0.190 22.322697
0.200 8.806381
0.210 -6.723025
0.220 -3.539234
0.230 -0.216278
0.240 15.173794
0.250 -2.740425
0.260 18.836601
0.270 2.044523
0.280 -1.202367
0.290 9.060026
0.300 0.408398
0.310 0.805464
0.320 3.370577
0.330 0.792446
0.340 3.933204
0.350 -4.087867
0.360 5.542886
0.370 -21.391815
0.380 10.853730
0.390 -2.982987
0.400 8.639500
0.410 6.484134
0.420 2.612260
0.430 5.267443
0.440 -2.613518
0.450 -5.184520
0.460 1.623005
0.470 1.067987
0.480 -7.592000
0.490 5.717145
0.500 -5.746186
0.510 -10.844132
0.520 7.378439
0.530 -0.712897
0.540 -3.889120
0.550 -3.250294
0.560 4.728286
0.570 0.248392
0.580 15.303424
0.590 -11.776638
0.600 -23.252509
0.610 1.034710
0.620 8.919250
0.630 5.003980
0.640 -15.100722
0.650 -12.326902
0.660 3.413817
0.670 4.807953
0.680 -1.931655
0.690 -2.764274
0.700 0.434775
0.710 10.701904
0.720 -6.063751
0.730 -1.483622
0.740 8.600507
0.750 7.191971
0.760 6.082839
0.770 -5.433467
0.780 11.438651
0.790 3.838500
0.800 -1.665705
0.810 7.995695
0.820 9.372938
0.830 -0.392958
0.840 9.320366
0.850 1.102876
0.860 5.642259
0.870 -3.475392
0.880 -5.355012
0.890 4.614165
0.900 2.555989
0.910 0.083591
0.920 -3.047850
0.930 0.658681
0.940 2.566106
0.950 0.910854
0.960 4.774883
0.970 -11.032831
0.980 -1.225088
0.990 -9.544592
