0.000 -4.560188
0.010 1.427788
0.020 5.740815
0.030 1.371547
0.040 -3.606797
0.050 -10.227283
0.060 1.715388
0.070 -7.002758
0.080 -13.379838
0.090 11.510018
0.100 -14.946136
0.110 5.626696
0.120 -4.915240
0.130 -9.201881
0.140 -12.931844
0.150 11.668045
0.160 11.811882
0.170 -9.703640
0.180 -9.371317
0.190 8.987381
0.200 7.444998
0.210 0.501025
0.220 -2.542027
0.230 0.813141
0.240 -2.501686
0.250 11.206876
0.260 -9.335942
0.270 -6.376186
0.280 -1.383101
0.290 -12.389197
0.300 -2.975187
0.310 1.919951
0.320 8.838494
0.330 9.381253
0.340 -6.673240
0.350 1.028361
0.360 -2.859433
0.370 3.837957
0.380 -3.362391
0.390 8.875645
0.400 0.918586
0.410 -9.134970
0.420 -10.068331
0.430 -6.189863
0.440 -0.961383
0.450 -17.077563
0.460 -10.025053
0.470 6.444282
0.480 -13.303814
0.490 13.411915
0.500 -11.134167
0.510 4.770905
0.520 1.818689
0.530 -11.298716
0.540 -8.155195
0.550 2.669964
0.560 5.624487
0.570 7.150932
0.580 12.715992
0.590 4.945682
0.600 5.058301
0.610 -6.941470
0.620 18.578709
0.630 -8.033169
0.640 1.289014
0.650 -6.960257
0.660 10.473347
0.670 4.562509
0.680 -9.727429
0.690 11.085072
0.700 -0.141613
0.710 9.638826
0.720 2.211194
0.730 7.466214
0.740 -1.343739
0.750 1.054941
0.760 4.757977
0.770 5.609995
0.780 3.622315
0.790 9.266473
0.800 -1.649476
0.810 9.283595
0.820 -3.354046
0.830 -8.166324
0.840 2.296590
0.850 -8.309957
0.860 -3.478862
0.870 -4.730958
0.880 2.669430
0.890 10.644798
0.900 -1.575328
0.910 10.378498
0.920 -3.185812
0.930 -10.338589
0.940 -4.234074
0.950 3.249064
0.960 -8.877587
0.970 2.580577
0.980 -9.099123
0.990 -9.611697
