0.000 -1.475182
0.010 -8.542670
0.020 0.195940
0.030 4.391712
0.040 -5.146247
0.050 13.713848
0.060 -11.476506
0.070 8.760885
0.080 2.617091
0.090 -0.642170
0.100 1.940246
0.110 11.920301
0.120 -3.831449
0.130 3.283739
0.140 26.568489
0.150 -2.230379
0.160 15.999731
0.170 9.792152
0.180 9.098703
0.190 1.465936
0.200 -2.767265
0.210 3.757063
0.220 -10.442444
0.230 -2.615935
0.240 0.393831
0.250 -3.423408
0.260 -1.260653
0.270 -16.306218
0.280 -7.268558
0.290 -3.035610
0.300 -13.089014
0.310 -2.469786
0.320 6.861292
0.330 -2.863276
0.340 -5.312748
0.350 -8.178787
0.360 10.479981
0.370 2.824069
0.380 -0.704706
0.390 -5.108896
0.400 -5.719011
0.410 18.422348
0.420 -13.629170
0.430 -8.445276
0.440 6.985577
0.450 -7.137666
0.460 22.170321
0.470 -1.931842
0.480 -10.470221
0.490 -14.739759
0.500 -2.649048
0.510 -16.081312
0.520 -13.007854
0.530 -1.113278
0.540 -5.628857
0.550 2.925795
0.560 0.404559
0.570 0.775352
0.580 0.224085
0.590 0.929985
0.600 0.503785
0.610 3.461955
0.620 -5.819028
0.630 14.388095
0.640 8.775629
0.650 -3.832815
0.660 17.208870
0.670 8.593677
0.680 6.408648
0.690 12.550951
0.700 4.234294
0.710 -3.406502
0.720 0.017205
0.730 0.893215
0.740 -2.404004
0.750 -11.247462
0.760 -7.085216
0.770 -4.021153
0.780 -2.925737
0.790 -3.269296
0.800 14.180543
0.810 -0.715674
0.820 -3.414735
0.830 15.984758
0.840 5.956838
0.850 5.172423
0.860 12.303996
0.870 5.310584
0.880 4.783248
0.890 -6.634425
0.900 2.242968
0.910 11.777351
0.920 10.239290
0.930 -1.803109
0.940 -8.988780
0.950 -5.627320
0.960 4.110467
0.970 4.513761
0.980 -6.923443
0.990 -2.233967
