0.000 11.272814
0.010 -7.265740
0.020 10.310988
0.030 1.577680
0.040 -1.156704
0.050 -11.875431
0.060 6.478452
0.070 8.536176
0.080 -7.623323
0.090 0.226225
0.100 -15.844942
0.110 4.640465
0.120 -7.886170
0.130 6.724722
0.140 -11.038357
0.150 0.769430
0.160 11.931015
0.170 -8.561415
0.180 -0.382079
0.190 -0.163043
0.200 20.261868
0.210 -9.532872
0.220 -3.730947
0.230 -10.867374
0.240 27.196243
0.250 -7.513367
0.260 2.835456
0.270 9.752740
0.280 12.189670
0.290 -5.422249
0.300 1.676535
0.310 -4.307438
0.320 -1.017574
0.330 2.344683
0.340 1.395894
0.350 -7.422266
0.360 3.343108
0.370 6.069986
0.380 0.374946
0.390 5.641367
0.400 5.413498
0.410 -9.024224
0.420 -8.490312
0.430 -8.110414
0.440 -0.250222
0.450 6.066870
0.460 3.458760
0.470 -2.806109
0.480 -0.826251
0.490 2.717555
0.500 9.570906
0.510 1.186910
0.520 -0.138584
0.530 3.366809
0.540 -1.503531
0.550 1.098247
0.560 2.080918
0.570 3.931632
0.580 11.857375
0.590 6.223606
0.600 -9.233725
0.610 0.216225
0.620 -15.021226
0.630 -6.375391
0.640 3.381174
0.650 -3.848283
0.660 7.450294
0.670 -0.509402
0.680 -9.216810
0.690 -11.426924
0.700 -0.021145
0.710 -2.039860
0.720 1.742651
0.730 -5.075242
0.740 17.800182
0.750 -2.428232
0.760 2.944116
0.770 0.130399
0.780 5.624016
0.790 0.575257
0.800 -5.548790
0.810 -17.646309
0.820 0.902144
0.830 10.516373
0.840 4.538273
0.850 -6.485379
0.860 6.250965
0.870 4.403931
0.880 -0.799269
0.890 -3.148643
0.900 10.535236
0.910 6.055868
0.920 -1.904149
0.930 -12.554011
0.940 -3.400262
0.950 -9.564218
0.960 9.308570
0.970 -8.895035
0.980 -2.239588
0.990 2.382632
