0.000 -9.794387
0.010 13.611127
0.020 -12.566455
0.030 1.869308
0.040 -8.809709
0.050 4.355207
0.060 1.498084
0.070 4.682639
0.080 -0.197051
0.090 6.041030
0.100 0.684340
0.110 -6.072105
0.120 8.238168
0.130 -1.145722
0.140 8.090174
0.150 -9.927117
0.160 -1.146295
0.170 -8.347942
0.180 -3.246638
0.190 -4.246150
0.200 -6.335711
0.210 1.145571
0.220 -4.773996
0.230 -3.420821
0.240 6.704722
0.250 4.181514
0.260 -4.653049
0.270 1.061039
0.280 4.298436
0.290 1.530546
0.300 -9.004246
0.310 -20.866983
0.320 1.485338
0.330 2.072291
0.340 -0.197477
0.350 6.519215
0.360 1.572207
0.370 -1.271562
0.380 0.206716
0.390 -7.456488
0.400 3.351614
0.410 -5.672548
0.420 4.773247
0.430 8.540670
0.440 4.091870
0.450 9.921816
0.460 7.650531
0.470 -2.218826
0.480 6.884964
0.490 -1.797557
0.500 13.347176
0.510 0.127299
0.520 7.947488
0.530 0.415131
0.540 9.620687
0.550 -1.220596
0.560 4.586251
0.570 -16.488694
0.580 9.080034
0.590 17.410914
0.600 -0.462652
0.610 0.220644
0.620 5.201201
0.630 5.561720
0.640 -0.088953
0.650 11.891762
0.660 -2.712506
0.670 10.434929
0.680 8.153807
0.690 0.621501
0.700 3.935185
0.710 -4.839152
0.720 0.693727
0.730 -3.169176
0.740 -5.373023
0.750 18.893845
0.760 -4.777516
0.770 -1.414512
0.780 -2.041779
0.790 -0.923385
0.800 -7.974992
0.810 -9.583398
0.820 -24.350774
0.830 -7.783597
0.840 0.530808
0.850 1.095361
0.860 6.068028
0.870 -1.502819
0.880 12.843438
0.890 -16.016664
0.900 13.660428
0.910 16.153216
0.920 -6.554108
0.930 -6.969451
0.940 -5.322081
0.950 4.722134
0.960 -1.541137
0.970 -8.465379
0.980 -2.253886
0.990 -4.060682
