0.000 -2.697721
0.010 2.830256
0.020 -5.623812
0.030 -9.624007
0.040 -3.753269
0.050 -2.068975
0.060 1.363854
0.070 1.135952
0.080 -11.131909
0.090 4.599454
0.100 16.024672
0.110 4.871234
0.120 9.452348
0.130 6.250134
0.140 -11.168629
0.150 3.741628
0.160 4.702874
0.170 -15.455332
0.180 -5.603383
0.190 3.450167
0.200 4.846411
0.210 1.244321
0.220 11.260393
0.230 -5.417191
0.240 -2.081873
0.250 1.633713
0.260 4.391912
0.270 -2.516530
0.280 -18.587896
0.290 -7.631678
0.300 -17.793220
0.310 -0.147704
0.320 6.579313
0.330 -3.569940
0.340 -8.577910
0.350 -1.937541
0.360 -8.150402
0.370 -0.319077
0.380 -0.762660
0.390 9.930854
0.400 5.711825
0.410 -8.451739
0.420 -0.247744
0.430 -2.143254
0.440 1.319184
0.450 -9.736154
0.460 1.836748
0.470 6.926537
0.480 -14.088773
0.490 1.254433
0.500 6.384030
0.510 3.810963
0.520 -8.828922
0.530 -11.143873
0.540 2.736004
0.550 -1.175431
0.560 1.080505
0.570 -8.196166
0.580 -8.088003
0.590 -3.650431
0.600 -8.649912
0.610 3.184624
0.620 -9.016155
0.630 6.065880
0.640 10.603790
0.650 4.170110
0.660 -3.920705
0.670 1.597795
0.680 4.700843
0.690 -13.046868
0.700 4.826401
0.710 -18.588272
0.720 -5.321945
0.730 3.352242
0.740 -19.942584
0.750 9.688761
0.760 -0.327824
0.770 0.804439
0.780 0.903904
0.790 -4.006586
0.800 -1.593004
0.810 -11.523475
0.820 5.999694
0.830 -0.753005
0.840 0.571550
0.850 9.140402
0.860 4.049831
0.870 14.017464
0.880 -7.121105
0.890 -10.657442
0.900 1.890972
0.910 2.867994
0.920 2.082771
0.930 -5.822959
0.940 5.737670
0.950 -1.042368
0.960 -3.986455
0.970 0.722621
0.980 -22.331196
0.990 1.333714
