0.000 1.946244
0.010 -7.862675
0.020 10.938687
0.030 -5.368263
0.040 -2.104814
0.050 -7.773471
0.060 0.128418
0.070 -0.786268
0.080 -2.071118
0.090 3.148307
0.100 -8.916754
0.110 -7.531862
0.120 -4.107198
0.130 -3.107945
0.140 8.301867
0.150 3.331556
0.160 -1.338822
0.170 4.477336
0.180 -6.418059
0.190 -5.689441
0.200 15.007784
0.210 8.446635
0.220 -0.477872
0.230 -1.187308
0.240 -0.270855
0.250 -2.478056
0.260 10.209553
0.270 5.558031
0.280 6.006601
0.290 -8.807676
0.300 1.940411
0.310 13.196279
0.320 0.134404
0.330 3.035240
0.340 -1.805398
0.350 7.105503
0.360 11.944430
0.370 -5.370623
0.380 -9.636464
0.390 1.504807
0.400 2.329904
0.410 -9.990536
0.420 4.494681
0.430 -2.782559
0.440 -7.100312
0.450 -3.751988
0.460 -13.109071
0.470 11.839619
0.480 -9.645977
0.490 -12.633359
0.500 -3.487308
0.510 -7.286632
0.520 4.121088
0.530 6.758653
0.540 7.273982
0.550 3.229545
0.560 -1.495922
0.570 1.482096
0.580 -13.287071
0.590 7.558581
0.600 -4.017665
0.610 8.513214
0.620 -2.739122
0.630 -1.813360
0.640 9.004787
0.650 6.710308
0.660 13.936970
0.670 0.803427
0.680 0.626645
0.690 2.112146
0.700 3.873250
0.710 -1.802627
0.720 -3.126111
0.730 1.043354
0.740 6.052919
0.750 -7.506704
0.760 4.230735
0.770 5.313109
0.780 -27.448329
0.790 6.638957
0.800 -5.898002
0.810 -3.153502
0.820 -11.318158
0.830 -16.569118
0.840 -0.016921
0.850 3.604519
0.860 -0.533733
0.870 7.873211
0.880 -2.547846
0.890 -6.710976
0.900 -2.421612
0.910 8.913314
0.920 4.922710
0.930 -1.547093
0.940 4.453380
0.950 -10.274963
0.960 4.814516
0.970 -10.888027
0.980 5.331683
0.990 0.596815
