0.000 0.114949
0.010 12.535213
0.020 -4.087183
0.030 -14.642170
0.040 2.640286
0.050 -8.785121
0.060 13.836978
0.070 11.735878
0.080 -6.247196
0.090 -8.920935
0.100 0.841584
0.110 3.334951
0.120 -5.157851
0.130 -7.865792
0.140 -1.450651
0.150 -6.582926
0.160 -6.928334
0.170 -3.486471
0.180 -7.056724
0.190 -7.822862
0.200 -1.139059
0.210 -3.964900
0.220 1.271596
0.230 -7.186798
0.240 4.147355
0.250 2.923752
0.260 13.151408
0.270 -1.334711
0.280 -2.848507
0.290 -0.867445
0.300 -7.199061
0.310 13.176226
0.320 -0.490932
0.330 -0.249646
0.340 11.049206
0.350 0.304519
0.360 -1.656936
0.370 -7.398007
0.380 7.634223
0.390 0.007072
0.400 5.348600
0.410 -6.932411
0.420 7.266418
0.430 -8.780870
0.440 4.160188
0.450 12.628527
0.460 -2.260856
0.470 1.445404
0.480 0.855738
0.490 -3.526387
0.500 9.867374
0.510 10.004888
0.520 -3.268398
0.530 9.539138
0.540 -4.416896
0.550 -5.971751
0.560 -11.826690
0.570 -9.260861
0.580 4.596900
0.590 -0.204281
0.600 -13.856066
0.610 12.689675
0.620 -10.695519
0.630 13.912109
0.640 13.377626
0.650 10.110170
0.660 3.440565
0.670 -5.354392
0.680 -1.021377
0.690 -5.672243
0.700 -5.805226
0.710 13.909820
0.720 -0.475522
0.730 -2.130734
0.740 -1.128752
0.750 -13.727971
0.760 6.711405
0.770 -8.959404
0.780 9.455240
0.790 -6.609795
0.800 11.480275
0.810 2.833341
0.820 8.957367
0.830 -2.410639
0.840 -8.922622
0.850 5.755431
0.860 -0.327187
0.870 -16.492444
0.880 -2.944021
0.890 -2.775788
0.900 8.138430
0.910 -3.733811
0.920 14.027970
0.930 -15.599446
0.940 1.594779
0.950 7.796323
0.960 3.652082
0.970 -0.992697
0.980 3.427292
0.990 3.487165
