0.000 -8.199643
0.010 -8.093510
0.020 2.072311
0.030 -3.806165
0.040 -3.716293
0.050 -0.257509
0.060 12.204615
0.070 -1.300977
0.080 3.503446
0.090 7.052838
0.100 -2.594276
0.110 9.422018
0.120 6.995417
0.130 -0.643918
0.140 -0.465704
0.150 12.911743
0.160 8.727610
0.170 -11.459077
0.180 -8.508267
0.190 -7.678337
0.200 -0.638717
0.210 -3.095872
0.220 -6.494974
0.230 1.276163
0.240 8.768382
0.250 -7.413220
0.260 -0.315058
0.270 -3.623089
0.280 2.701010
0.290 3.595329
0.300 3.833090
0.310 -16.485772
0.320 5.013010
0.330 -8.430664
0.340 -9.043704
0.350 -0.058692
0.360 -10.547849
0.370 -0.864194
0.380 -8.278156
0.390 -8.837136
0.400 -0.468905
0.410 6.625326
0.420 12.157191
0.430 3.377453
0.440 -1.510665
0.450 16.800392
0.460 -9.562866
0.470 6.154956
0.480 21.239603
0.490 8.164166
0.500 17.725587
0.510 8.358250
0.520 0.633014
0.530 -1.330597
0.540 11.312545
0.550 1.063318
0.560 0.593320
0.570 -1.222462
0.580 6.332375
0.590 4.638811
0.600 -10.063029
0.610 2.157992
0.620 1.954461
0.630 -3.444606
0.640 3.348932
0.650 -7.273722
0.660 -5.483822
0.670 1.719163
0.680 -9.266105
0.690 8.824412
0.700 2.109358
0.710 -5.357217
0.720 -8.348423
0.730 -3.496533
0.740 6.844898
0.750 5.066415
0.760 1.711868
0.770 -8.309555
0.780 -4.505813
0.790 -4.547530
0.800 -9.937933
0.810 2.827067
0.820 2.807445
0.830 10.284197
0.840 12.284999
0.850 -1.483926
0.860 -2.974899
0.870 16.585745
0.880 -3.343614
0.890 14.426644
0.900 -3.055123
0.910 0.571556
0.920 -1.648384
0.930 11.716588
0.940 -0.954040
0.950 3.327140
0.960 -9.377188
0.970 14.588240
0.980 1.430308
0.990 16.322576
