0.000 -19.959130
0.010 0.780385
0.020 -4.660706
0.030 0.945176
0.040 -2.298393
0.050 5.639835
0.060 3.122149
0.070 -6.363175
0.080 -9.989090
0.090 6.930969
0.100 6.694803
0.110 8.952166
0.120 11.556113
0.130 3.369200
0.140 0.104955
0.150 2.098832
0.160 -1.718006
0.170 -0.496123
0.180 5.435430
0.190 -4.810604
0.200 3.223218
0.210 -4.491630
0.220 -1.368990
0.230 3.299627
0.240 5.648007
0.250 -8.570529
0.260 3.597316
0.270 -5.475600
0.280 6.148027
0.290 -0.208968
0.300 13.293015
0.310 -9.053694
0.320 9.858273
0.330 2.690344
0.340 -1.088923
0.350 4.513215
0.360 -9.928460
0.370 10.827596
0.380 12.226616
0.390 -8.991408
0.400 0.171734
0.410 -9.330508
0.420 2.065157
0.430 2.110958
0.440 -5.579053
0.450 -9.306917
0.460 -11.727723
0.470 0.926176
0.480 -8.166178
0.490 -1.624860
0.500 10.380591
0.510 12.853089
0.520 10.984253
0.530 6.990309
0.540 -1.159016
0.550 -2.715025
0.560 5.459711
0.570 -7.538271
0.580 -2.099868
0.590 -7.316199
0.600 6.485664
0.610 0.896309
0.620 -8.889846
0.630 -14.232376
0.640 4.871269
0.650 -2.296916
0.660 5.274738
0.670 2.829266
0.680 2.518516
0.690 1.250978
0.700 -3.003086
0.710 -7.062876
0.720 -4.513624
0.730 -6.561019
0.740 -0.867645
0.750 -5.180218
0.760 1.439333
0.770 -2.702038
0.780 -1.665673
0.790 -0.061904
0.800 3.286702
0.810 -7.821975
0.820 -8.737444
0.830 4.782312
0.840 -8.469260
0.850 4.617928
0.860 -6.208139
0.870 -11.624599
0.880 -13.114011
0.890 -2.021648
0.900 -5.269026
0.910 10.121580
0.920 -1.596960
0.930 1.900265
0.940 -12.774774
0.950 20.286760
0.960 -0.597898
0.970 -10.745532
0.980 -4.258440
0.990 7.450023
