0.000 -6.895059
0.010 -6.445218
0.020 0.384367
0.030 18.408388
0.040 10.957793
0.050 13.529977
0.060 8.442383
0.070 -14.108783
0.080 6.815901
0.090 -1.694716
0.100 -3.177680
0.110 -8.824010
0.120 -11.292702
0.130 -7.648174
0.140 3.492011
0.150 -2.495609
0.160 0.271875
0.170 7.850899
0.180 1.862202
0.190 -6.156432
0.200 8.396561
0.210 -13.506966
0.220 4.132856
0.230 -3.848320
0.240 6.073959
0.250 -9.848500
0.260 16.559150
0.270 -4.062544
0.280 -7.119709
0.290 -9.205121
0.300 -3.768858
0.310 0.077078
0.320 1.634759
0.330 5.742890
0.340 -7.595477
0.350 8.260714
0.360 13.008666
0.370 11.019745
0.380 -5.709132
0.390 4.894351
0.400 -8.925160
0.410 14.558830
0.420 -6.111775
0.430 11.477673
0.440 7.199596
0.450 -3.219556
0.460 13.504755
0.470 -0.274547
0.480 3.316159
0.490 -12.844955
0.500 -4.190580
0.510 -10.217301
0.520 12.960953
0.530 -6.315474
0.540 -16.068478
0.550 -13.860663
0.560 10.101043
0.570 14.426001
0.580 0.415408
0.590 -6.970139
0.600 12.846910
0.610 -10.465919
0.620 -9.102504
0.630 -7.401109
0.640 0.764677
0.650 -2.074141
0.660 -2.403291
0.670 -9.350489
0.680 1.604817
0.690 -3.038416
0.700 7.361387
0.710 8.309215
0.720 -6.128627
0.730 -1.914877
0.740 6.732212
0.750 -3.756754
0.760 -10.582501
0.770 5.117532
0.780 6.123141
0.790 9.665125
0.800 -3.175083
0.810 -7.067693
0.820 8.130574
0.830 -1.713314
0.840 5.432558
0.850 20.577642
0.860 5.982673
0.870 -2.561847
0.880 -4.679055
0.890 1.529555
0.900 -7.734485
0.910 -0.409044
0.920 7.245458
0.930 -7.436566
0.940 1.892266
0.950 10.394607
0.960 -13.880345
0.970 0.477949
0.980 -5.947605
0.990 7.717955
