0.000 -16.620202
0.010 8.925475
0.020 17.341884
0.030 11.004276
0.040 1.658763
0.050 4.969099
0.060 2.180128
0.070 -7.523722
0.080 -14.853749
0.090 -8.714545
0.100 -2.835623
0.110 -9.143655
0.120 -1.876634
0.130 2.720579
0.140 -14.070985
0.150 -5.939745
0.160 -7.776556
0.170 1.273437
0.180 2.922329
0.190 -0.341733
0.200 -4.872995
0.210 0.903328
0.220 5.896411
0.230 -4.420324
0.240 -17.636836
0.250 -4.657776
0.260 2.281025
0.270 -11.161898
0.280 13.907445
0.290 1.067892
0.300 8.742959
0.310 -0.013215
0.320 7.901272
0.330 -4.469520
0.340 9.479668
0.350 0.696210
0.360 3.041294
0.370 -8.092843
0.380 8.182500
0.390 -2.695100
0.400 13.604410
0.410 2.631199
0.420 -14.127902
0.430 -3.262387
0.440 -1.165140
0.450 -5.638925
0.460 -3.131278
0.470 -3.950076
0.480 9.828421
0.490 -1.253143
0.500 6.902277
0.510 3.937431
0.520 -9.626146
0.530 -1.775323
0.540 1.865454
0.550 4.130930
0.560 7.936742
0.570 2.131423
0.580 1.169571
0.590 8.553356
0.600 8.580136
0.610 5.664033
0.620 -3.131205
0.630 -6.238940
0.640 -10.987289
0.650 -5.397600
0.660 -1.468797
0.670 7.622524
0.680 4.099272
0.690 -11.587434
0.700 9.742232
0.710 4.630920
0.720 2.624058
0.730 3.923668
0.740 11.540580
0.750 -9.383694
0.760 -4.889765
0.770 -4.170506
0.780 -1.673755
0.790 -9.561306
0.800 -6.442705
0.810 2.493424
0.820 4.511739
0.830 -5.395377
0.840 5.879238
0.850 18.467779
0.860 -7.074829
0.870 -5.542124
0.880 2.554256
0.890 0.788597
0.900 -7.110537
0.910 -3.248338
0.920 15.325768
0.930 -6.496199
0.940 -11.123365
0.950 5.669863
0.960 0.642853
0.970 0.007605
0.980 14.940969
0.990 -3.952658
