0.000 -1.394547
0.010 1.037840
0.020 -0.312462
0.030 -7.340612
0.040 -7.100124
0.050 -3.089710
0.060 4.148462
0.070 2.295519
0.080 16.895697
0.090 4.371551
0.100 15.598384
0.110 10.228606
0.120 -5.047864
0.130 -4.138021
0.140 3.322688
0.150 -0.853599
0.160 -3.780130
0.170 -3.011996
0.180 5.608698
0.190 12.617920
0.200 -12.085409
0.210 -4.358670
0.220 -11.392009
0.230 12.118131
0.240 10.631410
0.250 0.611091
0.260 2.905793
0.270 4.545731
0.280 6.570588
0.290 -9.411094
0.300 -11.703486
0.310 -12.063002
0.320 -3.114839
0.330 -9.953217
0.340 -6.367598
0.350 7.702034
0.360 0.601804
0.370 -4.038705
0.380 -6.154003
0.390 2.432564
0.400 -2.477699
0.410 -3.265733
0.420 0.389128
0.430 8.085829
0.440 2.956979
0.450 -6.696738
0.460 7.297026
0.470 -5.753363
0.480 0.156225
0.490 0.342452
0.500 3.766700
0.510 9.915760
0.520 3.635546
0.530 3.210748
0.540 -2.774354
0.550 -10.686686
0.560 -19.530008
0.570 9.072555
0.580 0.855994
0.590 -7.463767
0.600 2.221378
0.610 -0.044451
0.620 -7.269979
0.630 1.721333
0.640 -8.833386
0.650 -5.550150
0.660 3.464504
0.670 2.689866
0.680 -1.716606
0.690 0.933786
0.700 6.783238
0.710 4.644337
0.720 0.661099
0.730 -6.023672
0.740 6.203712
0.750 -14.995713
0.760 7.201878
0.770 2.141720
0.780 2.305652
0.790 -3.260088
0.800 -1.957261
0.810 5.800593
0.820 -1.882977
0.830 -18.440575
0.840 -11.970499
0.850 -3.693056
0.860 14.752012
0.870 7.993576
0.880 6.424219
0.890 -11.382042
0.900 -0.446548
0.910 3.902783
0.920 -4.663266
0.930 -3.507253
0.940 -6.486935
0.950 7.030817
0.960 -0.313874
0.970 2.206980
0.980 -3.769583
0.990 7.307830
