0.000 -0.657664
0.010 0.646572
0.020 17.804372
0.030 5.612717
0.040 -8.819995
0.050 -1.455045
0.060 -4.579325
0.070 1.218051
0.080 -5.864279
0.090 13.574958
0.100 4.440445
0.110 8.779797
0.120 -2.546692
0.130 3.811896
0.140 4.203127
0.150 3.131442
0.160 0.467769
0.170 -15.142914
0.180 7.712843
0.190 2.011129
0.200 -5.505901
0.210 3.035848
0.220 7.536210
0.230 -1.987822
0.240 -7.712710
0.250 -19.500875
0.260 0.220325
0.270 -11.690599
0.280 1.814858
0.290 3.222289
0.300 6.581400
0.310 8.630879
0.320 -8.348917
0.330 0.239816
0.340 -12.651629
0.350 -2.784914
0.360 7.432181
0.370 -9.062878
0.380 7.751382
0.390 -2.243608
0.400 -7.154671
0.410 -1.858000
0.420 1.321398
0.430 -2.724150
0.440 -6.092474
0.450 -2.640444
0.460 11.550339
0.470 4.551959
0.480 13.026542
0.490 10.097382
0.500 -6.739249
0.510 -3.756677
0.520 -8.475562
0.530 -11.964113
0.540 -0.477655
0.550 9.265809
0.560 3.042972
0.570 -5.178995
0.580 -12.181326
0.590 3.612284
0.600 -2.649725
0.610 12.409945
0.620 8.005682
0.630 -2.466183
0.640 11.271791
0.650 -1.116055
0.660 -7.322460
0.670 -10.980502
0.680 3.028647
0.690 2.249995
0.700 9.803717
0.710 9.313992
0.720 4.512740
0.730 -2.180839
0.740 -17.237838
0.750 -3.589316
0.760 -3.290528
0.770 1.869093
0.780 -4.037339
0.790 7.667493
0.800 -3.180762
0.810 -0.636763
0.820 -3.258878
0.830 19.183898
0.840 2.381323
0.850 -2.016385
0.860 -2.232540
0.870 2.904326
0.880 10.179977
0.890 15.331165
0.900 3.477507
0.910 5.422518
0.920 -12.846003
0.930 -11.042718
0.940 1.245516
0.950 1.838256
0.960 -6.074053
0.970 3.734347
0.980 8.349610
0.990 -8.361841
