0.000 16.320654
0.010 -13.040750
0.020 -1.621033
0.030 -17.620655
0.040 -3.133550
0.050 -3.566938
0.060 9.761619
0.070 -3.899167
0.080 -15.162511
0.090 -0.377054
0.100 -3.589797
0.110 -8.380143
0.120 -4.704254
0.130 -4.075266
0.140 10.648444
0.150 -1.911011
0.160 -5.949904
0.170 6.115649
0.180 8.040549
0.190 2.941838
0.200 9.310693
0.210 6.413263
0.220 -10.351125
0.230 -5.854267
0.240 3.947441
0.250 12.611674
0.260 -8.745481
0.270 4.501042
0.280 13.364318
0.290 1.326997
0.300 -8.177276
0.310 1.998968
0.320 5.321812
0.330 1.967467
0.340 2.526828
0.350 -5.030532
0.360 8.786275
0.370 -6.401010
0.380 16.195040
0.390 9.840882
0.400 8.829687
0.410 7.172387
0.420 -8.971361
0.430 6.887708
0.440 -9.047052
0.450 0.276679
0.460 -16.381842
0.470 10.579233
0.480 11.296219
0.490 4.405143
0.500 6.557285
0.510 -2.264987
0.520 -3.205199
0.530 -4.589791
0.540 1.913289
0.550 8.244405
0.560 -3.904955
0.570 -8.860598
0.580 1.601838
0.590 -4.672205
0.600 16.248659
0.610 1.008245
0.620 -3.858387
0.630 6.105621
0.640 -25.642643
0.650 9.871734
0.660 -1.595416
0.670 -1.834413
0.680 1.789030
0.690 -4.515205
0.700 -2.155689
0.710 -7.451941
0.720 -14.679457
0.730 9.427944
0.740 5.069531
0.750 -3.496865
0.760 9.828351
0.770 5.584396
0.780 -5.090778
0.790 1.682142
0.800 2.187701
0.810 3.375357
0.820 -11.475593
0.830 12.307268
0.840 -2.746529
0.850 6.927157
0.860 7.067911
0.870 -4.857178
0.880 1.028715
0.890 1.825769
0.900 -2.746477
0.910 -9.400690
0.920 5.616191
0.930 13.617187
0.940 5.718351
0.950 5.560477
0.960 1.676177
0.970 -0.433306
0.980 -1.649523
0.990 -4.467708
