0.000 -3.556290
0.010 -1.303809
0.020 -9.328121
0.030 -8.129569
0.040 3.059364
0.050 0.018274
0.060 -9.327565
0.070 -21.083173
0.080 8.898778
0.090 20.155813
0.100 -3.971969
0.110 -3.245481
0.120 -8.176835
0.130 -3.258727
0.140 5.714013
0.150 -0.878246
0.160 -1.101340
0.170 -5.353446
0.180 -4.724061
0.190 -4.102850
0.200 -0.422732
0.210 -5.222143
0.220 11.747655
0.230 -5.233782
0.240 0.214150
0.250 3.141999
0.260 -17.657446
0.270 -7.269289
0.280 -3.259098
0.290 -13.569816
0.300 0.133329
0.310 0.281145
0.320 1.027043
0.330 2.521442
0.340 -7.418957
0.350 10.958555
0.360 4.620534
0.370 -6.609530
0.380 -10.048303
0.390 -2.952126
0.400 7.984357
0.410 -1.739130
0.420 13.705702
0.430 4.146678
0.440 -4.539910
0.450 -4.696133
0.460 11.545490
0.470 -5.121635
0.480 -9.261978
0.490 13.671097
0.500 -3.137970
0.510 -5.676786
0.520 10.453421
0.530 0.354096
0.540 -4.914169
0.550 9.976083
0.560 -18.579124
0.570 -9.481295
0.580 -0.470518
0.590 0.375182
0.600 -1.362594
0.610 4.012965
0.620 1.965190
0.630 1.883622
0.640 17.719307
0.650 -4.244181
0.660 5.402066
0.670 -3.264141
0.680 1.598230
0.690 6.546018
0.700 5.449001
0.710 -1.627015
0.720 -3.996543
0.730 -8.609752
0.740 -2.361222
0.750 14.036030
0.760 -2.856399
0.770 -4.538700
0.780 -5.220073
0.790 7.954800
0.800 2.554916
0.810 -7.753015
0.820 1.660105
0.830 6.656565
0.840 15.599681
0.850 9.376974
0.860 -11.414350
0.870 10.598508
0.880 7.677089
0.890 3.093516
0.900 -8.689164
0.910 -7.741922
0.920 -6.919328
0.930 -3.214455
0.940 -14.802522
0.950 3.125300
0.960 3.479325
0.970 0.674125
0.980 3.468406
0.990 7.078823
