0.000 -13.226075
0.010 0.856826
0.020 5.668387
0.030 -7.596252
0.040 16.332817
0.050 -9.769275
0.060 18.515376
0.070 5.248375
0.080 -13.043308
0.090 -8.156068
0.100 -3.011727
0.110 11.844574
0.120 -7.001771
0.130 -2.332427
0.140 -3.758713
0.150 -1.372665
0.160 1.572605
0.170 7.932031
0.180 -7.865715
0.190 -10.635856
0.200 2.162897
0.210 -9.117946
0.220 -16.366067
0.230 -0.068888
0.240 -10.203231
0.250 2.097553
0.260 7.475128
0.270 1.362200
0.280 14.129538
0.290 11.555395
0.300 13.885730
0.310 -9.152050
0.320 0.583530
0.330 -2.944756
0.340 -1.851489
0.350 -8.945772
0.360 -3.548654
0.370 11.095710
0.380 3.050057
0.390 -13.730749
0.400 5.202865
0.410 -8.018031
0.420 -0.102130
0.430 6.585134
0.440 -14.361467
0.450 -3.922988
0.460 5.804990
0.470 10.113462
0.480 7.465024
0.490 -0.214865
0.500 5.419318
0.510 2.579694
0.520 2.822181
0.530 0.253256
0.540 -3.472766
0.550 13.704232
0.560 -7.728797
0.570 2.257213
0.580 -7.850477
0.590 10.096234
0.600 7.106023
0.610 -11.781365
0.620 8.671947
0.630 19.750635
0.640 14.352370
0.650 -2.145847
0.660 -2.967907
0.670 -7.712025
0.680 5.935685
0.690 -0.461635
0.700 -10.124572
0.710 -8.006028
0.720 11.863840
0.730 1.970835
0.740 -1.417630
0.750 1.377242
0.760 -10.392966
0.770 5.040495
0.780 -3.443128
0.790 -10.557320
0.800 -1.271894
0.810 -0.372669
0.820 4.434775
0.830 0.823203
0.840 1.584340
0.850 -7.757670
0.860 -14.350573
0.870 -6.282472
0.880 0.614627
0.890 2.137519
0.900 12.656951
0.910 -10.793445
0.920 -6.096176
0.930 -4.735071
0.940 -3.491761
0.950 -4.224906
0.960 14.740083
0.970 5.118554
0.980 1.750950
0.990 -4.244600
