0.000 5.717667
0.010 -1.295349
0.020 -14.726173
0.030 -3.120920
0.040 4.535840
0.050 -5.558159
0.060 -9.285703
0.070 -2.138480
0.080 -15.559080
0.090 -11.658538
0.100 13.357575
0.110 -8.901610
0.120 11.389006
0.130 -1.027032
0.140 6.968835
0.150 11.762446
0.160 -2.411312
0.170 5.259009
0.180 0.591724
0.190 -3.619416
0.200 2.542944
0.210 -1.401328
0.220 -8.340088
0.230 12.919344
0.240 8.647114
0.250 8.319066
0.260 13.076281
0.270 2.255430
0.280 -7.548603
0.290 0.427218
0.300 5.841309
0.310 -2.093693
0.320 -9.022039
0.330 8.695134
0.340 -7.415022
0.350 -3.416931
0.360 -0.570223
0.370 1.828101
0.380 13.312108
0.390 -10.139395
0.400 -10.626508
0.410 1.328268
0.420 9.432784
0.430 8.386660
0.440 -12.605579
0.450 12.868869
0.460 7.784578
0.470 14.677669
0.480 3.500423
0.490 -3.844102
0.500 -4.452496
0.510 -4.922463
0.520 8.462812
0.530 -5.602298
0.540 12.176767
0.550 -6.493666
0.560 7.414704
0.570 -17.968071
0.580 1.681350
0.590 -9.431093
0.600 -12.375665
0.610 12.113805
0.620 5.726593
0.630 -2.576971
0.640 2.799286
0.650 3.754212
0.660 2.044200
0.670 -10.025753
0.680 -3.564017
0.690 11.705844
0.700 -0.783937
0.710 -6.409677
0.720 -3.595552
0.730 -0.689022
0.740 2.875953
0.750 3.604074
0.760 0.260314
0.770 16.213983
0.780 -5.096010
0.790 4.848850
0.800 -6.190900
0.810 3.479207
0.820 -7.983237
0.830 5.633087
0.840 7.493575
0.850 3.543503
0.860 -5.230480
0.870 2.637748
0.880 -0.924073
0.890 4.414802
0.900 0.537257
0.910 3.561564
0.920 2.759091
0.930 1.425134
0.940 -7.003812
0.950 -12.239594
0.960 0.031411
0.970 -5.324397
0.980 6.865079
0.990 2.533558
