0.000 3.807898
0.010 -9.108971
0.020 -6.346732
0.030 -1.347229
0.040 -9.321497
0.050 14.022510
0.060 -15.682085
0.070 -1.574638
0.080 -1.781893
0.090 6.439492
0.100 1.986112
0.110 1.871000
0.120 6.658514
0.130 -2.734732
0.140 6.060852
0.150 -2.765988
0.160 6.781960
0.170 2.438048
0.180 2.408404
0.190 -11.427940
0.200 3.188874
0.210 -2.769446
0.220 -20.417453
0.230 5.269921
0.240 1.191327
0.250 -0.956075
0.260 -4.782968
0.270 -8.437662
0.280 13.836678
0.290 -0.060525
0.300 -2.983206
0.310 15.186071
0.320 17.858384
0.330 -2.313332
0.340 -10.241892
0.350 -6.423252
0.360 0.399337
0.370 -3.953295
0.380 -6.286129
0.390 1.475153
0.400 -3.322812
0.410 -0.067645
0.420 -6.988342
0.430 -0.570603
0.440 1.400208
0.450 -0.467894
0.460 -1.710955
0.470 16.855577
0.480 -2.182741
0.490 5.343746
0.500 4.510799
0.510 -3.905297
0.520 -2.331160
0.530 5.270528
0.540 -3.236465
0.550 2.110357
0.560 1.551894
0.570 6.877018
0.580 -5.814740
0.590 22.544876
0.600 -2.394035
0.610 -5.456471
0.620 11.697963
0.630 5.420395
0.640 -11.132512
0.650 -12.014085
0.660 -7.261993
0.670 11.287491
0.680 9.066441
0.690 2.941355
0.700 9.998854
0.710 2.583606
0.720 -4.113522
0.730 5.799117
0.740 -12.819144
0.750 7.190542
0.760 10.369935
0.770 -10.669833
0.780 -7.794108
0.790 2.837035
0.800 -7.441802
0.810 13.249571
0.820 6.343039
0.830 9.719306
0.840 -3.896679
0.850 26.463446
0.860 14.529405
0.870 -2.567053
0.880 6.555579
0.890 -4.381465
0.900 13.391248
0.910 7.520392
0.920 3.380411
0.930 3.478691
0.940 2.280152
0.950 -4.543662
0.960 21.925119
0.970 -12.354051
0.980 8.823021
0.990 11.440538
