0.000 -7.419456
0.010 0.192332
0.020 10.529867
0.030 3.608426
0.040 11.260581
0.050 -6.802550
0.060 -8.241129
0.070 1.509756
0.080 10.349754
0.090 4.328964
0.100 3.510378
0.110 6.611223
0.120 1.286794
0.130 7.465520
0.140 19.174624
0.150 -2.650574
0.160 5.437058
0.170 -12.019847
0.180 -7.856504
0.190 -4.126921
0.200 4.635042
0.210 2.000621
0.220 12.339076
0.230 2.363781
0.240 1.304071
0.250 -0.960711
0.260 6.520227
0.270 -10.754172
0.280 5.463501
0.290 -2.039196
0.300 3.537774
0.310 -0.577257
0.320 5.939160
0.330 4.119689
0.340 -6.848509
0.350 5.676155
0.360 4.009383
0.370 5.146929
0.380 -4.524327
0.390 -12.857161
0.400 1.272713
0.410 -4.997674
0.420 3.697096
0.430 -0.610445
0.440 5.237309
0.450 7.724201
0.460 10.149417
0.470 -4.761092
0.480 -1.719324
0.490 -4.213985
0.500 5.984231
0.510 9.625687
0.520 9.313297
0.530 14.536509
0.540 5.051033
0.550 6.564685
0.560 7.592751
0.570 8.257741
0.580 -7.912784
0.590 9.529333
0.600 0.768082
0.610 -11.187351
0.620 8.262628
0.630 -8.721595
0.640 -0.832744
0.650 3.343559
0.660 -7.718017
0.670 2.028475
0.680 1.155211
0.690 5.102892
0.700 14.378937
0.710 -0.096998
0.720 -6.176623
0.730 6.240104
0.740 0.768020
0.750 3.413524
0.760 3.187212
0.770 -6.023244
0.780 10.107362
0.790 -0.349382
0.800 8.866662
0.810 5.379812
0.820 1.572673
0.830 1.443450
0.840 2.556649
0.850 -10.838158
0.860 -1.663237
0.870 -16.165328
0.880 -4.754589
0.890 -10.261935
0.900 0.609814
0.910 6.167341
0.920 0.294881
0.930 2.791048
0.940 -9.814934
0.950 -0.227905
0.960 -9.738135
0.970 -8.819867
0.980 3.253903
0.990 -0.743394
