0.000 5.608419
0.010 10.220955
0.020 8.939313
0.030 11.752792
0.040 -6.340431
0.050 -14.052894
0.060 10.933521
0.070 15.932950
0.080 -1.181573
0.090 -15.485114
0.100 -0.510253
0.110 -4.396394
0.120 -8.157242
0.130 -12.140411
0.140 2.302502
0.150 -0.737556
0.160 -2.320828
0.170 -0.793123
0.180 -3.416193
0.190 -2.081520
0.200 0.668058
0.210 5.574381
0.220 -0.172221
0.230 4.115912
0.240 1.946428
0.250 -5.572581
0.260 6.351612
0.270 -4.479266
0.280 -6.799792
0.290 3.490299
0.300 0.385224
0.310 -6.438543
0.320 -0.434371
0.330 -4.441338
0.340 1.778464
0.350 -0.819937
0.360 -9.212414
0.370 16.452418
0.380 0.015619
0.390 4.706511
0.400 6.908948
0.410 -11.779792
0.420 -5.441778
0.430 -2.714693
0.440 -14.905117
0.450 -1.943540
0.460 -5.380892
0.470 -2.774324
0.480 19.455054
0.490 5.352378
0.500 -5.961895
0.510 1.368581
0.520 2.773526
0.530 -8.134636
0.540 -11.449604
0.550 -0.708018
0.560 9.624700
0.570 2.203230
0.580 7.733533
0.590 -0.315182
0.600 -6.204778
0.610 -5.029530
0.620 5.987677
0.630 1.068296
0.640 6.721553
0.650 -14.121109
0.660 -1.092879
0.670 5.106461
0.680 12.383367
0.690 -7.043844
0.700 -0.561919
0.710 3.426819
0.720 1.699623
0.730 13.215545
0.740 -7.269182
0.750 2.803722
0.760 9.722432
0.770 -5.771685
0.780 -3.243738
0.790 3.849525
0.800 8.425910
0.810 6.715323
0.820 9.348564
0.830 8.629685
0.840 12.532603
0.850 -1.792159
0.860 -4.931202
0.870 -0.261924
0.880 -5.251893
0.890 -16.261380
0.900 1.157421
0.910 8.443241
0.920 -3.390184
0.930 -9.747325
0.940 -10.053456
0.950 -4.566572
0.960 26.461127
0.970 -2.920305
0.980 -6.067582
0.990 -4.085769
