0.000 -6.010250
0.010 15.274797
0.020 -8.372589
0.030 13.464329
0.040 -0.744340
0.050 -2.238666
0.060 1.567601
0.070 17.596674
0.080 9.319891
0.090 1.940399
0.100 6.811262
0.110 -1.844110
0.120 -1.209179
0.130 -4.359339
0.140 0.629034
0.150 7.761848
0.160 3.334742
0.170 3.018501
0.180 6.266182
0.190 1.669318
0.200 -1.155636
0.210 13.308263
0.220 4.333215
0.230 6.465998
0.240 -2.000172
0.250 2.461495
0.260 4.566051
0.270 8.273761
0.280 -7.788125
0.290 -2.504754
0.300 -14.008927
0.310 5.222100
0.320 -0.483832
0.330 -4.927030
0.340 -7.891123
0.350 6.136551
0.360 -26.694235
0.370 -2.593551
0.380 6.401451
0.390 0.172502
0.400 -3.599575
0.410 -2.226466
0.420 -18.194697
0.430 -4.855796
0.440 -3.094835
0.450 11.602535
0.460 -0.912673
0.470 10.956285
0.480 8.498065
0.490 -6.269500
0.500 1.231534
0.510 -18.772794
0.520 4.629292
0.530 1.490737
0.540 -20.403283
0.550 8.827092
0.560 3.630320
0.570 6.093190
0.580 0.752992
0.590 4.609312
0.600 9.194800
0.610 -6.705751
0.620 -4.165204
0.630 6.257825
0.640 -14.267329
0.650 9.299632
0.660 -14.177559
0.670 -12.894317
0.680 16.648651
0.690 -6.024111
0.700 -3.721947
0.710 -3.518797
0.720 -9.024191
0.730 -2.108668
0.740 4.664730
0.750 -6.698433
0.760 11.889171
0.770 -3.350698
0.780 -16.599048
0.790 -16.757897
0.800 -5.816102
0.810 -0.419538
0.820 -0.348200
0.830 3.553695
0.840 -2.439477
0.850 9.700165
0.860 -15.853410
0.870 16.103241
0.880 6.963058
0.890 -5.222086
0.900 0.690711
0.910 7.124522
0.920 -12.318991
0.930 0.700434
0.940 2.413479
0.950 -9.205673
0.960 -9.091021
0.970 0.110698
0.980 -1.143839
0.990 0.533973
