0.000 4.527257
0.010 -3.004475
0.020 -0.262411
0.030 -1.968277
0.040 -5.091176
0.050 -3.016762
0.060 25.309383
0.070 17.498125
0.080 10.363768
0.090 0.086733
0.100 -1.071112
0.110 -6.301710
0.120 -10.081399
0.130 2.387610
0.140 5.916149
0.150 -8.493218
0.160 12.714533
0.170 -8.955844
0.180 0.339556
0.190 -1.434389
0.200 -1.991935
0.210 -1.698232
0.220 24.593941
0.230 1.323063
0.240 3.425619
0.250 -12.013027
0.260 -13.928625
0.270 11.508578
0.280 12.840782
0.290 4.541029
0.300 6.357607
0.310 7.200833
0.320 0.170823
0.330 -2.596425
0.340 6.495782
0.350 6.850656
0.360 2.865995
0.370 6.089092
0.380 6.065155
0.390 -1.223497
0.400 -8.940658
0.410 -0.542082
0.420 -9.717425
0.430 -3.321469
0.440 -1.739120
0.450 -7.661587
0.460 19.061564
0.470 -10.070048
0.480 0.622225
0.490 -9.884577
0.500 8.178369
0.510 -12.397147
0.520 7.928611
0.530 -10.440572
0.540 -2.591989
0.550 -1.835505
0.560 -2.637649
0.570 1.790886
0.580 1.570317
0.590 3.016292
0.600 3.200999
0.610 -4.124839
0.620 1.183231
0.630 -4.418562
0.640 9.525017
0.650 -8.686225
0.660 18.857385
0.670 -0.078147
0.680 -6.778748
0.690 10.764593
0.700 1.737005
0.710 -10.722162
0.720 1.969101
0.730 4.746469
0.740 -0.440654
0.750 1.551511
0.760 13.709950
0.770 11.259850
0.780 -2.070011
0.790 -15.954076
0.800 15.798095
0.810 2.386092
0.820 -0.111351
0.830 -0.428681
0.840 1.028191
0.850 3.472754
0.860 0.408506
0.870 -9.632496
0.880 2.258937
0.890 -5.797819
0.900 -1.260868
0.910 5.487276
0.920 5.930654
0.930 12.109192
0.940 6.597096
0.950 6.078797
0.960 -7.636161
0.970 -0.449659
0.980 1.181373
0.990 -13.385895
