0.000 -11.392825
0.010 7.742218
0.020 2.822732
0.030 7.137749
0.040 15.594905
0.050 9.418358
0.060 18.064090
0.070 -10.246987
0.080 -3.120215
0.090 6.810497
0.100 -0.292917
0.110 10.977394
0.120 11.762547
0.130 -0.374415
0.140 4.739542
0.150 0.561222
0.160 -8.756326
0.170 -3.132737
0.180 -4.833359
0.190 -6.957174
0.200 21.354688
0.210 -8.075850
0.220 -0.254219
0.230 -10.477659
0.240 0.101543
0.250 7.425354
0.260 0.203899
0.270 1.436437
0.280 22.267260
0.290 -2.351144
0.300 -3.153730
0.310 11.387882
0.320 11.597793
0.330 -0.662119
0.340 14.494258
0.350 -7.611152
0.360 -8.121589
0.370 -3.631445
0.380 11.917357
0.390 1.493214
0.400 1.474421
0.410 8.436317
0.420 -2.520832
0.430 -12.708071
0.440 -0.952953
0.450 3.965322
0.460 -1.520182
0.470 -5.132900
0.480 -2.226549
0.490 11.356315
0.500 -1.183457
0.510 -7.495914
0.520 -16.602403
0.530 -3.575517
0.540 -7.076598
0.550 -4.023122
0.560 6.241236
0.570 5.860454
0.580 4.242137
0.590 1.478912
0.600 0.286378
0.610 4.058166
0.620 5.174647
0.630 13.084611
0.640 -2.162738
0.650 -13.077693
0.660 -1.064797
0.670 -3.060120
0.680 -7.443468
0.690 5.888050
0.700 4.976374
0.710 2.020509
0.720 -4.965445
0.730 -10.152052
0.740 11.965212
0.750 -11.311926
0.760 -13.461785
0.770 12.505277
0.780 -4.891800
0.790 1.675159
0.800 -6.400639
0.810 5.295384
0.820 -5.266409
0.830 -0.349042
0.840 5.847531
0.850 -7.767850
0.860 15.183842
0.870 -6.899105
0.880 -14.452264
0.890 -4.965187
0.900 1.240483
0.910 2.318963
0.920 -0.193889
0.930 4.968117
0.940 -2.329667
0.950 15.600129
0.960 2.327180
0.970 0.341319
0.980 5.451839
0.990 -5.957963
