0.000 5.307316
0.010 -1.700439
0.020 -18.063361
0.030 10.908152
0.040 -13.704891
0.050 -2.516012
0.060 4.543521
0.070 6.042199
0.080 1.263267
0.090 1.430090
0.100 4.153767
0.110 9.171285
0.120 1.654377
0.130 16.723749
0.140 -3.834004
0.150 9.125891
0.160 -6.176000
0.170 7.283081
0.180 -14.072847
0.190 3.765495
0.200 -5.342611
0.210 4.022188
0.220 0.810205
0.230 -4.279048
0.240 -1.680761
0.250 -9.394931
0.260 0.405779
0.270 1.928498
0.280 11.995065
0.290 -9.089923
0.300 1.755324
0.310 -12.429090
0.320 11.556345
0.330 0.072180
0.340 17.272702
0.350 -5.034543
0.360 -1.727540
0.370 5.731355
0.380 3.828904
0.390 0.891216
0.400 -0.888383
0.410 8.358976
0.420 -5.790339
0.430 4.741695
0.440 1.843786
0.450 -1.086463
0.460 -0.510379
0.470 7.487859
0.480 11.337883
0.490 -2.083474
0.500 5.926486
0.510 -2.174069
0.520 -0.041853
0.530 -13.598717
0.540 -5.825378
0.550 9.044945
0.560 -4.373256
0.570 6.894520
0.580 1.039249
0.590 -11.150200
0.600 1.671409
0.610 9.076347
0.620 7.710981
0.630 1.424992
0.640 -3.268541
0.650 17.981638
0.660 11.957822
0.670 -6.677375
0.680 10.118055
0.690 -4.916201
0.700 -7.569667
0.710 1.087519
0.720 -8.277641
0.730 6.339664
0.740 4.403581
0.750 6.908128
0.760 4.533035
0.770 -11.684776
0.780 8.860710
0.790 -2.551491
0.800 3.752363
0.810 7.560637
0.820 -1.771982
0.830 5.248678
0.840 -3.591662
0.850 6.927995
0.860 6.221487
0.870 -15.892493
0.880 7.802408
0.890 1.520493
0.900 -6.885652
0.910 -10.795590
0.920 12.436087
0.930 -9.110239
0.940 12.819886
0.950 -3.977798
0.960 0.645081
0.970 -19.672241
0.980 -9.039802
0.990 3.778789
