0.000 -2.520180
0.010 11.643462
0.020 7.325611
0.030 -6.259758
0.040 5.366099
0.050 4.653494
0.060 -1.196494
0.070 -6.625219
0.080 11.751214
0.090 10.414828
0.100 7.437995
0.110 8.034230
0.120 -9.110659
0.130 7.618522
0.140 -18.694978
0.150 -13.066912
0.160 -1.137313
0.170 -0.582510
0.180 8.383798
0.190 5.692790
0.200 11.445864
0.210 4.671252
0.220 0.118242
0.230 -5.055271
0.240 6.249108
0.250 5.116914
0.260 4.151832
0.270 12.823217
0.280 -3.223945
0.290 10.275413
0.300 12.286238
0.310 18.663586
0.320 12.134381
0.330 -10.530232
0.340 6.275156
0.350 -2.901615
0.360 0.896170
0.370 -5.730998
0.380 -3.338543
0.390 19.369997
0.400 7.273848
0.410 -7.616194
0.420 -10.642881
0.430 3.204400
0.440 8.184741
0.450 10.650546
0.460 -5.026909
0.470 -8.592071
0.480 -13.652090
0.490 2.998686
0.500 0.298073
0.510 -1.051153
0.520 -2.243835
0.530 8.566550
0.540 11.154969
0.550 -2.399345
0.560 -7.602984
0.570 -1.877067
0.580 2.052575
0.590 -4.735972
0.600 -18.966574
0.610 -9.570735
0.620 8.680134
0.630 2.397794
0.640 -13.906469
0.650 -3.666636
0.660 -8.536003
0.670 5.496240
0.680 9.549350
0.690 12.225889
0.700 12.678173
0.710 0.604248
0.720 -1.854923
0.730 -4.364892
0.740 -9.294083
0.750 0.959157
0.760 13.300066
0.770 -3.688276
0.780 3.567307
0.790 1.884423
0.800 -2.813750
0.810 -10.199976
0.820 -4.821428
0.830 -3.004784
0.840 4.868076
0.850 -11.293074
0.860 3.422479
0.870 -11.856504
0.880 -0.996365
0.890 14.464072
0.900 0.324060
0.910 1.882450
0.920 5.330415
0.930 3.430977
0.940 3.281098
0.950 1.176149
0.960 -6.548169
0.970 2.768339
0.980 3.627501
0.990 1.298585
