0.000 -3.056789
0.010 -8.101698
0.020 13.042207
0.030 -5.857257
0.040 1.718850
0.050 -11.496661
0.060 11.628118
0.070 -11.117963
0.080 -6.035190
0.090 -7.846925
0.100 -9.387913
0.110 18.525218
0.120 -4.773164
0.130 -5.351822
0.140 -7.605182
0.150 -9.899117
0.160 -8.349196
0.170 -4.685891
0.180 -9.091589
0.190 18.965097
0.200 3.918526
0.210 2.365250
0.220 1.184977
0.230 -0.557774
0.240 1.267511
0.250 2.771348
0.260 -6.831482
0.270 1.023056
0.280 -4.123447
0.290 -1.902804
0.300 2.969539
0.310 4.951173
0.320 9.580218
0.330 -2.529397
0.340 2.989684
0.350 7.886869
0.360 -6.930240
0.370 11.169370
0.380 3.665314
0.390 -12.307679
0.400 3.922412
0.410 6.618258
0.420 -5.745167
0.430 -6.164825
0.440 14.833814
0.450 8.946236
0.460 2.530559
0.470 -1.140364
0.480 10.638744
0.490 -7.417884
0.500 0.896022
0.510 -6.042735
0.520 2.602057
0.530 -7.176277
0.540 12.033054
0.550 -0.429204
0.560 -15.429585
0.570 1.115764
0.580 -4.824192
0.590 -6.114674
0.600 -8.670647
0.610 -5.681530
0.620 1.808619
0.630 0.849822
0.640 3.292184
0.650 18.882815
0.660 -3.187389
0.670 -7.156353
0.680 -6.345441
0.690 15.492922
0.700 -10.428516
0.710 -2.612015
0.720 -0.653892
0.730 6.539114
0.740 -7.824202
0.750 18.037575
0.760 -2.766417
0.770 -6.447304
0.780 9.864812
0.790 17.660766
0.800 14.359017
0.810 -12.543085
0.820 -1.432095
0.830 -7.817949
0.840 1.992092
0.850 6.800074
0.860 8.271116
0.870 6.240440
0.880 5.894550
0.890 10.871822
0.900 0.453039
0.910 -7.450113
0.920 -7.089036
0.930 8.993917
0.940 3.801330
0.950 -4.119023
0.960 -0.412950
0.970 3.858998
0.980 -6.048968
0.990 -6.375647
