0.000 -6.638869
0.010 12.606607
0.020 9.096666
0.030 -27.979061
0.040 -2.278666
0.050 -2.497356
0.060 9.424269
0.070 -11.104913
0.080 -4.166406
0.090 2.386318
0.100 -0.718327
0.110 8.444052
0.120 11.830320
0.130 5.156186
0.140 -17.076057
0.150 4.234750
0.160 3.031586
0.170 1.049600
0.180 -0.321290
0.190 6.904686
0.200 -10.616043
0.210 1.070423
0.220 2.779572
0.230 5.273600
0.240 -0.812890
0.250 -2.354932
0.260 -2.610604
0.270 -11.196052
0.280 -9.931956
0.290 -1.897305
0.300 6.901285
0.310 8.641840
0.320 6.748289
0.330 -1.080469
0.340 6.293124
0.350 29.565067
0.360 15.310847
0.370 -2.605607
0.380 -8.398591
0.390 10.715489
0.400 10.121998
0.410 -14.493617
0.420 2.724279
0.430 -6.706861
0.440 6.465068
0.450 2.840013
0.460 -15.212900
0.470 12.946823
0.480 16.759075
0.490 -2.824700
0.500 -5.274334
0.510 -3.986545
0.520 12.749256
0.530 11.108829
0.540 -4.109777
0.550 -1.897166
0.560 -7.835341
0.570 -9.167561
0.580 2.948724
0.590 -6.641659
0.600 12.555998
0.610 0.555470
0.620 3.751164
0.630 -9.742721
0.640 -2.053215
0.650 -5.003379
0.660 -12.156390
0.670 0.835891
0.680 -15.100136
0.690 -6.582083
0.700 2.421704
0.710 4.672203
0.720 -4.892743
0.730 3.101626
0.740 9.020988
0.750 -6.449878
0.760 14.407812
0.770 -0.487728
0.780 14.514645
0.790 7.158170
0.800 -11.910786
0.810 2.962949
0.820 5.837995
0.830 -0.445392
0.840 -9.280837
0.850 -20.797641
0.860 4.424423
0.870 3.067761
0.880 19.282495
0.890 -0.184696
0.900 5.483247
0.910 -28.267488
0.920 -4.331449
0.930 -5.802786
0.940 -8.429761
0.950 -0.401151
0.960 6.291487
0.970 -11.787856
0.980 4.105126
0.990 0.724935
