0.000 -7.375320
0.010 7.092107
0.020 4.525410
0.030 8.799247
0.040 -11.302141
0.050 -4.337542
0.060 -19.801550
0.070 2.757972
0.080 8.030446
0.090 -5.725712
0.100 2.119528
0.110 6.500705
0.120 -3.077385
0.130 7.765044
0.140 10.399219
0.150 -0.647293
0.160 14.157040
0.170 0.988576
0.180 -4.400346
0.190 -5.189518
0.200 7.125997
0.210 1.771773
0.220 7.189415
0.230 -1.535728
0.240 -10.112441
0.250 7.524700
0.260 -0.167046
0.270 4.177114
0.280 0.380298
0.290 -1.118985
0.300 4.617258
0.310 0.221882
0.320 -3.358714
0.330 7.363236
0.340 -5.812323
0.350 3.692062
0.360 -12.661377
0.370 20.597842
0.380 11.029288
0.390 10.190598
0.400 10.553021
0.410 7.431896
0.420 4.915423
0.430 -3.444100
0.440 -17.170941
0.450 -16.571098
0.460 5.224026
0.470 6.402187
0.480 -4.737965
0.490 -0.653948
0.500 -3.857765
0.510 17.282938
0.520 -2.525261
0.530 -5.940382
0.540 7.989891
0.550 -6.434375
0.560 5.574221
0.570 -2.439354
0.580 -6.944754
0.590 5.487672
0.600 -5.785689
0.610 -8.195211
0.620 9.997761
0.630 16.973699
0.640 -8.199260
0.650 7.771924
0.660 7.809043
0.670 -19.621845
0.680 -13.794357
0.690 0.826180
0.700 -8.077884
0.710 9.876747
0.720 -1.984384
0.730 1.841038
0.740 17.650371
0.750 5.074111
0.760 -0.966372
0.770 -5.939018
0.780 -10.078083
0.790 -8.739412
0.800 -3.665339
0.810 -9.497177
0.820 -15.188994
0.830 -3.514721
0.840 -4.452316
0.850 -6.297226
0.860 -4.575790
0.870 -0.615476
0.880 13.875233
0.890 -3.441060
0.900 3.484536
0.910 -6.055951
0.920 -12.904348
0.930 8.794170
0.940 -8.202235
0.950 -2.373808
0.960 -10.227151
0.970 -1.358572
0.980 -2.172665
0.990 -0.769618
