0.000 -7.945386
0.010 4.993885
0.020 0.110137
0.030 -4.407086
0.040 3.333247
0.050 3.997334
0.060 -3.160256
0.070 -4.047568
0.080 -4.341904
0.090 14.499569
0.100 -0.342096
0.110 5.115840
0.120 -5.263301
0.130 -9.566805
0.140 -4.622132
0.150 -8.805092
0.160 10.154074
0.170 -15.491975
0.180 5.021500
0.190 14.371046
0.200 0.902826
0.210 7.041351
0.220 -2.253122
0.230 5.240669
0.240 4.568370
0.250 -1.860191
0.260 4.419221
0.270 -8.503161
0.280 0.450998
0.290 5.721184
0.300 6.216213
0.310 -4.858410
0.320 -6.384116
0.330 -5.367387
0.340 -3.931640
0.350 0.938538
0.360 -12.178429
0.370 -6.760137
0.380 -7.161111
0.390 0.338405
0.400 7.372339
0.410 3.552377
0.420 7.396625
0.430 21.346316
0.440 -15.185549
0.450 3.167400
0.460 -5.331860
0.470 3.746456
0.480 -22.232657
0.490 1.162950
0.500 0.920428
0.510 5.092109
0.520 -4.554105
0.530 3.533164
0.540 -1.078085
0.550 1.967694
0.560 6.897788
0.570 3.834806
0.580 -18.725679
0.590 14.989478
0.600 -10.556218
0.610 4.707719
0.620 -13.153390
0.630 -4.801987
0.640 2.948110
0.650 5.820344
0.660 -2.029543
0.670 -2.221277
0.680 -0.695373
0.690 23.347815
0.700 1.723649
0.710 -16.431007
0.720 -5.566286
0.730 -2.153013
0.740 -2.940945
0.750 19.220581
0.760 -1.581972
0.770 7.277894
0.780 -2.107333
0.790 6.922133
0.800 18.250911
0.810 9.795456
0.820 5.673879
0.830 0.006853
0.840 -10.406471
0.850 -6.030422
0.860 2.807658
0.870 7.632565
0.880 1.571122
0.890 11.183240
0.900 -3.451196
0.910 4.792544
0.920 -14.015157
0.930 -12.890399
0.940 -4.834318
0.950 -7.230158
0.960 11.817474
0.970 -1.041082
0.980 3.961240
0.990 9.505566
