0.000 10.648879
0.010 1.665265
0.020 -1.808615
0.030 -12.173648
0.040 4.121309
0.050 -0.484107
0.060 -20.041503
0.070 0.251644
0.080 -0.001580
0.090 -14.220951
0.100 6.630474
0.110 6.623008
0.120 12.215729
0.130 -6.345937
0.140 -3.370496
0.150 -1.448367
0.160 14.730604
0.170 -2.935555
0.180 3.983972
0.190 7.532731
0.200 2.514383
0.210 -13.330595
0.220 -0.664794
0.230 19.478297
0.240 8.759361
0.250 9.807462
0.260 8.203164
0.270 -14.343461
0.280 -7.106835
0.290 5.041604
0.300 21.328780
0.310 1.863952
0.320 1.045364
0.330 11.871823
0.340 5.933379
0.350 4.568093
0.360 6.619724
0.370 -8.715262
0.380 5.438290
0.390 7.928213
0.400 4.038198
0.410 3.082198
0.420 -18.099891
0.430 1.661847
0.440 -3.857988
0.450 5.451950
0.460 -17.863039
0.470 -3.948406
0.480 1.139992
0.490 -6.570516
0.500 2.293271
0.510 -9.070386
0.520 -0.155880
0.530 -18.348320
0.540 4.727923
0.550 7.459865
0.560 -18.697203
0.570 4.921635
0.580 -8.567248
0.590 7.396317
0.600 -0.459319
0.610 5.974411
0.620 -1.588456
0.630 6.111110
0.640 -4.425059
0.650 -7.158684
0.660 12.580911
0.670 -1.586824
0.680 7.003162
0.690 -5.630644
0.700 7.968063
0.710 9.449957
0.720 1.258416
0.730 15.863031
0.740 4.308011
0.750 -1.783976
0.760 -1.537988
0.770 3.650897
0.780 -1.158985
0.790 7.899385
0.800 2.506474
0.810 7.332297
0.820 2.157148
0.830 -6.846529
0.840 9.485276
0.850 3.663917
0.860 -4.714144
0.870 0.137946
0.880 -15.794539
0.890 4.119050
0.900 -0.618375
0.910 1.888172
0.920 -6.757961
0.930 -12.017365
0.940 -5.200627
0.950 -3.595546
0.960 -12.015536
0.970 -2.882571
0.980 7.001896
0.990 -15.004340
