0.000 -2.243628
0.010 -9.734723
0.020 -1.147146
0.030 0.766290
0.040 -8.811604
0.050 -17.802279
0.060 -12.080779
0.070 -4.431715
0.080 -0.175706
0.090 -12.328094
0.100 -5.884138
0.110 -0.705939
0.120 -3.300136
0.130 1.198801
0.140 3.274155
0.150 -4.189490
0.160 10.181895
0.170 10.380827
0.180 7.450158
0.190 -2.132030
0.200 6.648355
0.210 3.685230
0.220 -3.084659
0.230 -0.789680
0.240 -3.881825
0.250 19.674687
0.260 -12.809462
0.270 -7.973052
0.280 5.073864
0.290 -3.294956
0.300 1.332346
0.310 1.392052
0.320 -2.649923
0.330 1.050449
0.340 4.384654
0.350 -6.986255
0.360 -1.929075
0.370 2.106702
0.380 3.425024
0.390 -0.527132
0.400 13.821235
0.410 -3.701785
0.420 -16.267962
0.430 11.297349
0.440 -3.895440
0.450 -6.189206
0.460 1.434441
0.470 9.175716
0.480 -5.242203
0.490 11.190436
0.500 -1.733345
0.510 -7.415122
0.520 -6.995354
0.530 12.108372
0.540 3.774748
0.550 7.447652
0.560 10.033217
0.570 2.502993
0.580 -2.073839
0.590 4.099694
0.600 -2.852775
0.610 -2.623330
0.620 -28.119018
0.630 17.613501
0.640 0.940990
0.650 -7.784368
0.660 1.896378
0.670 14.306014
0.680 0.796981
0.690 9.207179
0.700 -2.843676
0.710 -5.659643
0.720 -4.935729
0.730 -12.066141
0.740 -1.411919
0.750 -7.291582
0.760 11.153976
0.770 2.482266
0.780 -0.489053
0.790 -17.923093
0.800 5.124830
0.810 1.085780
0.820 8.241011
0.830 -0.922176
0.840 -3.063477
0.850 -10.809801
0.860 1.417720
0.870 15.347752
0.880 -5.403973
0.890 12.022024
0.900 3.564825
0.910 -2.005195
0.920 21.985672
0.930 7.544455
0.940 -16.690813
0.950 -2.071224
0.960 6.787800
0.970 -3.651868
0.980 4.850295
0.990 -9.894567
