0.000 -13.542355
0.010 -3.898525
0.020 -13.841733
0.030 -3.242695
0.040 2.697254
0.050 -0.918396
0.060 -12.083102
0.070 -0.379388
0.080 -11.856120
0.090 -6.022393
0.100 -6.617182
0.110 5.148337
0.120 6.866502
0.130 11.621863
0.140 -4.036079
0.150 9.466956
0.160 -4.777882
0.170 10.177579
0.180 3.592404
0.190 5.660001
0.200 3.771053
0.210 6.800168
0.220 4.594146
0.230 -12.488837
0.240 3.300311
0.250 -1.281080
0.260 9.620480
0.270 -13.578186
0.280 6.165272
0.290 10.260168
0.300 -17.130750
0.310 8.965733
0.320 -2.870462
0.330 -1.558693
0.340 3.756537
0.350 -7.564580
0.360 12.102603
0.370 4.054256
0.380 4.173545
0.390 8.128414
0.400 14.738010
0.410 0.040509
0.420 0.829031
0.430 5.491693
0.440 -3.631562
0.450 -2.218089
0.460 -5.455583
0.470 -7.265696
0.480 -7.540366
0.490 8.920228
0.500 -10.349081
0.510 -11.888169
0.520 -0.948002
0.530 2.136995
0.540 -2.320640
0.550 2.787388
0.560 -14.771919
0.570 -8.741667
0.580 -8.386554
0.590 -14.004641
0.600 17.319617
0.610 10.225894
0.620 -7.679176
0.630 1.345627
0.640 -4.999180
0.650 -0.135316
0.660 -7.909177
0.670 -7.738177
0.680 1.454776
0.690 4.446559
0.700 -0.342339
0.710 -10.280362
0.720 -0.367586
0.730 9.137461
0.740 0.752227
0.750 -14.490957
0.760 -1.344712
0.770 6.055243
0.780 -2.600408
0.790 1.685153
0.800 2.998809
0.810 0.186735
0.820 7.176885
0.830 0.436108
0.840 -3.188265
0.850 -15.788410
0.860 -1.022444
0.870 2.049304
0.880 11.120434
0.890 -5.316301
0.900 -2.212589
0.910 -2.545236
0.920 1.292319
0.930 -5.675774
0.940 3.139996
0.950 9.054036
0.960 3.060840
0.970 8.301181
0.980 3.564599
0.990 -3.731253
