0.000 1.704889
0.010 -3.359364
0.020 -2.714080
0.030 -0.335347
0.040 -5.715548
0.050 -5.197683
0.060 1.929514
0.070 4.463921
0.080 15.877139
0.090 4.275110
0.100 9.763375
0.110 7.991562
0.120 2.142563
0.130 8.318314
0.140 5.825392
0.150 -4.517327
0.160 5.021688
0.170 19.199811
0.180 -3.318054
0.190 11.688747
0.200 2.363762
0.210 8.016510
0.220 -12.686754
0.230 -5.015241
0.240 -3.069629
0.250 -4.125578
0.260 16.349732
0.270 -9.457300
0.280 5.500602
0.290 -3.179754
0.300 -14.140583
0.310 5.338242
0.320 0.240751
0.330 14.405667
0.340 9.790743
0.350 -1.596187
0.360 10.160096
0.370 -3.272349
0.380 8.557565
0.390 -6.895553
0.400 -14.672991
0.410 -0.809039
0.420 -15.491354
0.430 -3.379316
0.440 -4.569791
0.450 -16.485666
0.460 9.741174
0.470 -7.742575
0.480 -8.511464
0.490 6.424861
0.500 -14.257690
0.510 -1.971370
0.520 3.748538
0.530 -6.834028
0.540 -8.560910
0.550 5.707198
0.560 12.894560
0.570 -14.081145
0.580 6.029834
0.590 8.758409
0.600 6.333983
0.610 -11.816481
0.620 1.147864
0.630 -19.382189
0.640 -7.988051
0.650 11.682912
0.660 8.329950
0.670 -2.815049
0.680 -0.333813
0.690 3.593197
0.700 -4.233779
0.710 -5.334703
0.720 24.595425
0.730 -25.119396
0.740 5.946929
0.750 0.987257
0.760 -9.029643
0.770 17.894701
0.780 -1.266162
0.790 -3.042004
0.800 -0.365844
0.810 14.766941
0.820 4.707464
0.830 -1.105478
0.840 0.463828
0.850 0.402739
0.860 13.591944
0.870 -14.838592
0.880 -9.149929
0.890 -1.110802
0.900 0.818910
0.910 4.984388
0.920 -16.488378
0.930 -1.166534
0.940 -1.312475
0.950 4.630120
0.960 2.674570
0.970 -7.282184
0.980 -0.598674
0.990 5.687136
