0.000 0.061520
0.010 4.930872
0.020 4.131047
0.030 -2.671448
0.040 -1.544363
0.050 -3.314108
0.060 2.542518
0.070 -3.960923
0.080 9.070194
0.090 6.394576
0.100 -0.586454
0.110 -2.069891
0.120 -2.211710
0.130 -5.817872
0.140 -8.913782
0.150 -2.033600
0.160 1.106299
0.170 2.816059
0.180 11.244870
0.190 1.068842
0.200 -5.009594
0.210 -0.062300
0.220 12.124453
0.230 1.424580
0.240 13.788442
0.250 -0.894511
0.260 1.365870
0.270 5.165735
0.280 4.586382
0.290 1.730981
0.300 -2.367494
0.310 21.008364
0.320 -3.821243
0.330 1.684797
0.340 -6.865162
0.350 17.256781
0.360 -16.318812
0.370 4.285067
0.380 -6.905656
0.390 -5.413641
0.400 -7.483739
0.410 -3.806763
0.420 0.650039
0.430 -2.823209
0.440 -2.463125
0.450 -0.638680
0.460 -4.684248
0.470 2.737607
0.480 4.459910
0.490 1.115639
0.500 10.284244
0.510 -0.863599
0.520 13.983783
0.530 12.007366
0.540 18.398785
0.550 -2.585576
0.560 4.313665
0.570 0.536378
0.580 8.320621
0.590 4.324655
0.600 -7.623557
0.610 2.673117
0.620 4.862547
0.630 4.077481
0.640 -10.467951
0.650 -5.527310
0.660 -3.328837
0.670 -1.783218
0.680 3.072275
0.690 -1.141229
0.700 -1.291845
0.710 -11.065542
0.720 14.779601
0.730 -6.332818
0.740 -7.502955
0.750 15.800788
0.760 5.326368
0.770 9.233845
0.780 2.773736
0.790 -15.695199
0.800 -4.545656
0.810 -4.933588
0.820 2.397451
0.830 -0.434133
0.840 -2.057143
0.850 1.136813
0.860 -3.606706
0.870 -12.021066
0.880 19.105891
0.890 -6.008634
0.900 6.157281
0.910 2.852277
0.920 4.872307
0.930 -3.349366
0.940 4.615704
0.950 -3.148694
0.960 -12.112963
0.970 -11.156952
0.980 -1.619993
0.990 11.609262
