0.000 -6.331926
0.010 -7.157501
0.020 1.991982
0.030 5.625287
0.040 6.894614
0.050 6.554717
0.060 -8.015705
0.070 -1.815218
0.080 3.902499
0.090 4.184651
0.100 -1.053100
0.110 3.488508
0.120 7.566344
0.130 -8.318342
0.140 2.431181
0.150 -9.435184
0.160 9.579692
0.170 1.286729
0.180 -0.283701
0.190 -2.411347
0.200 7.720260
0.210 -11.796072
0.220 -2.128551
0.230 1.376198
0.240 1.459227
0.250 12.324410
0.260 -7.096892
0.270 4.968356
0.280 15.268652
0.290 -5.589954
0.300 -0.219923
0.310 11.318375
0.320 0.506322
0.330 6.091379
0.340 19.717476
0.350 -10.461207
0.360 8.201442
0.370 -8.997501
0.380 2.761903
0.390 4.543065
0.400 -7.157261
0.410 0.415502
0.420 -5.403703
0.430 7.232226
0.440 -12.939030
0.450 3.222890
0.460 -8.862002
0.470 -18.563134
0.480 -12.365086
0.490 -1.240827
0.500 11.279060
0.510 3.424044
0.520 -6.537680
0.530 -0.648474
0.540 -6.452178
0.550 2.345920
0.560 13.162226
0.570 12.857201
0.580 4.968426
0.590 -8.788410
0.600 0.424843
0.610 3.048608
0.620 6.737961
0.630 -2.275236
0.640 -13.764314
0.650 5.365612
0.660 9.642356
0.670 -5.270683
0.680 7.340828
0.690 -9.971937
0.700 3.321485
0.710 -8.964573
0.720 -0.312039
0.730 0.569428
0.740 2.110239
0.750 7.798422
0.760 -8.824744
0.770 10.761357
0.780 6.503707
0.790 7.781827
0.800 3.055183
0.810 3.486004
0.820 -6.512333
0.830 -7.723277
0.840 -9.602030
0.850 9.520158
0.860 -2.349251
0.870 2.402998
0.880 4.840179
0.890 1.918024
0.900 -3.601542
0.910 16.096513
0.920 2.791274
0.930 9.061116
0.940 -2.619961
0.950 -4.564312
0.960 -3.146526
0.970 6.442157
0.980 6.042900
0.990 -0.050727
