0.000 1.875506
0.010 8.367657
0.020 6.099238
0.030 -15.564569
0.040 1.937713
0.050 7.692681
0.060 0.533933
0.070 11.762190
0.080 4.247474
0.090 1.714918
0.100 8.517071
0.110 -5.792485
0.120 -0.192100
0.130 -2.394715
0.140 10.040919
0.150 6.941834
0.160 -7.949945
0.170 8.275797
0.180 0.429653
0.190 1.674763
0.200 4.240893
0.210 -12.803647
0.220 -5.693355
0.230 3.517856
0.240 -3.111593
0.250 -0.467070
0.260 -4.447408
0.270 -6.970713
0.280 -10.941782
0.290 -0.764655
0.300 -5.582117
0.310 -9.148075
0.320 -0.812392
0.330 3.562038
0.340 8.199216
0.350 -1.171070
0.360 -2.373760
0.370 -0.301860
0.380 -1.373056
0.390 2.042021
0.400 9.938277
0.410 -0.941951
0.420 2.208864
0.430 4.047631
0.440 6.986749
0.450 7.781257
0.460 -8.835084
0.470 -3.511470
0.480 4.276103
0.490 -7.264892
0.500 -2.717223
0.510 -1.463332
0.520 12.166132
0.530 -11.652715
0.540 0.106949
0.550 5.389427
0.560 7.965947
0.570 5.124734
0.580 -7.172117
0.590 -12.454257
0.600 1.314128
0.610 -9.693171
0.620 2.048440
0.630 16.414375
0.640 -0.981746
0.650 2.051000
0.660 16.257478
0.670 -4.541575
0.680 -1.749874
0.690 0.096501
0.700 -0.859418
0.710 9.234717
0.720 4.706964
0.730 -2.707324
0.740 5.422356
0.750 -7.129328
0.760 4.723226
0.770 -4.655189
0.780 -7.132547
0.790 0.929049
0.800 -3.143984
0.810 0.266608
0.820 0.237295
0.830 -2.104808
0.840 -0.468098
0.850 -3.579176
0.860 6.328671
0.870 -3.842186
0.880 -2.496098
0.890 10.154708
0.900 -3.763705
0.910 6.343833
0.920 0.034951
0.930 -3.399647
0.940 10.296483
0.950 -7.055769
0.960 -13.919766
0.970 3.526258
0.980 7.762361
0.990 -15.617582
