0.000 -14.369367
0.010 23.053803
0.020 8.667859
0.030 14.257709
0.040 8.110526
0.050 4.945394
0.060 2.092554
0.070 6.155031
0.080 -15.147620
0.090 -4.233073
0.100 -3.198710
0.110 0.816919
0.120 8.548520
0.130 -1.025711
0.140 -1.431118
0.150 2.784612
0.160 10.916495
0.170 -2.742218
0.180 -8.905226
0.190 0.840889
0.200 -4.201887
0.210 -14.220087
0.220 -0.653540
0.230 -1.511432
0.240 -3.384167
0.250 -17.496496
0.260 -1.017626
0.270 -7.929031
0.280 -3.207465
0.290 -8.143081
0.300 -5.380692
0.310 2.688128
0.320 6.126580
0.330 -3.142587
0.340 -13.400101
0.350 -3.760729
0.360 5.652053
0.370 6.830102
0.380 7.031782
0.390 -1.676651
0.400 -2.906150
0.410 8.316154
0.420 8.350433
0.430 -13.798794
0.440 -11.934347
0.450 -11.313146
0.460 -16.205557
0.470 -6.320859
0.480 -4.954632
0.490 1.131030
0.500 3.311323
0.510 -1.079330
0.520 -10.803890
0.530 -5.404439
0.540 -9.511561
0.550 7.259164
0.560 0.746142
0.570 4.955091
0.580 10.402841
0.590 10.592398
0.600 4.283613
0.610 -11.294295
0.620 -5.654897
0.630 0.329479
0.640 -0.729968
0.650 5.684859
0.660 -9.103878
0.670 -7.194956
0.680 -8.305057
0.690 -5.646879
0.700 7.142184
0.710 -14.861004
0.720 -0.701116
0.730 -9.672408
0.740 -3.305397
0.750 -0.094785
0.760 5.987984
0.770 -3.405200
0.780 -12.627031
0.790 9.015311
0.800 9.782172
0.810 8.520758
0.820 8.325196
0.830 1.125816
0.840 -0.918381
0.850 0.929262
0.860 6.797696
0.870 -6.296274
0.880 -10.007902
0.890 -5.321820
0.900 -5.374064
0.910 -0.603790
0.920 10.353750
0.930 1.467643
0.940 3.386975
0.950 9.855982
0.960 -9.854778
0.970 -8.300031
0.980 5.761833
0.990 -0.315702
