0.000 6.294970
0.010 -0.589784
0.020 0.526548
0.030 -7.137467
0.040 -4.789805
0.050 4.475873
0.060 3.461738
0.070 -10.029122
0.080 -10.836433
0.090 -7.660957
0.100 3.146105
0.110 -7.723571
0.120 -2.800873
0.130 1.320614
0.140 8.752880
0.150 -6.693229
0.160 -0.468358
0.170 -7.013577
0.180 7.474754
0.190 11.595638
0.200 16.460874
0.210 -7.319563
0.220 4.632321
0.230 -11.058597
0.240 5.034632
0.250 11.160455
0.260 2.770451
0.270 -5.794504
0.280 -10.706128
0.290 3.608700
0.300 -18.633529
0.310 2.933919
0.320 6.633289
0.330 0.658742
0.340 -5.996512
0.350 1.349177
0.360 -6.590669
0.370 4.927295
0.380 -1.619195
0.390 11.172747
0.400 7.011380
0.410 -2.613837
0.420 -9.372459
0.430 -8.434628
0.440 -6.503491
0.450 -0.572642
0.460 7.396714
0.470 1.682972
0.480 8.630165
0.490 -4.555201
0.500 0.122721
0.510 6.740174
0.520 -13.053078
0.530 2.595627
0.540 -10.202744
0.550 -2.074887
0.560 1.169304
0.570 -2.718262
0.580 12.119508
0.590 0.861487
0.600 -10.479717
0.610 -10.142238
0.620 3.701003
0.630 9.912663
0.640 1.153097
0.650 -15.813802
0.660 -7.869609
0.670 -5.073694
0.680 -3.760893
0.690 11.583781
0.700 10.680238
0.710 0.234743
0.720 -1.910637
0.730 -15.918863
0.740 -11.665789
0.750 -6.636208
0.760 3.365202
0.770 1.605389
0.780 -5.357526
0.790 7.341229
0.800 12.740558
0.810 -8.406874
0.820 5.196238
0.830 1.384786
0.840 3.135179
0.850 4.512290
0.860 1.689581
0.870 2.267638
0.880 11.297737
0.890 -8.274944
0.900 19.165473
0.910 0.161697
0.920 -0.894251
0.930 -7.440013
0.940 9.729021
0.950 -5.178113
0.960 -5.136124
0.970 -10.466500
0.980 -11.760075
0.990 -7.703393
