0.000 -18.928659
0.010 13.499725
0.020 -7.832646
0.030 6.278948
0.040 -0.786859
0.050 10.152979
0.060 -4.800566
0.070 1.185567
0.080 -16.404694
0.090 -2.825403
0.100 -20.926756
0.110 -3.718241
0.120 -11.289983
0.130 -1.623543
0.140 -6.034204
0.150 -10.584126
0.160 -9.015115
0.170 0.745114
0.180 -4.749219
0.190 7.785893
0.200 -1.392904
0.210 -5.737076
0.220 3.030187
0.230 -3.353599
0.240 -9.547439
0.250 -1.965476
0.260 -0.969080
0.270 10.217003
0.280 5.435188
0.290 -1.691956
0.300 5.457090
0.310 5.895824
0.320 1.893102
0.330 7.525584
0.340 15.291792
0.350 -13.602522
0.360 -7.726891
0.370 10.945375
0.380 -4.425727
0.390 15.682133
0.400 -3.665903
0.410 0.345433
0.420 -3.357936
0.430 5.514091
0.440 -10.352883
0.450 9.519282
0.460 6.382377
0.470 6.699003
0.480 -10.323401
0.490 -4.742659
0.500 2.588185
0.510 -7.199880
0.520 -8.629359
0.530 -5.895581
0.540 0.868031
0.550 16.936436
0.560 9.591445
0.570 14.870911
0.580 14.846458
0.590 -2.189996
0.600 10.369490
0.610 -10.443565
0.620 -2.065331
0.630 15.357545
0.640 0.675827
0.650 7.191379
0.660 -1.462838
0.670 -1.222360
0.680 6.443620
0.690 4.139774
0.700 8.583978
0.710 1.958854
0.720 -5.697098
0.730 4.631404
0.740 4.547849
0.750 -4.079800
0.760 -12.575944
0.770 -14.788069
0.780 6.083124
0.790 2.101242
0.800 -6.412439
0.810 -6.728324
0.820 9.496138
0.830 16.226407
0.840 16.463891
0.850 -5.624780
0.860 11.701546
0.870 -4.802541
0.880 -19.958828
0.890 6.764615
0.900 18.590372
0.910 -8.487862
0.920 -4.691430
0.930 3.921929
0.940 -3.140206
0.950 2.947725
0.960 14.202227
0.970 3.978821
0.980 5.355682
0.990 12.372634
