0.000 -0.222895
0.010 -3.178789
0.020 -2.057432
0.030 -15.640161
0.040 4.941107
0.050 14.597468
0.060 5.442437
0.070 -7.360208
0.080 4.159862
0.090 -3.670725
0.100 -11.870108
0.110 -8.092054
0.120 6.015133
0.130 5.967833
0.140 -6.942285
0.150 -11.041758
0.160 -0.863489
0.170 3.279664
0.180 -6.942350
0.190 0.171917
0.200 3.511693
0.210 -17.934183
0.220 9.522224
0.230 14.866057
0.240 6.008371
0.250 -6.121345
0.260 5.122349
0.270 -0.536014
0.280 -2.240165
0.290 0.742942
0.300 8.021472
0.310 3.455622
0.320 0.988021
0.330 12.274400
0.340 14.566391
0.350 -3.917440
0.360 1.284296
0.370 10.468888
0.380 -7.534097
0.390 -13.385192
0.400 2.642785
0.410 -7.747208
0.420 0.794351
0.430 -6.776382
0.440 -20.832592
0.450 10.433651
0.460 3.619679
0.470 8.357378
0.480 5.511425
0.490 8.311744
0.500 3.611418
0.510 20.312258
0.520 2.853101
0.530 10.425052
0.540 7.399891
0.550 -1.330249
0.560 7.525599
0.570 3.064801
0.580 -0.131378
0.590 10.515290
0.600 4.775583
0.610 -4.727310
0.620 -12.590339
0.630 5.593077
0.640 0.842529
0.650 -2.153218
0.660 1.794554
0.670 -3.711455
0.680 -1.161374
0.690 -5.982496
0.700 13.642020
0.710 0.526150
0.720 -0.335766
0.730 -3.560606
0.740 -5.949616
0.750 -7.327027
0.760 5.290327
0.770 6.575399
0.780 -14.275320
0.790 -2.149105
0.800 3.528483
0.810 -7.339625
0.820 2.951803
0.830 -9.784822
0.840 -2.606895
0.850 -11.489538
0.860 0.649919
0.870 5.023851
0.880 1.106128
0.890 -2.783883
0.900 2.080711
0.910 6.595453
0.920 17.193520
0.930 -15.953160
0.940 5.210287
0.950 -1.661408
0.960 -0.452834
0.970 -4.199428
0.980 -5.658021
0.990 1.913302
