0.000 5.508650
0.010 1.956009
0.020 -5.611307
0.030 -0.956670
0.040 10.210554
0.050 -0.205965
0.060 1.330071
0.070 -8.413373
0.080 1.692330
0.090 -21.497107
0.100 7.610782
0.110 7.456359
0.120 -6.422716
0.130 7.984139
0.140 -10.780832
0.150 5.301653
0.160 7.355026
0.170 -4.805631
0.180 -11.616647
0.190 -6.474907
0.200 -6.242722
0.210 -3.203541
0.220 5.667479
0.230 4.835178
0.240 -4.536819
0.250 11.546872
0.260 -3.384563
0.270 0.835020
0.280 -7.502561
0.290 15.685369
0.300 -3.843079
0.310 8.952903
0.320 8.850200
0.330 -4.294190
0.340 1.245147
0.350 -12.612561
0.360 -1.326699
0.370 1.302271
0.380 10.090641
0.390 2.633147
0.400 -1.310171
0.410 -5.859077
0.420 -1.428934
0.430 5.364874
0.440 0.803649
0.450 -5.033804
0.460 -1.980527
0.470 6.614659
0.480 -0.156396
0.490 4.791120
0.500 -6.543172
0.510 0.696006
0.520 6.983215
0.530 -3.060923
0.540 3.934141
0.550 13.111183
0.560 13.075033
0.570 -3.715506
0.580 -8.052399
0.590 -4.617058
0.600 3.200174
0.610 3.540320
0.620 6.865808
0.630 -5.437723
0.640 2.011470
0.650 11.712159
0.660 0.795566
0.670 8.627877
0.680 -5.575774
0.690 -5.749994
0.700 6.554794
0.710 6.392621
0.720 3.874130
0.730 -1.269304
0.740 7.036062
0.750 -7.885458
0.760 5.469678
0.770 -1.973888
0.780 -8.260869
0.790 5.292343
0.800 -14.735471
0.810 0.390689
0.820 -5.733896
0.830 1.093193
0.840 8.678833
0.850 4.312726
0.860 0.601047
0.870 7.599406
0.880 2.630233
0.890 -5.280544
0.900 -4.583976
0.910 11.483040
0.920 -7.949213
0.930 10.380319
0.940 -5.507706
0.950 3.278627
0.960 7.132707
0.970 5.012956
0.980 1.341062
0.990 9.643206
