0.000 -1.776181
0.010 -4.091905
0.020 4.726821
0.030 7.574136
0.040 3.501193
0.050 0.041213
0.060 -7.680805
0.070 -7.290487
0.080 -4.952715
0.090 10.413866
0.100 -11.738046
0.110 12.416849
0.120 1.585228
0.130 -2.725448
0.140 5.304131
0.150 1.849920
0.160 22.895931
0.170 -5.835717
0.180 10.047387
0.190 -0.368895
0.200 -16.956542
0.210 2.090526
0.220 -0.551177
0.230 6.335315
0.240 3.481155
0.250 17.237196
0.260 -3.885420
0.270 -6.628631
0.280 -2.921865
0.290 -2.791998
0.300 11.337428
0.310 -6.555499
0.320 9.230514
0.330 -0.059073
0.340 6.289330
0.350 -2.236986
0.360 7.694795
0.370 12.273667
0.380 -2.239223
0.390 -0.418731
0.400 -0.187232
0.410 10.197276
0.420 12.828170
0.430 -19.402278
0.440 10.845670
0.450 3.597043
0.460 -7.032971
0.470 0.956234
0.480 -2.689796
0.490 8.318166
0.500 8.589757
0.510 2.803155
0.520 17.737749
0.530 -18.427461
0.540 2.177771
0.550 -4.262353
0.560 2.358971
0.570 10.234029
0.580 -12.426214
0.590 4.149229
0.600 -14.123457
0.610 13.793055
0.620 -0.371191
0.630 7.026294
0.640 -2.197003
0.650 -8.636638
0.660 8.958596
0.670 -10.914519
0.680 -13.411154
0.690 -2.727928
0.700 1.359739
0.710 3.939276
0.720 0.214083
0.730 -11.257080
0.740 -13.794505
0.750 -4.510990
0.760 15.834260
0.770 10.707607
0.780 7.211110
0.790 -0.838859
0.800 -10.835430
0.810 7.091203
0.820 -7.858632
0.830 9.427333
0.840 -3.587057
0.850 12.635648
0.860 8.439903
0.870 7.030060
0.880 0.641469
0.890 4.578135
0.900 -0.439838
0.910 -5.884021
0.920 10.481178
0.930 0.591407
0.940 8.514396
0.950 13.862185
0.960 3.198769
0.970 13.571540
0.980 -0.782143
0.990 0.082306
