0.000 10.270976
0.010 3.414274
0.020 -3.203276
0.030 1.302377
0.040 1.431014
0.050 14.856896
0.060 12.809769
0.070 7.100330
0.080 -4.344902
0.090 -1.802928
0.100 6.783577
0.110 -6.323369
0.120 3.214435
0.130 10.489830
0.140 -5.437545
0.150 0.525054
0.160 -2.120719
0.170 3.708596
0.180 15.338705
0.190 -9.166366
0.200 -16.385772
0.210 0.179341
0.220 -8.736257
0.230 11.320522
0.240 -1.168007
0.250 0.140007
0.260 2.128495
0.270 -13.992669
0.280 1.080978
0.290 -0.447545
0.300 1.207196
0.310 5.319924
0.320 12.263393
0.330 2.625768
0.340 8.576685
0.350 2.629666
0.360 4.940863
0.370 -2.087007
0.380 -2.790241
0.390 -2.618504
0.400 -6.010112
0.410 1.655240
0.420 8.936886
0.430 -1.879319
0.440 -13.751920
0.450 -10.519350
0.460 2.331920
0.470 -5.389366
0.480 -23.975762
0.490 -3.590392
0.500 -3.338015
0.510 6.357228
0.520 -1.509101
0.530 4.273630
0.540 1.786787
0.550 -9.759408
0.560 -7.289498
0.570 -3.149882
0.580 -10.705559
0.590 -0.915289
0.600 -0.323750
0.610 -14.440402
0.620 -12.521662
0.630 -10.688984
0.640 1.507303
0.650 -4.390440
0.660 -10.981208
0.670 -7.650409
0.680 12.034291
0.690 -2.669341
0.700 6.519595
0.710 11.581113
0.720 2.286116
0.730 1.736652
0.740 4.019560
0.750 8.010812
0.760 10.252045
0.770 -9.813707
0.780 16.388226
0.790 1.323177
0.800 -3.100132
0.810 -11.428359
0.820 12.725744
0.830 -14.786738
0.840 -0.653558
0.850 4.291714
0.860 7.578541
0.870 6.705856
0.880 6.537263
0.890 -10.110894
0.900 -2.119718
0.910 -8.967151
0.920 8.784055
0.930 -5.098769
0.940 -7.039618
0.950 1.885989
0.960 -9.744791
0.970 -1.989625
0.980 10.141209
0.990 15.875919
