0.000 -6.519178
0.010 -9.551508
0.020 -5.345603
0.030 0.570665
0.040 -2.634887
0.050 7.305075
0.060 -0.740989
0.070 8.703204
0.080 1.708292
0.090 7.198475
0.100 -4.315224
0.110 -8.439172
0.120 10.515101
0.130 8.642652
0.140 2.497967
0.150 5.085355
0.160 -7.245500
0.170 18.553781
0.180 4.725541
0.190 8.583868
0.200 -24.304148
0.210 8.532256
0.220 4.902490
0.230 -15.838309
0.240 0.022520
0.250 -9.160716
0.260 8.477282
0.270 5.279688
0.280 -12.362911
0.290 9.327062
0.300 6.868535
0.310 2.746390
0.320 -8.572479
0.330 -3.022091
0.340 -1.129805
0.350 7.976068
0.360 -7.447001
0.370 2.959071
0.380 -5.402872
0.390 4.178503
0.400 3.130446
0.410 1.388821
0.420 7.022750
0.430 -7.437679
0.440 5.740676
0.450 -0.122129
0.460 -1.096166
0.470 -3.539686
0.480 -2.009995
0.490 -5.295969
0.500 -12.761270
0.510 -2.992592
0.520 7.418348
0.530 15.360423
0.540 -18.351495
0.550 -3.010288
0.560 -12.448056
0.570 5.007881
0.580 9.525335
0.590 5.882290
0.600 -6.753077
0.610 3.262329
0.620 0.826059
0.630 9.769037
0.640 3.455449
0.650 15.067709
0.660 6.649389
0.670 -10.398733
0.680 7.371479
0.690 -6.729065
0.700 -1.755186
0.710 -4.132676
0.720 3.858774
0.730 -4.233171
0.740 -7.213415
0.750 3.030522
0.760 -3.265162
0.770 -15.863515
0.780 -4.497878
0.790 4.319412
0.800 -2.418376
0.810 -2.850849
0.820 -10.124456
0.830 -10.401106
0.840 2.144327
0.850 -6.407784
0.860 14.361944
0.870 7.225566
0.880 -5.561824
0.890 -8.486410
0.900 2.772773
0.910 -5.557100
0.920 14.871652
0.930 13.215270
0.940 11.639180
0.950 0.762149
0.960 10.857794
0.970 0.008397
0.980 -3.625071
0.990 13.887665
