0.000 2.231215
0.010 4.453046
0.020 -1.026960
0.030 -0.067974
0.040 2.296997
0.050 -2.844214
0.060 5.739534
0.070 1.873739
0.080 -8.032602
0.090 -4.115171
0.100 10.310105
0.110 -6.041003
0.120 5.146580
0.130 1.685535
0.140 -2.925921
0.150 5.688880
0.160 4.141163
0.170 -2.855564
0.180 -7.146936
0.190 -14.335453
0.200 -0.743879
0.210 -0.067497
0.220 -8.391099
0.230 7.223256
0.240 5.963610
0.250 0.432153
0.260 -3.418509
0.270 5.323080
0.280 -8.153854
0.290 2.283057
0.300 13.863145
0.310 -0.628280
0.320 -13.777441
0.330 -2.213129
0.340 20.845508
0.350 -3.283492
0.360 -17.379302
0.370 -7.188322
0.380 -3.824303
0.390 -3.305382
0.400 5.869458
0.410 -12.027915
0.420 -15.408759
0.430 11.864514
0.440 0.305276
0.450 -10.023145
0.460 10.534691
0.470 9.971301
0.480 0.264749
0.490 0.195247
0.500 -11.666421
0.510 -0.051320
0.520 -5.512473
0.530 11.981991
0.540 -10.905461
0.550 -10.276166
0.560 2.303898
0.570 2.920688
0.580 11.016284
0.590 7.766011
0.600 2.120732
0.610 -0.958082
0.620 -10.759403
0.630 -1.278435
0.640 -2.279917
0.650 1.100331
0.660 -4.220200
0.670 2.656270
0.680 7.739239
0.690 2.853479
0.700 12.870643
0.710 2.071010
0.720 0.752722
0.730 -0.213407
0.740 -11.877538
0.750 6.728278
0.760 5.393912
0.770 12.486429
0.780 -8.282821
0.790 -1.582606
0.800 -3.467511
0.810 -2.444664
0.820 -1.575734
0.830 -14.602839
0.840 -1.335646
0.850 -6.669803
0.860 -0.577141
0.870 1.324867
0.880 13.731290
0.890 7.226951
0.900 -10.916020
0.910 3.434877
0.920 -1.058657
0.930 -4.838461
0.940 5.677066
0.950 2.559896
0.960 1.886155
0.970 -1.303991
0.980 -7.014143
0.990 0.826579
