0.000 4.153274
0.010 -10.270294
0.020 -4.483216
0.030 -8.632811
0.040 0.990020
0.050 17.679119
0.060 -2.382787
0.070 -6.805982
0.080 11.098075
0.090 7.857801
0.100 -1.059687
0.110 1.956655
0.120 -1.550986
0.130 5.512175
0.140 -6.968068
0.150 4.322111
0.160 -6.688267
0.170 5.072503
0.180 5.476558
0.190 -1.594161
0.200 4.278770
0.210 -2.235559
0.220 -4.503003
0.230 -1.767320
0.240 3.669847
0.250 8.952992
0.260 3.786691
0.270 -3.352252
0.280 13.030405
0.290 7.761740
0.300 -0.963535
0.310 -11.908108
0.320 -1.187934
0.330 -5.919181
0.340 11.329563
0.350 14.078080
0.360 22.424936
0.370 2.332794
0.380 3.867970
0.390 2.043419
0.400 1.567324
0.410 -0.509697
0.420 -4.931075
0.430 -19.179918
0.440 -5.162401
0.450 0.743767
0.460 -1.586552
0.470 -6.627038
0.480 -15.386606
0.490 0.092993
0.500 2.762611
0.510 9.837749
0.520 -0.647974
0.530 -1.944472
0.540 5.263226
0.550 3.636747
0.560 -5.433464
0.570 15.678687
0.580 8.996871
0.590 2.544135
0.600 0.652981
0.610 -11.024970
0.620 -1.209189
0.630 -2.025131
0.640 8.657587
0.650 -4.910559
0.660 -0.341855
0.670 13.488540
0.680 8.492141
0.690 -12.994868
0.700 -2.885149
0.710 9.996235
0.720 -3.354632
0.730 -5.758282
0.740 2.388886
0.750 5.448324
0.760 5.053966
0.770 -2.197448
0.780 -12.002217
0.790 -9.157762
0.800 -4.175149
0.810 12.260313
0.820 4.508278
0.830 -2.176774
0.840 -8.885065
0.850 13.266957
0.860 8.205621
0.870 3.319183
0.880 -6.008045
0.890 0.430077
0.900 4.163217
0.910 -6.683171
0.920 -8.135782
0.930 6.956677
0.940 -5.700855
0.950 -5.695706
0.960 -3.522355
0.970 -13.310789
0.980 5.032039
0.990 3.518946
