0.000 -12.970160
0.010 -11.036718
0.020 -8.403105
0.030 13.853120
0.040 5.786993
0.050 -0.178798
0.060 -2.930422
0.070 18.316554
0.080 2.213687
0.090 7.944607
0.100 7.126906
0.110 -2.613693
0.120 14.375907
0.130 -3.312426
0.140 -12.488360
0.150 15.511501
0.160 -8.077706
0.170 -10.957169
0.180 9.451015
0.190 4.836409
0.200 -1.964781
0.210 -1.752585
0.220 -11.330295
0.230 -16.523077
0.240 -14.446745
0.250 -5.305482
0.260 7.298914
0.270 0.695070
0.280 -19.472463
0.290 -6.992812
0.300 21.276067
0.310 -2.620388
0.320 1.186333
0.330 3.926351
0.340 -1.481619
0.350 0.584714
0.360 -13.018861
0.370 -3.395718
0.380 -10.302275
0.390 -19.791413
0.400 -10.355044
0.410 -0.528081
0.420 7.590075
0.430 -2.241431
0.440 1.477550
0.450 -5.535803
0.460 10.910984
0.470 -5.283773
0.480 0.156765
0.490 -6.850939
0.500 0.382184
0.510 0.390975
0.520 -10.742608
0.530 2.254024
0.540 10.826069
0.550 16.534095
0.560 10.773318
0.570 -2.077866
0.580 11.758883
0.590 8.044782
0.600 -13.473347
0.610 -11.753405
0.620 -13.410679
0.630 6.055763
0.640 -1.493077
0.650 -21.190578
0.660 11.791077
0.670 -1.125697
0.680 2.633277
0.690 1.586464
0.700 21.976548
0.710 -1.364934
0.720 -0.578860
0.730 -11.265554
0.740 -9.348353
0.750 -4.249905
0.760 -11.837326
0.770 4.402686
0.780 -7.772592
0.790 -16.351885
0.800 -1.241854
0.810 7.036869
0.820 6.944921
0.830 9.105517
0.840 -11.058009
0.850 -2.990884
0.860 -1.346611
0.870 -14.944573
0.880 2.026345
0.890 -6.303009
0.900 10.046136
0.910 -5.711268
0.920 -7.593222
0.930 15.910928
0.940 5.742084
0.950 -11.576773
0.960 -7.212779
0.970 7.999387
0.980 -4.513287
0.990 1.347958
