0.000 13.045408
0.010 -6.574250
0.020 5.988497
0.030 1.718635
0.040 0.954313
0.050 8.524818
0.060 -7.883813
0.070 7.098297
0.080 -4.505229
0.090 -6.427705
0.100 -2.165737
0.110 7.984408
0.120 11.141245
0.130 10.065797
0.140 -7.898105
0.150 -4.039433
0.160 -7.255363
0.170 -0.787974
0.180 -2.038374
0.190 -3.928000
0.200 -12.653415
0.210 -4.444084
0.220 -7.256728
0.230 -7.040086
0.240 0.470638
0.250 -6.985691
0.260 16.626716
0.270 -12.157304
0.280 -12.938096
0.290 2.476951
0.300 1.780774
0.310 -2.056218
0.320 -3.129121
0.330 -2.986310
0.340 6.819227
0.350 13.198665
0.360 2.205950
0.370 -0.087866
0.380 9.161281
0.390 7.060527
0.400 7.703132
0.410 13.127962
0.420 -3.120844
0.430 -7.419673
0.440 2.406685
0.450 -14.703940
0.460 -3.372341
0.470 7.421401
0.480 3.338462
0.490 -14.608158
0.500 5.338431
0.510 6.788637
0.520 -0.498597
0.530 -2.697569
0.540 -6.694022
0.550 2.711537
0.560 -4.532720
0.570 1.985631
0.580 4.791010
0.590 -2.197008
0.600 -2.817248
0.610 3.239476
0.620 6.271249
0.630 -2.914757
0.640 4.725022
0.650 -8.735528
0.660 -7.391484
0.670 -1.094362
0.680 -11.196811
0.690 -4.637251
0.700 1.818096
0.710 -3.936591
0.720 -2.325048
0.730 6.320104
0.740 14.541710
0.750 -10.049435
0.760 0.112424
0.770 -20.870062
0.780 -3.156730
0.790 -1.070878
0.800 -15.031873
0.810 4.436661
0.820 6.868016
0.830 -2.133025
0.840 -1.843075
0.850 -12.327036
0.860 9.309709
0.870 9.792175
0.880 -3.697945
0.890 -1.163834
0.900 9.096672
0.910 -10.759803
0.920 7.359150
0.930 0.713403
0.940 -1.452345
0.950 4.196806
0.960 2.742498
0.970 -9.793655
0.980 -1.786437
0.990 4.420203
