0.000 -0.582033
0.010 0.012301
0.020 4.957516
0.030 6.664478
0.040 -5.074209
0.050 -2.907012
0.060 -10.842439
0.070 -0.494431
0.080 3.154877
0.090 6.118882
0.100 -10.087919
0.110 7.912998
0.120 11.679458
0.130 2.891176
0.140 7.205980
0.150 -0.085342
0.160 2.357839
0.170 5.396979
0.180 -5.877676
0.190 4.717068
0.200 -1.881049
0.210 5.366128
0.220 -8.062601
0.230 3.134817
0.240 2.844956
0.250 3.810331
0.260 0.422408
0.270 -10.942376
0.280 -6.255413
0.290 -13.894340
0.300 2.285194
0.310 -2.393474
0.320 -10.298264
0.330 1.565005
0.340 4.748274
0.350 0.234865
0.360 0.360166
0.370 -1.409584
0.380 -4.244341
0.390 2.196178
0.400 7.936755
0.410 -5.254209
0.420 -5.414565
0.430 4.801887
0.440 -0.607553
0.450 8.233235
0.460 0.832519
0.470 -0.061103
0.480 -0.414267
0.490 -12.475842
0.500 2.263104
0.510 -2.553635
0.520 0.438717
0.530 6.585720
0.540 -6.236900
0.550 -3.627141
0.560 -3.215740
0.570 10.234157
0.580 3.384379
0.590 3.510210
0.600 -4.549612
0.610 5.998133
0.620 4.443053
0.630 -2.463076
0.640 -0.328856
0.650 14.294806
0.660 11.673709
0.670 7.573614
0.680 -7.453442
0.690 4.233794
0.700 -2.406665
0.710 5.728520
0.720 2.560270
0.730 3.877132
0.740 10.127186
0.750 -7.247498
0.760 8.986272
0.770 -14.912380
0.780 -6.060507
0.790 -10.412967
0.800 4.422343
0.810 2.265124
0.820 -3.505879
0.830 -6.581807
0.840 -6.106046
0.850 -2.167247
0.860 -14.967317
0.870 0.233788
0.880 -5.229532
0.890 9.838091
0.900 -2.804672
0.910 -0.550547
0.920 -2.671363
0.930 -2.443987
0.940 -8.251093
0.950 5.828272
0.960 -4.764045
0.970 -2.442974
0.980 -1.204682
0.990 8.170633
