0.000 -4.413491
0.010 -12.627415
0.020 3.762298
0.030 13.284543
0.040 2.958233
0.050 2.164850
0.060 -8.629506
0.070 -18.567294
0.080 -7.186733
0.090 8.074795
0.100 10.593972
0.110 -10.187169
0.120 11.943891
0.130 7.065735
0.140 -7.856041
0.150 -3.673605
0.160 -3.032830
0.170 -6.641228
0.180 2.453523
0.190 6.049304
0.200 -8.215259
0.210 -7.701160
0.220 3.067445
0.230 1.461624
0.240 1.328892
0.250 -9.634467
0.260 19.286735
0.270 4.642740
0.280 10.539920
0.290 0.497672
0.300 11.835452
0.310 -2.798419
0.320 -12.229252
0.330 -7.696875
0.340 0.195213
0.350 9.475364
0.360 -1.947036
0.370 1.200393
0.380 7.729271
0.390 -8.416324
0.400 1.881952
0.410 22.803176
0.420 -3.324067
0.430 0.410300
0.440 -0.013761
0.450 18.867015
0.460 -11.190996
0.470 8.195770
0.480 -8.555429
0.490 -4.087382
0.500 -7.129243
0.510 -9.553840
0.520 1.935711
0.530 6.892965
0.540 -11.892180
0.550 4.792656
0.560 4.104915
0.570 -21.954693
0.580 11.910197
0.590 -1.601345
0.600 -8.848781
0.610 -0.602327
0.620 7.870539
0.630 8.933330
0.640 -11.822780
0.650 11.726210
0.660 -11.126287
0.670 -2.602341
0.680 -2.905120
0.690 6.138223
0.700 -0.330743
0.710 -8.956768
0.720 -18.601203
0.730 -0.359926
0.740 2.234445
0.750 5.361130
0.760 -6.819078
0.770 3.457737
0.780 -10.825691
0.790 -17.519992
0.800 -8.719697
0.810 -4.881144
0.820 -7.098661
0.830 3.948205
0.840 -14.870328
0.850 6.199014
0.860 -9.337998
0.870 6.855533
0.880 12.380448
0.890 -12.931294
0.900 12.164682
0.910 -3.788147
0.920 4.750219
0.930 -12.623108
0.940 7.897111
0.950 -8.868323
0.960 -0.349860
0.970 -3.235794
0.980 -1.089816
0.990 -1.012429
