0.000 1.922652
0.010 10.653280
0.020 15.479659
0.030 6.786107
0.040 9.207457
0.050 -10.037376
0.060 1.085674
0.070 0.992707
0.080 7.652052
0.090 12.336219
0.100 15.775067
0.110 10.205083
0.120 5.400245
0.130 -8.599404
0.140 5.131584
0.150 1.650848
0.160 0.843526
0.170 -5.028357
0.180 0.598425
0.190 16.237023
0.200 -7.446297
0.210 5.559731
0.220 16.131633
0.230 -4.663314
0.240 17.075906
0.250 16.292470
0.260 -3.835245
0.270 -4.220136
0.280 13.130519
0.290 2.186503
0.300 9.043192
0.310 -20.881559
0.320 1.158217
0.330 -8.036371
0.340 0.969635
0.350 -2.632236
0.360 4.504927
0.370 -0.357911
0.380 -11.295815
0.390 -1.314952
0.400 17.196519
0.410 -3.974796
0.420 -2.836426
0.430 4.798335
0.440 -1.497078
0.450 1.699670
0.460 -4.476625
0.470 -12.063616
0.480 -12.967907
0.490 -3.013330
0.500 -8.087539
0.510 -1.111744
0.520 0.894715
0.530 4.307761
0.540 -7.265505
0.550 -7.872384
0.560 14.656413
0.570 1.745328
0.580 -2.094218
0.590 11.719165
0.600 7.063597
0.610 -5.763402
0.620 4.586582
0.630 -6.936421
0.640 -19.042308
0.650 7.547060
0.660 7.117291
0.670 -11.027179
0.680 5.256503
0.690 1.391308
0.700 -5.748311
0.710 -14.136485
0.720 5.471353
0.730 -3.457739
0.740 -12.796743
0.750 -9.281667
0.760 -5.088288
0.770 -6.123434
0.780 4.970839
0.790 4.430220
0.800 4.577094
0.810 2.938296
0.820 8.088634
0.830 1.832960
0.840 2.884669
0.850 -5.558999
0.860 9.478884
0.870 8.155590
0.880 -1.133489
0.890 -9.578359
0.900 5.601267
0.910 -3.557758
0.920 4.824176
0.930 4.194634
0.940 7.330692
0.950 12.626448
0.960 -13.132202
0.970 -1.706835
0.980 -2.319538
0.990 -8.956603
