0.000 6.774991
0.010 6.625473
0.020 5.442280
0.030 -10.383811
0.040 9.678507
0.050 -7.465748
0.060 8.800709
0.070 4.997029
0.080 -12.812434
0.090 9.944549
0.100 -5.212836
0.110 -2.500449
0.120 -15.403745
0.130 -3.861648
0.140 3.029651
0.150 -2.018049
0.160 0.950763
0.170 -3.285405
0.180 -1.062260
0.190 0.508800
0.200 3.644366
0.210 -1.655692
0.220 -4.367028
0.230 -9.907452
0.240 -3.617550
0.250 -18.456411
0.260 -0.689842
0.270 -5.839695
0.280 7.107886
0.290 13.563831
0.300 -0.053607
0.310 -3.460324
0.320 4.042985
0.330 10.861365
0.340 1.646014
0.350 -7.703557
0.360 -4.669268
0.370 1.888987
0.380 5.381722
0.390 -11.085094
0.400 9.899817
0.410 -6.831857
0.420 -23.529193
0.430 -15.135226
0.440 4.060462
0.450 6.862437
0.460 7.811432
0.470 7.647169
0.480 11.813453
0.490 5.978670
0.500 -10.278438
0.510 -2.264950
0.520 2.097374
0.530 -11.428535
0.540 -9.997459
0.550 2.798828
0.560 2.236013
0.570 -0.667273
0.580 -0.754775
0.590 -5.777491
0.600 10.450926
0.610 -3.690063
0.620 -3.310676
0.630 -4.956061
0.640 -6.813874
0.650 -2.072200
0.660 17.912269
0.670 7.029372
0.680 -15.067793
0.690 -8.646903
0.700 17.155496
0.710 -4.384007
0.720 12.102601
0.730 6.378129
0.740 -12.331021
0.750 -0.748602
0.760 21.974039
0.770 -0.813408
0.780 2.149481
0.790 -3.146177
0.800 -15.683340
0.810 5.363168
0.820 5.852583
0.830 -9.810444
0.840 -9.380953
0.850 -0.647721
0.860 1.573162
0.870 6.472631
0.880 -4.448502
0.890 10.108198
0.900 -11.268914
0.910 -8.915055
0.920 -9.048260
0.930 -0.496624
0.940 4.969265
0.950 -3.654035
0.960 0.646795
0.970 -13.722074
0.980 -9.286245
0.990 -1.906895
