0.000 -8.002547
0.010 16.492182
0.020 -3.513359
0.030 -16.252676
0.040 12.700841
0.050 -7.273357
0.060 -9.660530
0.070 -0.169951
0.080 -1.748538
0.090 -1.085871
0.100 2.135415
0.110 -7.123876
0.120 -4.712808
0.130 1.040830
0.140 5.317968
0.150 -0.223148
0.160 -0.933607
0.170 -6.539494
0.180 4.642637
0.190 -23.377300
0.200 1.610607
0.210 -2.537263
0.220 -1.658576
0.230 18.154534
0.240 -11.189915
0.250 -6.311722
0.260 -1.736938
0.270 6.611441
0.280 -7.452046
0.290 2.111891
0.300 -16.629335
0.310 15.500110
0.320 8.142109
0.330 3.258635
0.340 5.725579
0.350 -7.950955
0.360 5.339039
0.370 -6.503880
0.380 -10.433078
0.390 8.692012
0.400 12.175143
0.410 3.961592
0.420 -9.123899
0.430 -4.709629
0.440 -9.428355
0.450 1.235581
0.460 -0.014057
0.470 -2.792597
0.480 -0.043025
0.490 -5.659330
0.500 -18.615059
0.510 -4.435793
0.520 -13.684631
0.530 -2.604050
0.540 -0.418310
0.550 3.593805
0.560 -0.414631
0.570 12.732423
0.580 0.424869
0.590 -1.972011
0.600 -0.385876
0.610 -4.768956
0.620 4.471606
0.630 -2.197985
0.640 -0.767981
0.650 -17.469076
0.660 2.101160
0.670 5.582810
0.680 19.425488
0.690 6.620613
0.700 -6.126210
0.710 0.068064
0.720 1.997537
0.730 5.751263
0.740 9.715916
0.750 -5.999569
0.760 -0.017020
0.770 3.948512
0.780 -0.545054
0.790 -0.986571
0.800 -7.871544
0.810 3.147572
0.820 17.573751
0.830 -4.026683
0.840 -11.206183
0.850 3.087326
0.860 -0.510205
0.870 -8.227047
0.880 -3.069475
0.890 2.119692
0.900 -6.728087
0.910 -2.517712
0.920 1.270743
0.930 -11.854633
0.940 -6.197749
0.950 4.937220
0.960 2.094033
0.970 -8.318565
0.980 -2.920567
0.990 17.766425
