0.000 -6.277919
0.010 -6.786683
0.020 -5.170106
0.030 2.107304
0.040 7.358620
0.050 1.782080
0.060 4.184154
0.070 -0.554024
0.080 0.301640
0.090 1.581310
0.100 -9.937305
0.110 0.738601
0.120 -13.476300
0.130 6.958937
0.140 11.311892
0.150 -7.735093
0.160 12.128335
0.170 -9.330096
0.180 -4.458166
0.190 4.257545
0.200 -7.220427
0.210 -3.372870
0.220 8.231813
0.230 3.656188
0.240 -0.937432
0.250 -8.410435
0.260 9.064449
0.270 -3.423259
0.280 1.619658
0.290 5.050939
0.300 2.732361
0.310 4.408471
0.320 14.174865
0.330 6.542060
0.340 -2.001404
0.350 -14.027113
0.360 8.989318
0.370 0.733453
0.380 -9.622070
0.390 -1.706480
0.400 12.599358
0.410 -12.426880
0.420 -3.127921
0.430 7.464153
0.440 9.850496
0.450 -4.535073
0.460 -5.605939
0.470 6.079388
0.480 -3.140247
0.490 -2.806558
0.500 7.504719
0.510 9.082826
0.520 -8.437833
0.530 18.751831
0.540 4.314993
0.550 0.174483
0.560 3.978264
0.570 -8.363059
0.580 -8.111399
0.590 -3.669264
0.600 9.780198
0.610 -5.608051
0.620 12.878568
0.630 8.108679
0.640 2.860681
0.650 15.610037
0.660 5.440891
0.670 -10.931555
0.680 -0.348429
0.690 6.875265
0.700 -4.914917
0.710 -9.549558
0.720 -2.497525
0.730 -1.207287
0.740 -8.410567
0.750 3.158126
0.760 -0.281073
0.770 -3.325504
0.780 1.589757
0.790 7.599231
0.800 -16.293475
0.810 -0.587847
0.820 0.129910
0.830 -0.602576
0.840 1.765479
0.850 14.550045
0.860 -23.038515
0.870 3.944584
0.880 -4.991154
0.890 -6.444191
0.900 18.303974
0.910 -15.647984
0.920 -9.669547
0.930 -0.122316
0.940 3.610475
0.950 -1.853852
0.960 -16.380127
0.970 6.196321
0.980 2.836307
0.990 1.690971
