0.000 -0.971995
0.010 -3.360888
0.020 2.108667
0.030 -0.063830
0.040 6.944763
0.050 11.958695
0.060 -5.540710
0.070 -0.237499
0.080 7.611405
0.090 -11.963165
0.100 -7.351621
0.110 -3.774099
0.120 27.772631
0.130 -5.940140
0.140 6.412857
0.150 3.244678
0.160 -3.474450
0.170 10.282427
0.180 -4.295199
0.190 -2.469416
0.200 8.191665
0.210 -7.497603
0.220 -4.531054
0.230 -7.770850
0.240 4.032235
0.250 9.013867
0.260 2.211471
0.270 -15.324428
0.280 -4.036257
0.290 -4.894927
0.300 -2.192472
0.310 0.281762
0.320 5.274891
0.330 4.884594
0.340 9.724290
0.350 -18.932015
0.360 -7.597800
0.370 2.844414
0.380 4.584030
0.390 2.682521
0.400 3.286281
0.410 5.556357
0.420 -4.987228
0.430 13.645644
0.440 -3.614648
0.450 -8.613166
0.460 -14.900470
0.470 -8.346698
0.480 1.439062
0.490 -10.353752
0.500 7.589106
0.510 -3.549484
0.520 1.512703
0.530 7.760132
0.540 -5.044955
0.550 -0.966375
0.560 -2.328435
0.570 -3.236373
0.580 1.740371
0.590 -8.231514
0.600 3.758556
0.610 -10.938469
0.620 0.077516
0.630 -3.787176
0.640 0.210916
0.650 16.389263
0.660 2.948323
0.670 10.089155
0.680 3.951071
0.690 9.697902
0.700 1.069961
0.710 4.212798
0.720 6.846085
0.730 2.998385
0.740 8.333836
0.750 -7.560520
0.760 2.593560
0.770 -4.837104
0.780 2.616088
0.790 4.308671
0.800 4.721774
0.810 12.906131
0.820 9.336285
0.830 9.368285
0.840 -5.985863
0.850 1.690335
0.860 -2.321842
0.870 -0.323882
0.880 -8.046544
0.890 6.939400
0.900 2.505659
0.910 -3.311300
0.920 -5.512113
0.930 3.966672
0.940 -9.041466
0.950 0.401474
0.960 -5.967157
0.970 -4.484466
0.980 5.013620
0.990 -8.491841
