0.000 -3.757087
0.010 7.532614
0.020 9.075403
0.030 -9.517525
0.040 -3.557665
0.050 -12.970089
0.060 0.713566
0.070 -2.962647
0.080 -1.378328
0.090 -12.818398
0.100 0.771953
0.110 1.919800
0.120 -7.762885
0.130 -4.537564
0.140 -14.431825
0.150 -6.251027
0.160 9.749441
0.170 5.312107
0.180 -13.148624
0.190 -1.788574
0.200 -3.211629
0.210 6.148131
0.220 2.883299
0.230 -2.359075
0.240 -14.218639
0.250 -1.396749
0.260 -3.612719
0.270 2.118097
0.280 -7.064336
0.290 -19.226298
0.300 -18.385780
0.310 -5.516655
0.320 -6.967302
0.330 -6.219389
0.340 20.897526
0.350 -3.855245
0.360 3.187689
0.370 9.482252
0.380 10.926394
0.390 -4.054923
0.400 -1.771407
0.410 0.224760
0.420 0.421688
0.430 -14.646299
0.440 4.944640
0.450 1.021824
0.460 6.804161
0.470 -0.536334
0.480 10.248124
0.490 1.338418
0.500 -17.661426
0.510 -7.366054
0.520 8.269538
0.530 -14.958808
0.540 -4.068935
0.550 -10.452024
0.560 5.905104
0.570 11.211158
0.580 -3.221913
0.590 -11.866245
0.600 6.828577
0.610 -6.119693
0.620 13.627007
0.630 -5.102745
0.640 10.188134
0.650 -1.851603
0.660 4.497455
0.670 -2.297413
0.680 -3.923742
0.690 -8.303998
0.700 6.650443
0.710 2.389269
0.720 -15.279395
0.730 1.495386
0.740 1.860254
0.750 -2.178609
0.760 -5.391123
0.770 -7.124765
0.780 -15.377431
0.790 7.245383
0.800 0.037880
0.810 -1.465988
0.820 -12.965168
0.830 5.227971
0.840 -11.827463
0.850 -10.525471
0.860 -6.097668
0.870 9.930366
0.880 -5.204646
0.890 3.186832
0.900 1.797186
0.910 -3.042103
0.920 3.696630
0.930 -2.674072
0.940 3.451909
0.950 7.231886
0.960 15.574362
0.970 11.114261
0.980 5.112249
0.990 -10.131822
