0.000 4.001298
0.010 3.730712
0.020 -2.854997
0.030 -8.996332
0.040 5.888232
0.050 -5.138860
0.060 -7.463004
0.070 11.181727
0.080 -7.416469
0.090 4.655077
0.100 19.993410
0.110 -0.461042
0.120 6.825702
0.130 -3.726224
0.140 7.521653
0.150 -5.097068
0.160 -13.493570
0.170 -0.828708
0.180 2.953533
0.190 6.873609
0.200 -0.270281
0.210 12.158360
0.220 -1.985708
0.230 -2.804579
0.240 -6.875781
0.250 3.060808
0.260 -5.806419
0.270 -6.539953
0.280 -11.049411
0.290 -8.177949
0.300 3.297961
0.310 -8.467575
0.320 -15.308593
0.330 -1.005582
0.340 -5.905799
0.350 4.800583
0.360 14.035095
0.370 -6.264326
0.380 -9.510408
0.390 -0.218710
0.400 -5.471102
0.410 5.907241
0.420 -8.593697
0.430 -7.913667
0.440 0.548944
0.450 -9.341291
0.460 -1.298200
0.470 -10.375161
0.480 0.676640
0.490 -10.754828
0.500 1.876761
0.510 -13.202629
0.520 -2.973593
0.530 -4.221526
0.540 -4.079035
0.550 9.001808
0.560 -5.263096
0.570 2.135000
0.580 0.857187
0.590 -1.646627
0.600 12.314251
0.610 -1.970665
0.620 7.117372
0.630 14.718532
0.640 -3.077877
0.650 -5.470343
0.660 -7.262799
0.670 -7.047733
0.680 7.194400
0.690 -16.928451
0.700 7.210783
0.710 -13.033703
0.720 -14.281578
0.730 -5.243965
0.740 2.292370
0.750 -6.956982
0.760 -4.097050
0.770 11.969412
0.780 -11.541620
0.790 -4.870644
0.800 20.074762
0.810 -7.525657
0.820 -2.932995
0.830 -4.617724
0.840 -11.877033
0.850 10.137289
0.860 3.367586
0.870 -4.414905
0.880 12.756779
0.890 9.797020
0.900 -1.890279
0.910 0.462934
0.920 -23.406333
0.930 2.173660
0.940 1.720615
0.950 -1.384162
0.960 0.350201
0.970 1.665289
0.980 5.001834
0.990 14.291868
