0.000 7.603983
0.010 4.181855
0.020 -1.279311
0.030 13.848432
0.040 8.900161
0.050 1.062897
0.060 -2.173265
0.070 -3.360915
0.080 1.043459
0.090 6.365541
0.100 -3.344972
0.110 -1.840135
0.120 -1.749061
0.130 3.483583
0.140 0.873900
0.150 2.152207
0.160 -9.597033
0.170 -5.373056
0.180 2.089320
0.190 12.294209
0.200 -3.306264
0.210 -0.698022
0.220 3.668440
0.230 -0.605181
0.240 2.349447
0.250 2.643023
0.260 -11.552244
0.270 -5.227398
0.280 -0.358430
0.290 -8.948448
0.300 -4.328576
0.310 1.606033
0.320 -8.992179
0.330 -5.165540
0.340 -11.349575
0.350 2.865809
0.360 0.854092
0.370 1.086738
0.380 -1.333718
0.390 -13.298014
0.400 -1.673529
0.410 8.095778
0.420 -8.838823
0.430 2.212940
0.440 -4.277311
0.450 -3.342697
0.460 1.141457
0.470 -0.796361
0.480 2.149872
0.490 -2.219858
0.500 8.440303
0.510 -8.978326
0.520 -13.908082
0.530 -18.007816
0.540 3.243994
0.550 -8.115138
0.560 -7.847043
0.570 -2.514527
0.580 -6.407175
0.590 -19.413759
0.600 11.845059
0.610 17.185736
0.620 6.863219
0.630 -19.334256
0.640 0.932458
0.650 11.589408
0.660 0.704219
0.670 -11.216022
0.680 3.849896
0.690 14.167355
0.700 -6.890951
0.710 2.547965
0.720 -1.081147
0.730 7.851278
0.740 11.539677
0.750 -5.744410
0.760 5.216788
0.770 3.649397
0.780 -1.929732
0.790 -2.303901
0.800 -5.118677
0.810 10.883886
0.820 -1.887707
0.830 11.056553
0.840 3.715609
0.850 -15.865393
0.860 10.879383
0.870 -3.988689
0.880 0.089157
0.890 7.000857
0.900 2.110600
0.910 -3.361448
0.920 3.301306
0.930 1.807719
0.940 -1.901870
0.950 -11.394877
0.960 2.172951
0.970 0.205126
0.980 3.033402
0.990 -1.661488
