0.000 -1.285254
0.010 -7.126739
0.020 6.192917
0.030 3.840780
0.040 -6.240299
0.050 1.938131
0.060 -3.015156
0.070 -2.084375
0.080 2.854034
0.090 1.396870
0.100 -8.248871
0.110 5.504356
0.120 7.168147
0.130 -12.520919
0.140 -2.765496
0.150 -3.702014
0.160 -2.001093
0.170 -11.489403
0.180 7.634014
0.190 1.988787
0.200 1.190333
0.210 9.544579
0.220 7.255889
0.230 -5.668018
0.240 -0.242030
0.250 -0.097394
0.260 8.099867
0.270 3.685772
0.280 -9.237374
0.290 5.015554
0.300 -0.175181
0.310 2.396479
0.320 -4.561054
0.330 7.626135
0.340 -1.197827
0.350 -3.759015
0.360 0.868946
0.370 10.612235
0.380 4.117324
0.390 -8.961598
0.400 -3.789465
0.410 -9.321397
0.420 -14.504251
0.430 0.242254
0.440 10.215243
0.450 4.466611
0.460 0.670705
0.470 -2.434591
0.480 0.360428
0.490 0.514700
0.500 -3.710214
0.510 -0.736188
0.520 -6.249981
0.530 12.240189
0.540 -9.605166
0.550 5.896992
0.560 14.545350
0.570 -2.525749
0.580 7.049756
0.590 16.832018
0.600 -9.659133
0.610 -23.576262
0.620 -0.850484
0.630 7.943702
0.640 -0.378263
0.650 2.527989
0.660 -1.669769
0.670 3.686748
0.680 -4.394665
0.690 2.383648
0.700 -0.718151
0.710 4.137916
0.720 5.826726
0.730 -3.029745
0.740 2.420387
0.750 -2.793516
0.760 -10.690084
0.770 18.182784
0.780 -6.762930
0.790 -5.329052
0.800 -3.941057
0.810 -6.977504
0.820 8.274680
0.830 -7.191980
0.840 -6.016072
0.850 -10.989443
0.860 2.230056
0.870 10.315318
0.880 -6.469499
0.890 -5.864236
0.900 -1.036043
0.910 7.919443
0.920 6.921847
0.930 -4.399212
0.940 6.977606
0.950 1.740077
0.960 -3.579512
0.970 -8.803547
0.980 -7.440906
0.990 2.693002
