0.000 10.488558
0.010 -1.899002
0.020 -1.474121
0.030 13.138213
0.040 2.309441
0.050 4.681652
0.060 7.159686
0.070 7.585585
0.080 -13.178739
0.090 -1.477989
0.100 14.409706
0.110 -3.465564
0.120 3.182779
0.130 15.656818
0.140 13.443021
0.150 7.983685
0.160 17.026720
0.170 -8.394138
0.180 9.743848
0.190 -5.270722
0.200 -1.270751
0.210 2.257260
0.220 -10.355595
0.230 -15.673718
0.240 12.116107
0.250 -1.515239
0.260 -2.962010
0.270 -1.769809
0.280 -9.086435
0.290 -7.152547
0.300 1.041516
0.310 -6.229318
0.320 9.008144
0.330 14.811748
0.340 -0.433041
0.350 2.250844
0.360 2.201170
0.370 -1.452311
0.380 -0.584550
0.390 -8.673347
0.400 -2.363312
0.410 5.543853
0.420 -3.396684
0.430 -9.939555
0.440 -10.999372
0.450 10.793176
0.460 -4.512861
0.470 -17.997138
0.480 -2.567300
0.490 6.572223
0.500 4.382503
0.510 6.646315
0.520 2.243796
0.530 -4.381810
0.540 9.686469
0.550 -8.062293
0.560 5.459964
0.570 2.999943
0.580 7.965714
0.590 3.499905
0.600 -0.036014
0.610 -10.196608
0.620 4.919887
0.630 2.937830
0.640 1.025082
0.650 -7.594662
0.660 -9.103663
0.670 10.435092
0.680 3.278804
0.690 1.654003
0.700 7.257391
0.710 10.005297
0.720 -1.103867
0.730 0.444930
0.740 4.758965
0.750 -6.743271
0.760 4.158670
0.770 0.112686
0.780 1.244899
0.790 -4.266721
0.800 12.451796
0.810 -8.668970
0.820 -1.950437
0.830 5.824839
0.840 -1.154739
0.850 -14.162437
0.860 -10.474303
0.870 -13.574033
0.880 1.378815
0.890 8.703260
0.900 5.643731
0.910 -7.405621
0.920 10.351013
0.930 -6.863913
0.940 -16.678156
0.950 -8.457152
0.960 -2.848880
0.970 8.133568
0.980 14.283357
0.990 12.328309
