0.000 -14.519333
0.010 -0.679362
0.020 13.077891
0.030 4.811568
0.040 -5.273956
0.050 -5.942711
0.060 3.762587
0.070 -5.332115
0.080 3.970608
0.090 -14.077233
0.100 3.995018
0.110 -17.147502
0.120 -2.540657
0.130 -1.876037
0.140 -16.043597
0.150 -0.069754
0.160 2.160521
0.170 -5.764789
0.180 -0.533212
0.190 6.471809
0.200 -6.370587
0.210 -3.957961
0.220 2.357784
0.230 18.816147
0.240 -0.308923
0.250 1.559347
0.260 -15.069376
0.270 6.420130
0.280 1.897873
0.290 8.577827
0.300 -3.955603
0.310 5.012029
0.320 1.426813
0.330 6.201919
0.340 -4.452466
0.350 10.539217
0.360 -0.087734
0.370 -1.582175
0.380 -2.191726
0.390 -4.464094
0.400 -9.277918
0.410 -0.141743
0.420 16.012400
0.430 9.037056
0.440 -6.880804
0.450 15.177695
0.460 12.557187
0.470 5.102526
0.480 10.400992
0.490 2.957517
0.500 -0.945058
0.510 10.617713
0.520 8.405545
0.530 10.991553
0.540 -12.214401
0.550 -10.901091
0.560 -5.735582
0.570 16.169971
0.580 -19.120032
0.590 -0.558108
0.600 2.359242
0.610 -3.806668
0.620 -5.755010
0.630 -7.973973
0.640 -0.192565
0.650 17.965435
0.660 -1.159974
0.670 12.296070
0.680 -19.516056
0.690 15.517143
0.700 3.150017
0.710 4.082259
0.720 9.496102
0.730 7.591160
0.740 -13.929691
0.750 -0.897338
0.760 -1.829892
0.770 0.854732
0.780 4.292261
0.790 -2.798069
0.800 4.053310
0.810 -8.029599
0.820 11.438184
0.830 6.104418
0.840 2.496695
0.850 4.412695
0.860 -13.073263
0.870 -5.877596
0.880 -0.743199
0.890 2.913228
0.900 -6.170110
0.910 -8.128091
0.920 16.740737
0.930 -2.491622
0.940 4.356469
0.950 1.838173
0.960 15.111067
0.970 -0.372273
0.980 4.725852
0.990 -12.400458
