0.000 -3.142099
0.010 -3.995113
0.020 -3.347254
0.030 5.208587
0.040 -3.596563
0.050 -7.496837
0.060 -15.587219
0.070 3.866220
0.080 -3.314979
0.090 -3.280025
0.100 1.931736
0.110 1.460225
0.120 -6.238167
0.130 0.274685
0.140 5.988939
0.150 -3.995608
0.160 4.973343
0.170 13.937209
0.180 -4.857429
0.190 3.702140
0.200 6.354927
0.210 7.000065
0.220 7.819201
0.230 6.262052
0.240 -8.285350
0.250 0.472196
0.260 -6.910277
0.270 -8.668029
0.280 2.078278
0.290 3.974407
0.300 5.486443
0.310 -8.433636
0.320 -6.660377
0.330 -6.933273
0.340 -3.047503
0.350 -13.093426
0.360 2.968531
0.370 -7.415034
0.380 2.906062
0.390 -9.009079
0.400 4.355174
0.410 -5.270749
0.420 -2.360393
0.430 0.501928
0.440 -0.385459
0.450 10.535869
0.460 -11.371386
0.470 9.984146
0.480 -13.646833
0.490 0.426796
0.500 10.214200
0.510 -16.057259
0.520 8.365451
0.530 4.413537
0.540 2.958331
0.550 -9.219158
0.560 8.466104
0.570 -2.425860
0.580 -11.369052
0.590 -10.107950
0.600 -2.785210
0.610 -10.240420
0.620 -1.074349
0.630 -6.662389
0.640 -2.116238
0.650 -1.701621
0.660 8.686438
0.670 3.723102
0.680 6.770970
0.690 -3.343500
0.700 -3.614857
0.710 -5.900007
0.720 -5.999078
0.730 -13.202159
0.740 12.919699
0.750 10.255691
0.760 11.851603
0.770 1.312040
0.780 8.223311
0.790 0.225835
0.800 -1.717449
0.810 2.734158
0.820 -13.816112
0.830 -6.317171
0.840 -8.782726
0.850 -2.062079
0.860 -4.719268
0.870 6.487686
0.880 -3.644771
0.890 7.243640
0.900 -6.437459
0.910 -9.533302
0.920 -1.551992
0.930 -5.639998
0.940 16.479800
0.950 0.208613
0.960 -4.204004
0.970 -7.998418
0.980 5.599570
0.990 15.493469
