0.000 -7.142893
0.010 10.175761
0.020 -3.056632
0.030 2.684909
0.040 1.965833
0.050 2.034405
0.060 -13.689502
0.070 17.858330
0.080 5.013566
0.090 -10.101927
0.100 -9.286916
0.110 16.474856
0.120 -8.960239
0.130 -6.461517
0.140 -4.881536
0.150 -3.836292
0.160 13.799255
0.170 -12.543485
0.180 -4.804952
0.190 7.686503
0.200 -14.787950
0.210 -12.958464
0.220 -6.226505
0.230 -5.578328
0.240 11.917291
0.250 -6.386542
0.260 -9.123990
0.270 5.186310
0.280 1.202652
0.290 -2.850137
0.300 -13.326765
0.310 0.204269
0.320 -9.433203
0.330 -2.629988
0.340 -9.403223
0.350 -9.520679
0.360 -5.525756
0.370 -2.212716
0.380 0.411730
0.390 -11.144842
0.400 -7.289967
0.410 3.472819
0.420 4.054604
0.430 -3.472173
0.440 3.716608
0.450 -1.744023
0.460 11.841819
0.470 -6.930290
0.480 -2.559170
0.490 0.024536
0.500 -8.110792
0.510 12.197964
0.520 -9.249733
0.530 9.136076
0.540 2.150975
0.550 2.685007
0.560 1.774024
0.570 -23.741405
0.580 -3.791815
0.590 3.684438
0.600 -9.297653
0.610 -6.884488
0.620 -7.056006
0.630 -7.312210
0.640 1.047869
0.650 -11.212568
0.660 -0.548048
0.670 11.170204
0.680 11.727018
0.690 9.063364
0.700 -6.813720
0.710 -9.715071
0.720 -12.998675
0.730 -14.319428
0.740 -3.445652
0.750 8.341502
0.760 2.519880
0.770 3.718135
0.780 3.094643
0.790 12.269679
0.800 -6.611248
0.810 -5.592756
0.820 -14.790077
0.830 19.238442
0.840 -1.452054
0.850 -0.576278
0.860 0.512968
0.870 11.753699
0.880 -11.370136
0.890 7.957525
0.900 9.324151
0.910 -1.917730
0.920 3.252902
0.930 7.779191
0.940 -13.791018
0.950 -10.509148
0.960 7.142883
0.970 10.971236
0.980 -3.889685
0.990 -6.843784
