0.000 2.527945
0.010 1.286552
0.020 -1.795468
0.030 -6.378045
0.040 -2.216650
0.050 14.383841
0.060 -6.262274
0.070 9.308446
0.080 -9.322412
0.090 6.004275
0.100 -10.023169
0.110 -6.199914
0.120 -6.292374
0.130 -5.445004
0.140 0.786532
0.150 9.431618
0.160 -7.729267
0.170 1.376886
0.180 2.306800
0.190 -2.454564
0.200 9.269182
0.210 -9.256984
0.220 -7.336489
0.230 10.355076
0.240 2.713777
0.250 0.253127
0.260 14.113962
0.270 1.500194
0.280 0.553326
0.290 4.494130
0.300 -16.095448
0.310 -2.862671
0.320 7.352524
0.330 6.205517
0.340 10.317225
0.350 -23.202412
0.360 -10.753643
0.370 11.076080
0.380 -4.079391
0.390 11.262506
0.400 8.795549
0.410 1.169063
0.420 0.116734
0.430 9.581728
0.440 -7.084111
0.450 14.500678
0.460 6.349529
0.470 8.129873
0.480 -0.978650
0.490 -0.586266
0.500 -8.683267
0.510 -0.188767
0.520 1.973997
0.530 12.808742
0.540 -17.101242
0.550 -8.553702
0.560 10.197207
0.570 3.791365
0.580 -2.843746
0.590 -8.497279
0.600 -14.124633
0.610 0.786484
0.620 7.480878
0.630 -0.504826
0.640 -8.533663
0.650 0.166431
0.660 -9.440091
0.670 4.453695
0.680 -4.992405
0.690 -5.259875
0.700 -7.821064
0.710 -0.340498
0.720 4.847579
0.730 21.275680
0.740 6.543915
0.750 10.553313
0.760 -18.739758
0.770 3.657094
0.780 -6.234636
0.790 -15.415296
0.800 -9.264263
0.810 -4.470801
0.820 -2.121512
0.830 17.134390
0.840 13.486135
0.850 -9.436197
0.860 4.187693
0.870 -2.154780
0.880 4.081738
0.890 8.205435
0.900 -3.223505
0.910 2.342014
0.920 -1.034154
0.930 -3.288741
0.940 6.523368
0.950 -8.138956
0.960 -0.913941
0.970 1.648955
0.980 7.953794
0.990 -9.180356
