0.000 4.040117
0.010 1.556728
0.020 -14.454399
0.030 -6.787968
0.040 4.047841
0.050 -1.153250
0.060 -15.316139
0.070 13.677939
0.080 5.878540
0.090 -6.154936
0.100 -0.090920
0.110 -8.231531
0.120 -4.058629
0.130 2.367191
0.140 -6.626886
0.150 0.628984
0.160 8.347927
0.170 -10.210569
0.180 6.965130
0.190 6.827956
0.200 -0.593824
0.210 -6.692265
0.220 -2.739128
0.230 -8.736969
0.240 -5.294119
0.250 -2.413297
0.260 -0.133685
0.270 -0.737923
0.280 6.915796
0.290 -10.945814
0.300 0.695661
0.310 -8.029722
0.320 -0.053471
0.330 -7.339604
0.340 -0.196869
0.350 0.961575
0.360 7.133580
0.370 -3.683014
0.380 9.442877
0.390 5.095577
0.400 -1.598601
0.410 -10.145984
0.420 6.009221
0.430 3.174238
0.440 -2.506194
0.450 -2.361291
0.460 -5.691689
0.470 -6.043191
0.480 4.975144
0.490 4.733274
0.500 -11.158289
0.510 1.900701
0.520 -8.998320
0.530 -3.340922
0.540 4.315656
0.550 3.778565
0.560 1.095573
0.570 -16.683152
0.580 10.729766
0.590 4.042131
0.600 -6.413170
0.610 -14.310761
0.620 -4.348340
0.630 13.817765
0.640 7.222449
0.650 10.238047
0.660 -1.839422
0.670 2.908926
0.680 2.311250
0.690 -5.449073
0.700 -2.526836
0.710 -7.622215
0.720 -12.843258
0.730 5.002026
0.740 4.726198
0.750 -11.051124
0.760 1.025129
0.770 6.744325
0.780 -3.735223
0.790 3.773908
0.800 -0.957693
0.810 -2.521485
0.820 8.676230
0.830 4.639156
0.840 -0.985401
0.850 -1.840662
0.860 7.964753
0.870 3.048711
0.880 1.084035
0.890 -3.394327
0.900 11.163541
0.910 -0.687008
0.920 7.777654
0.930 -4.149557
0.940 -5.139771
0.950 -8.082334
0.960 0.230829
0.970 1.994624
0.980 -1.699899
0.990 3.711673
