0.000 -3.115286
0.010 -6.707369
0.020 -0.120687
0.030 0.096415
0.040 -4.930438
0.050 2.695837
0.060 -18.004005
0.070 11.321930
0.080 0.198456
0.090 4.647692
0.100 -9.994830
0.110 -5.200051
0.120 -3.544239
0.130 -1.977784
0.140 4.373198
0.150 0.494545
0.160 -6.120605
0.170 12.911607
0.180 -8.203655
0.190 2.439815
0.200 10.222734
0.210 -0.746630
0.220 -10.478813
0.230 12.132229
0.240 -7.382659
0.250 1.252545
0.260 5.644740
0.270 -3.483082
0.280 9.485529
0.290 -15.088596
0.300 4.404052
0.310 12.206723
0.320 15.953373
0.330 9.123666
0.340 3.196609
0.350 -5.937835
0.360 -7.392253
0.370 -3.553785
0.380 -7.167624
0.390 0.920432
0.400 -1.531692
0.410 4.694465
0.420 -7.513384
0.430 -2.786027
0.440 -0.072058
0.450 -9.015494
0.460 -20.397488
0.470 7.357922
0.480 -2.164533
0.490 -3.798986
0.500 6.857649
0.510 4.208923
0.520 2.505475
0.530 -17.799712
0.540 -0.994017
0.550 4.586570
0.560 1.336283
0.570 -4.793476
0.580 11.442792
0.590 -1.063115
0.600 -2.901846
0.610 -7.431277
0.620 6.537903
0.630 -8.148540
0.640 -2.952660
0.650 0.527762
0.660 7.464153
0.670 0.646114
0.680 -13.375982
0.690 10.442090
0.700 2.596280
0.710 5.797845
0.720 -0.761326
0.730 3.096916
0.740 -6.763608
0.750 5.407741
0.760 7.754126
0.770 5.666237
0.780 2.184961
0.790 5.739896
0.800 9.467240
0.810 -3.779650
0.820 -1.835944
0.830 -12.377553
0.840 -2.434227
0.850 12.998710
0.860 12.669545
0.870 -6.460175
0.880 2.306858
0.890 12.664170
0.900 2.114036
0.910 -7.053042
0.920 4.195004
0.930 6.559983
0.940 12.536464
0.950 -7.621763
0.960 1.461361
0.970 -7.052034
0.980 6.946510
0.990 -9.013675
