0.000 17.294676
0.010 -1.216649
0.020 -8.786814
0.030 -4.018212
0.040 -2.153724
0.050 -2.167470
0.060 -5.509321
0.070 -7.533745
0.080 16.965346
0.090 -3.918782
0.100 7.546883
0.110 -1.882828
0.120 1.161159
0.130 4.307227
0.140 16.022373
0.150 -4.746881
0.160 -0.639737
0.170 7.386097
0.180 12.292009
0.190 -7.357170
0.200 0.859486
0.210 -2.609808
0.220 11.693353
0.230 -9.301624
0.240 -2.325576
0.250 2.135186
0.260 5.379217
0.270 -2.436025
0.280 0.219704
0.290 1.832973
0.300 -0.073502
0.310 9.990556
0.320 -6.571527
0.330 -15.373094
0.340 7.773885
0.350 7.709498
0.360 2.555387
0.370 -2.656553
0.380 8.757770
0.390 4.480059
0.400 -6.133155
0.410 -12.913576
0.420 8.678120
0.430 -10.235051
0.440 -4.508599
0.450 4.157405
0.460 -16.218541
0.470 -6.536484
0.480 11.740504
0.490 -5.045515
0.500 9.641613
0.510 1.762566
0.520 -3.535801
0.530 15.666624
0.540 9.005320
0.550 -5.674591
0.560 -6.928553
0.570 2.106410
0.580 -0.185840
0.590 -0.539683
0.600 -0.608193
0.610 -7.999854
0.620 5.470897
0.630 -8.418863
0.640 4.913031
0.650 15.309961
0.660 -5.837612
0.670 12.169847
0.680 -6.433574
0.690 2.006831
0.700 2.664671
0.710 15.109256
0.720 1.235839
0.730 -1.683036
0.740 -2.889049
0.750 -6.045016
0.760 9.809770
0.770 -5.695525
0.780 0.754836
0.790 3.720558
0.800 10.424602
0.810 1.434224
0.820 1.199838
0.830 -5.740416
0.840 1.325405
0.850 3.490540
0.860 -0.568479
0.870 4.276366
0.880 12.668980
0.890 5.379816
0.900 -11.058103
0.910 6.594363
0.920 9.638560
0.930 -9.093220
0.940 -8.148827
0.950 -17.837644
0.960 -2.347709
0.970 -8.006561
0.980 6.674522
0.990 3.338477
