0.000 -3.779381
0.010 -0.562040
0.020 3.394337
0.030 -8.916287
0.040 18.290486
0.050 -8.135326
0.060 5.913414
0.070 7.504829
0.080 -3.408021
0.090 -2.677336
0.100 -12.137697
0.110 3.279619
0.120 -8.232224
0.130 11.603996
0.140 -9.068458
0.150 10.996584
0.160 2.072322
0.170 2.334125
0.180 -7.873136
0.190 -20.551622
0.200 9.448169
0.210 -19.265988
0.220 -2.926507
0.230 -5.149899
0.240 14.478184
0.250 6.629209
0.260 -12.548081
0.270 3.132185
0.280 -3.171734
0.290 1.259299
0.300 13.284347
0.310 -10.084900
0.320 -14.817977
0.330 0.437098
0.340 6.288211
0.350 2.426154
0.360 7.758242
0.370 -9.931128
0.380 2.501387
0.390 -10.070636
0.400 5.610063
0.410 5.636707
0.420 2.885885
0.430 -5.577673
0.440 0.485333
0.450 17.192957
0.460 1.099212
0.470 -10.483366
0.480 -10.740292
0.490 6.074959
0.500 -14.791178
0.510 -3.019005
0.520 -4.805684
0.530 -6.116163
0.540 3.858089
0.550 9.660072
0.560 3.777754
0.570 -3.874958
0.580 -1.504698
0.590 -7.579410
0.600 -0.398451
0.610 -5.004804
0.620 -2.088614
0.630 -3.286164
0.640 -2.659389
0.650 6.435823
0.660 -13.533914
0.670 15.049145
0.680 -4.660222
0.690 6.113940
0.700 -1.957363
0.710 -9.623204
0.720 1.727665
0.730 0.210080
0.740 -5.593181
0.750 4.110359
0.760 7.825354
0.770 7.037361
0.780 7.674094
0.790 -1.797364
0.800 17.084598
0.810 5.775182
0.820 -15.832276
0.830 7.274602
0.840 -0.347640
0.850 4.544158
0.860 -0.912655
0.870 -10.447254
0.880 -6.970829
0.890 4.498294
0.900 0.672026
0.910 3.929639
0.920 -3.776074
0.930 -8.324613
0.940 -4.271120
0.950 3.030045
0.960 -6.191957
0.970 -2.508166
0.980 -11.897299
0.990 10.499196
