0.000 -5.076955
0.010 2.038331
0.020 -3.254183
0.030 -5.816446
0.040 11.481857
0.050 -1.902871
0.060 15.354700
0.070 0.888498
0.080 0.974726
0.090 7.922029
0.100 -7.216507
0.110 -8.136940
0.120 -23.841720
0.130 -0.293027
0.140 2.945165
0.150 -1.983290
0.160 -7.297863
0.170 7.141764
0.180 -8.959369
0.190 4.459194
0.200 0.120966
0.210 -17.641260
0.220 -1.475107
0.230 14.282583
0.240 -2.936581
0.250 11.548506
0.260 -11.341588
0.270 -2.130611
0.280 -0.601919
0.290 18.820821
0.300 -2.232262
0.310 2.499301
0.320 -22.614103
0.330 9.936165
0.340 -0.191360
0.350 7.032541
0.360 7.118670
0.370 -4.658397
0.380 -8.777422
0.390 14.063260
0.400 -12.405749
0.410 14.333286
0.420 -10.783021
0.430 5.073173
0.440 13.837499
0.450 -6.735243
0.460 -1.053801
0.470 -6.350866
0.480 -9.470639
0.490 -5.775508
0.500 6.186701
0.510 -5.224666
0.520 0.123944
0.530 11.282558
0.540 8.411758
0.550 -7.134505
0.560 5.715324
0.570 2.467036
0.580 -1.423178
0.590 8.686136
0.600 11.230807
0.610 -11.811206
0.620 -0.631499
0.630 -0.666287
0.640 -7.695247
0.650 -10.420861
0.660 -4.971758
0.670 -2.462880
0.680 -19.794512
0.690 11.581510
0.700 -9.930870
0.710 1.719535
0.720 -3.134715
0.730 4.080764
0.740 -4.969355
0.750 6.278718
0.760 -2.733797
0.770 4.772862
0.780 1.654853
0.790 16.497714
0.800 -4.392760
0.810 -6.533255
0.820 3.302873
0.830 2.490308
0.840 -1.466960
0.850 -2.735475
0.860 6.301498
0.870 1.288146
0.880 -6.088406
0.890 4.076320
0.900 -14.769591
0.910 6.135860
0.920 14.665665
0.930 -9.705368
0.940 8.313886
0.950 -6.202428
0.960 2.898185
0.970 -0.621821
0.980 -14.446724
0.990 10.299667
