0.000 -7.367804
0.010 -3.609736
0.020 -17.280444
0.030 -15.802379
0.040 -3.652188
0.050 -8.296762
0.060 -1.343023
0.070 -1.915738
0.080 -4.848307
0.090 5.225462
0.100 7.713374
0.110 -0.757085
0.120 13.583658
0.130 -9.553535
0.140 -2.806952
0.150 2.963552
0.160 16.939825
0.170 -6.528655
0.180 -9.633106
0.190 -5.782129
0.200 -5.146067
0.210 2.270823
0.220 -1.230876
0.230 8.402345
0.240 -9.210335
0.250 -0.669595
0.260 8.328568
0.270 -5.423914
0.280 -12.136479
0.290 6.599312
0.300 3.451297
0.310 -1.524388
0.320 1.884804
0.330 19.827214
0.340 4.974224
0.350 8.073516
0.360 -8.416577
0.370 6.180782
0.380 -1.982097
0.390 -14.620766
0.400 5.810666
0.410 -1.292830
0.420 5.034017
0.430 -5.571982
0.440 1.207101
0.450 -11.944127
0.460 -4.979242
0.470 0.263184
0.480 -19.327308
0.490 -1.720694
0.500 1.495814
0.510 5.596789
0.520 -1.453937
0.530 -12.717785
0.540 -4.809836
0.550 -10.544851
0.560 -4.039539
0.570 -1.921699
0.580 -2.823119
0.590 -1.682665
0.600 -4.461008
0.610 8.699224
0.620 3.975595
0.630 2.522275
0.640 -4.777677
0.650 10.227892
0.660 -7.887864
0.670 6.258693
0.680 3.244877
0.690 4.209001
0.700 16.704985
0.710 6.752696
0.720 11.478368
0.730 -0.332226
0.740 2.673131
0.750 -2.691121
0.760 11.419567
0.770 5.491848
0.780 7.486728
0.790 13.794835
0.800 -14.787644
0.810 -4.268699
0.820 -5.906904
0.830 -2.363317
0.840 -4.910974
0.850 3.299687
0.860 3.271001
0.870 -10.462641
0.880 11.456163
0.890 -2.353513
0.900 16.579856
0.910 -6.212548
0.920 -2.568454
0.930 1.437513
0.940 -9.625166
0.950 -8.520449
0.960 9.511901
0.970 -0.064516
0.980 -10.304183
0.990 -3.157215
