0.000 6.901116
0.010 -8.267217
0.020 8.492678
0.030 -12.747373
0.040 -2.885209
0.050 -6.181032
0.060 -5.625473
0.070 5.703149
0.080 1.769720
0.090 -3.763134
0.100 -2.623624
0.110 10.830671
0.120 1.026158
0.130 0.513003
0.140 -9.762637
0.150 9.823733
0.160 2.565084
0.170 6.432688
0.180 3.761341
0.190 -16.981035
0.200 13.842055
0.210 -3.660248
0.220 -0.106312
0.230 9.835802
0.240 3.130558
0.250 -1.501128
0.260 -19.939992
0.270 13.992279
0.280 -5.660064
0.290 -1.464049
0.300 -21.198244
0.310 2.884409
0.320 -1.369369
0.330 7.995725
0.340 -1.689776
0.350 4.644926
0.360 -3.816929
0.370 -5.281585
0.380 12.986922
0.390 1.976781
0.400 6.100687
0.410 1.972750
0.420 0.712730
0.430 -6.229539
0.440 -4.171863
0.450 2.542394
0.460 4.051384
0.470 2.242935
0.480 2.578525
0.490 -5.442089
0.500 10.144216
0.510 -5.874537
0.520 -3.685537
0.530 10.274336
0.540 4.371012
0.550 -2.121627
0.560 7.936924
0.570 0.780795
0.580 8.980532
0.590 3.656385
0.600 0.024507
0.610 -6.198239
0.620 -12.505261
0.630 1.282255
0.640 11.634346
0.650 16.140123
0.660 7.558006
0.670 -1.035612
0.680 -14.176675
0.690 11.619094
0.700 -17.628832
0.710 8.613668
0.720 8.213874
0.730 9.309083
0.740 4.704926
0.750 1.759917
0.760 5.914319
0.770 12.104449
0.780 -3.418058
0.790 -8.882102
0.800 -5.139427
0.810 9.231038
0.820 2.041793
0.830 4.469273
0.840 7.308301
0.850 8.630861
0.860 7.882889
0.870 -3.425452
0.880 5.361506
0.890 0.591117
0.900 8.956486
0.910 -5.970591
0.920 -5.786599
0.930 4.243011
0.940 21.323595
0.950 2.384779
0.960 -6.885478
0.970 -10.453089
0.980 -10.138403
0.990 3.657329
