0.000 -10.466172
0.010 0.334107
0.020 8.045171
0.030 -5.746586
0.040 8.390214
0.050 3.969193
0.060 -3.183803
0.070 -3.250505
0.080 -2.470790
0.090 -2.181197
0.100 -7.041819
0.110 1.061503
0.120 -13.590892
0.130 17.765650
0.140 5.513258
0.150 9.020282
0.160 0.831236
0.170 4.935419
0.180 -6.496153
0.190 -12.759899
0.200 1.013364
0.210 5.944976
0.220 -8.441667
0.230 -9.744993
0.240 -9.667302
0.250 -0.089372
0.260 9.031012
0.270 3.087183
0.280 17.580656
0.290 4.753966
0.300 12.635775
0.310 -10.445928
0.320 5.119624
0.330 -5.324356
0.340 10.343376
0.350 3.560531
0.360 2.458779
0.370 -1.603668
0.380 3.465439
0.390 -1.684604
0.400 5.699350
0.410 13.772856
0.420 -1.898731
0.430 -1.634524
0.440 -0.967468
0.450 12.800910
0.460 -5.602500
0.470 2.793171
0.480 -5.465063
0.490 7.102659
0.500 5.569980
0.510 -9.396122
0.520 13.297446
0.530 4.249911
0.540 7.351500
0.550 -7.462969
0.560 9.387586
0.570 0.115709
0.580 -6.650679
0.590 8.200298
0.600 4.143760
0.610 4.855413
0.620 6.026545
0.630 4.724445
0.640 -11.181391
0.650 4.206267
0.660 -2.716975
0.670 -0.898619
0.680 -0.399320
0.690 1.765367
0.700 11.721215
0.710 -9.712323
0.720 -1.106387
0.730 -1.286683
0.740 -13.850890
0.750 -3.268912
0.760 -2.428916
0.770 -0.381832
0.780 0.577451
0.790 7.565255
0.800 8.863430
0.810 1.035181
0.820 5.054144
0.830 4.614681
0.840 1.436872
0.850 -9.581980
0.860 -6.232078
0.870 8.230111
0.880 -1.697063
0.890 -5.533311
0.900 -6.431122
0.910 13.177744
0.920 -1.266233
0.930 -2.915092
0.940 -10.100978
0.950 6.634744
0.960 -7.189135
0.970 0.485898
0.980 -2.530028
0.990 11.898907
