0.000 3.437656
0.010 -11.051272
0.020 -3.245206
0.030 3.983225
0.040 11.327441
0.050 -10.433886
0.060 10.858798
0.070 3.143247
0.080 -2.240835
0.090 4.641270
0.100 2.950809
0.110 -3.682197
0.120 6.297904
0.130 -0.534361
0.140 1.238921
0.150 8.838841
0.160 -8.402889
0.170 -16.200341
0.180 1.699205
0.190 -2.272404
0.200 17.393237
0.210 -9.296030
0.220 -2.431076
0.230 -0.745329
0.240 -5.699723
0.250 -11.216819
0.260 -2.800050
0.270 -15.267014
0.280 -12.931838
0.290 -12.488982
0.300 1.099680
0.310 -9.682470
0.320 16.322292
0.330 -0.610273
0.340 20.123410
0.350 2.010142
0.360 -11.080584
0.370 9.539522
0.380 -6.394484
0.390 14.314879
0.400 -7.450314
0.410 8.622299
0.420 4.235751
0.430 4.270547
0.440 -0.456676
0.450 10.521633
0.460 4.738440
0.470 -6.223451
0.480 -0.562517
0.490 -4.857162
0.500 -13.253819
0.510 11.601216
0.520 -2.420185
0.530 11.565129
0.540 -1.342229
0.550 -5.459852
0.560 -6.953312
0.570 10.704042
0.580 0.061642
0.590 7.165417
0.600 3.846082
0.610 10.494509
0.620 4.373957
0.630 1.645949
0.640 -1.809013
0.650 -4.179732
0.660 2.196596
0.670 10.513652
0.680 -1.361015
0.690 8.834223
0.700 -7.941004
0.710 0.430801
0.720 -4.611570
0.730 6.091331
0.740 12.003397
0.750 7.059736
0.760 -15.886341
0.770 1.201243
0.780 -0.037414
0.790 2.118990
0.800 7.337998
0.810 -12.884639
0.820 6.603077
0.830 -8.726947
0.840 2.049799
0.850 7.338691
0.860 -0.242956
0.870 3.993017
0.880 5.929119
0.890 7.459828
0.900 14.177682
0.910 2.261924
0.920 -7.932129
0.930 -1.776731
0.940 25.501348
0.950 -21.819055
0.960 -13.807013
0.970 -10.077446
0.980 -8.020198
0.990 -3.233776
