0.000 -9.242748
0.010 -18.274171
0.020 3.357627
0.030 15.384002
0.040 -7.342603
0.050 1.319266
0.060 8.551403
0.070 -9.903616
0.080 -8.469989
0.090 -8.517544
0.100 -0.399347
0.110 10.720597
0.120 2.281498
0.130 9.222877
0.140 8.427200
0.150 -0.612466
0.160 -10.054646
0.170 -2.054973
0.180 -1.346113
0.190 -11.107504
0.200 4.929839
0.210 -22.729182
0.220 3.961384
0.230 -6.518230
0.240 -14.378354
0.250 -0.196354
0.260 -0.707745
0.270 -4.534284
0.280 8.277236
0.290 1.522701
0.300 3.146146
0.310 -1.925708
0.320 -8.194612
0.330 -10.688073
0.340 8.399333
0.350 0.325786
0.360 -2.611718
0.370 -4.734925
0.380 -14.863512
0.390 -3.985846
0.400 9.080617
0.410 2.250698
0.420 4.452170
0.430 8.076167
0.440 -0.884627
0.450 -17.240019
0.460 -1.124278
0.470 -7.522140
0.480 11.710957
0.490 5.792942
0.500 0.022268
0.510 12.953165
0.520 5.893371
0.530 -3.074803
0.540 -6.003523
0.550 -8.479335
0.560 -5.826244
0.570 -5.971500
0.580 0.926697
0.590 -8.446866
0.600 5.785461
0.610 8.044600
0.620 -9.871808
0.630 2.872686
0.640 -16.206679
0.650 16.718861
0.660 -0.243214
0.670 2.841631
0.680 2.936132
0.690 -9.486722
0.700 -9.024391
0.710 17.067364
0.720 -6.168418
0.730 -6.376464
0.740 -1.457170
0.750 -14.984284
0.760 -6.443182
0.770 0.778874
0.780 7.948764
0.790 6.110085
0.800 5.709586
0.810 -1.738489
0.820 2.574899
0.830 -8.135816
0.840 -9.923539
0.850 8.183860
0.860 -11.170643
0.870 -1.440088
0.880 -4.122953
0.890 -2.915938
0.900 -2.019106
0.910 0.112205
0.920 2.506723
0.930 -9.223598
0.940 20.176781
0.950 3.207079
0.960 -3.021985
0.970 -1.707778
0.980 -0.566116
0.990 -6.993197
