0.000 0.179168
0.010 6.239319
0.020 -9.861132
0.030 2.916988
0.040 7.548475
0.050 0.854348
0.060 6.961581
0.070 11.260407
0.080 -8.589215
0.090 9.525095
0.100 -10.342167
0.110 -3.815248
0.120 4.861691
0.130 -2.545889
0.140 3.509095
0.150 8.374909
0.160 6.372940
0.170 1.012156
0.180 -5.168130
0.190 3.022276
0.200 -6.064230
0.210 4.292215
0.220 1.149823
0.230 12.981348
0.240 -1.162677
0.250 -15.461608
0.260 -0.322171
0.270 6.391752
0.280 5.180041
0.290 -4.588074
0.300 5.904615
0.310 -4.380259
0.320 6.354531
0.330 -17.296807
0.340 -9.512512
0.350 -9.136703
0.360 6.882365
0.370 -3.866972
0.380 5.508170
0.390 -1.004846
0.400 -8.379504
0.410 -18.310967
0.420 25.907420
0.430 -10.314755
0.440 8.896961
0.450 -9.368017
0.460 -3.290697
0.470 6.115193
0.480 -4.795699
0.490 -0.025870
0.500 -9.001037
0.510 -6.708854
0.520 -9.955655
0.530 1.100739
0.540 15.230757
0.550 -6.762381
0.560 -2.051241
0.570 -0.346413
0.580 -3.991930
0.590 0.546426
0.600 -2.635645
0.610 -0.183287
0.620 -8.397138
0.630 5.026243
0.640 18.150799
0.650 -9.707936
0.660 0.726774
0.670 4.798968
0.680 4.656736
0.690 0.415885
0.700 -10.659897
0.710 -1.847784
0.720 -2.238566
0.730 3.556916
0.740 -3.575590
0.750 19.526477
0.760 -6.759170
0.770 5.920127
0.780 1.980884
0.790 1.365617
0.800 0.769426
0.810 7.310002
0.820 -1.866199
0.830 -6.370895
0.840 4.683545
0.850 4.002047
0.860 -0.911882
0.870 -9.047270
0.880 -6.720688
0.890 2.446308
0.900 -1.388574
0.910 6.285861
0.920 10.066609
0.930 -0.352738
0.940 7.302315
0.950 6.508001
0.960 -5.348987
0.970 7.595545
0.980 -0.175537
0.990 10.157555
