0.000 1.791238
0.010 -3.660950
0.020 8.843509
0.030 11.364706
0.040 -2.985475
0.050 -5.125491
0.060 -4.151202
0.070 16.685558
0.080 4.090484
0.090 1.065885
0.100 -3.578643
0.110 3.181076
0.120 12.947185
0.130 -7.393575
0.140 -6.320582
0.150 -14.951177
0.160 4.406045
0.170 4.733241
0.180 1.766303
0.190 -0.371307
0.200 -5.779999
0.210 -0.985042
0.220 -11.567334
0.230 -5.581251
0.240 11.827716
0.250 -4.981916
0.260 -16.228493
0.270 4.494241
0.280 -0.214064
0.290 -8.726230
0.300 -8.582284
0.310 -3.177069
0.320 1.982371
0.330 10.646092
0.340 7.057325
0.350 1.534556
0.360 -2.228019
0.370 9.172028
0.380 12.093219
0.390 7.675179
0.400 14.250717
0.410 6.972145
0.420 -8.006195
0.430 -13.980019
0.440 -2.055637
0.450 -6.984784
0.460 -2.615000
0.470 2.662187
0.480 2.820628
0.490 0.515542
0.500 8.672135
0.510 -12.989943
0.520 7.035771
0.530 1.429782
0.540 0.746843
0.550 6.953198
0.560 8.335722
0.570 -0.285332
0.580 3.066744
0.590 -5.829785
0.600 -8.137101
0.610 14.973767
0.620 7.651811
0.630 -2.465451
0.640 -2.390095
0.650 10.011988
0.660 -4.472614
0.670 -1.564024
0.680 -6.285965
0.690 -3.532231
0.700 4.232657
0.710 0.034723
0.720 1.736151
0.730 -1.742993
0.740 0.997084
0.750 13.236215
0.760 -13.519034
0.770 0.232753
0.780 -4.245725
0.790 4.829859
0.800 5.439414
0.810 -1.679387
0.820 17.020999
0.830 -19.241699
0.840 -10.920488
0.850 0.191090
0.860 -2.739142
0.870 4.670568
0.880 11.824879
0.890 3.503789
0.900 6.440987
0.910 1.766220
0.920 -8.566916
0.930 0.689616
0.940 1.984985
0.950 -0.972406
0.960 -13.049273
0.970 -2.654054
0.980 -14.144797
0.990 9.276131
