0.000 -10.202101
0.010 3.525324
0.020 -0.478697
0.030 -0.015426
0.040 -8.232396
0.050 4.708049
0.060 -7.578393
0.070 -5.204837
0.080 -12.409116
0.090 -10.945866
0.100 1.894684
0.110 15.576772
0.120 10.782039
0.130 -0.279751
0.140 3.122515
0.150 8.012537
0.160 -2.006370
0.170 -4.969813
0.180 -5.757003
0.190 -9.198438
0.200 -9.878482
0.210 -10.106289
0.220 -8.273540
0.230 2.093967
0.240 -7.946583
0.250 8.690900
0.260 -0.729697
0.270 14.188833
0.280 -4.998573
0.290 4.692381
0.300 2.760113
0.310 -5.998905
0.320 1.600227
0.330 2.063134
0.340 2.906013
0.350 -9.049277
0.360 1.436512
0.370 3.187206
0.380 -5.621682
0.390 3.629225
0.400 -5.443498
0.410 -1.997930
0.420 0.350939
0.430 -3.056655
0.440 1.498137
0.450 -0.304580
0.460 11.429852
0.470 9.138291
0.480 -10.959195
0.490 0.469880
0.500 -6.909910
0.510 -7.179634
0.520 4.161755
0.530 8.702996
0.540 -10.360712
0.550 9.394752
0.560 10.153738
0.570 -10.583283
0.580 -2.119862
0.590 -15.330440
0.600 8.999475
0.610 -1.881089
0.620 -5.535413
0.630 8.919415
0.640 -0.562809
0.650 6.211653
0.660 -1.593979
0.670 3.040154
0.680 4.486524
0.690 -0.370254
0.700 1.355490
0.710 1.249904
0.720 17.751562
0.730 9.356093
0.740 24.199247
0.750 10.921553
0.760 14.539067
0.770 -9.371570
0.780 -10.415924
0.790 -3.719332
0.800 -2.832692
0.810 5.800981
0.820 6.261812
0.830 -6.931808
0.840 -7.856570
0.850 4.196593
0.860 -3.434402
0.870 9.287552
0.880 -10.190845
0.890 7.069968
0.900 0.879054
0.910 4.368650
0.920 -7.223825
0.930 4.226065
0.940 4.314710
0.950 13.229991
0.960 -21.454918
0.970 0.605778
0.980 5.902463
0.990 -3.504031
