0.000 18.755552
0.010 6.454431
0.020 -20.252687
0.030 1.484728
0.040 -1.700310
0.050 13.941210
0.060 3.310706
0.070 -0.160593
0.080 13.352854
0.090 -2.811741
0.100 12.777448
0.110 -5.453527
0.120 0.805656
0.130 -2.555295
0.140 -20.407744
0.150 9.453751
0.160 -2.776827
0.170 0.214776
0.180 11.553678
0.190 -0.614017
0.200 8.089281
0.210 -19.622550
0.220 6.101211
0.230 -2.932037
0.240 1.431727
0.250 -1.253859
0.260 -13.179425
0.270 -0.400781
0.280 -8.346517
0.290 -11.588414
0.300 -0.827755
0.310 2.518402
0.320 0.412109
0.330 -4.697993
0.340 11.080851
0.350 3.790176
0.360 4.291145
0.370 -13.773988
0.380 -6.854520
0.390 7.458716
0.400 3.736123
0.410 -1.667821
0.420 7.087104
0.430 2.775540
0.440 -6.420464
0.450 2.963767
0.460 -10.168918
0.470 -7.281167
0.480 -7.204631
0.490 6.910021
0.500 11.127324
0.510 -6.422629
0.520 1.153224
0.530 2.547765
0.540 -7.241954
0.550 -8.721194
0.560 -2.108551
0.570 -4.959701
0.580 -1.037806
0.590 1.549699
0.600 10.446759
0.610 6.508455
0.620 4.497003
0.630 -0.671316
0.640 -3.371495
0.650 8.603344
0.660 1.540646
0.670 7.731016
0.680 -3.361948
0.690 -1.207182
0.700 -3.599812
0.710 -13.624220
0.720 14.203791
0.730 -5.655592
0.740 7.670852
0.750 3.249609
0.760 9.562552
0.770 0.255511
0.780 7.853512
0.790 0.899175
0.800 -7.690012
0.810 11.694919
0.820 0.903186
0.830 -7.256742
0.840 -14.143671
0.850 -6.113997
0.860 -7.312612
0.870 -9.262441
0.880 5.406084
0.890 1.791027
0.900 18.713588
0.910 -14.444352
0.920 12.728126
0.930 -3.118156
0.940 -9.325432
0.950 -2.718864
0.960 4.749691
0.970 1.888696
0.980 -0.609828
0.990 9.688780
