0.000 3.561384
0.010 -9.153412
0.020 6.996683
0.030 0.098003
0.040 5.486123
0.050 3.742871
0.060 -20.684712
0.070 -6.362072
0.080 9.771769
0.090 5.676791
0.100 -9.288235
0.110 3.638245
0.120 7.547180
0.130 9.979962
0.140 -4.460317
0.150 4.488343
0.160 -10.516218
0.170 -1.306575
0.180 3.941376
0.190 4.926226
0.200 -2.671659
0.210 -9.219300
0.220 3.225475
0.230 1.494524
0.240 7.142578
0.250 1.890627
0.260 10.370661
0.270 -1.845412
0.280 2.888847
0.290 0.844138
0.300 -8.466162
0.310 6.075885
0.320 9.331543
0.330 -1.959562
0.340 -0.672598
0.350 -9.915989
0.360 -2.365069
0.370 4.831436
0.380 -6.217908
0.390 6.099391
0.400 -16.077276
0.410 10.153006
0.420 -9.000670
0.430 5.900799
0.440 3.782933
0.450 2.817967
0.460 8.357596
0.470 1.350678
0.480 2.639580
0.490 9.990969
0.500 -3.440622
0.510 1.763103
0.520 6.395301
0.530 -1.374965
0.540 2.392844
0.550 -18.795892
0.560 -13.847127
0.570 2.431394
0.580 0.479343
0.590 0.891994
0.600 4.244778
0.610 -5.261074
0.620 -5.290434
0.630 -1.879479
0.640 12.342298
0.650 10.706318
0.660 4.012917
0.670 7.095183
0.680 -4.693485
0.690 11.719993
0.700 -1.161745
0.710 3.919802
0.720 -3.491819
0.730 0.748477
0.740 -2.895677
0.750 13.557071
0.760 4.146047
0.770 11.518640
0.780 -7.296886
0.790 6.445127
0.800 0.288317
0.810 -8.100714
0.820 3.743495
0.830 -3.993308
0.840 9.722891
0.850 3.045326
0.860 -2.477175
0.870 7.855758
0.880 -11.753387
0.890 -7.020985
0.900 0.723627
0.910 2.638134
0.920 9.125514
0.930 15.430095
0.940 -3.974553
0.950 -8.463013
0.960 -7.284818
0.970 5.350585
0.980 -5.157007
0.990 -11.640428
