0.000 -3.099650
0.010 7.317761
0.020 -9.134757
0.030 -3.970089
0.040 -13.182562
0.050 -10.245798
0.060 8.741864
0.070 -18.791618
0.080 6.663403
0.090 -4.464233
0.100 -1.070181
0.110 5.896079
0.120 5.435213
0.130 -12.378950
0.140 4.253436
0.150 -0.673358
0.160 -18.459057
0.170 11.462797
0.180 27.620338
0.190 5.502257
0.200 -8.159035
0.210 13.281556
0.220 0.431415
0.230 -3.862213
0.240 -22.864113
0.250 -5.057602
0.260 5.130682
0.270 -5.571607
0.280 -11.890366
0.290 1.485325
0.300 -2.702048
0.310 2.254326
0.320 2.918843
0.330 -1.586736
0.340 6.594786
0.350 -10.463599
0.360 8.881541
0.370 -14.253547
0.380 3.774668
0.390 -17.815784
0.400 2.859168
0.410 2.529147
0.420 -6.189959
0.430 4.696850
0.440 -0.791352
0.450 -6.434059
0.460 12.510159
0.470 1.893481
0.480 4.549725
0.490 7.704111
0.500 -4.900222
0.510 -3.364984
0.520 0.928717
0.530 6.346009
0.540 -6.473772
0.550 -11.424143
0.560 -4.388798
0.570 11.538648
0.580 -8.264592
0.590 1.537143
0.600 -5.177395
0.610 5.980157
0.620 8.405746
0.630 -3.872765
0.640 7.334171
0.650 8.349354
0.660 11.227335
0.670 -8.082891
0.680 -5.184929
0.690 -4.283606
0.700 -0.088692
0.710 -3.545967
0.720 5.603376
0.730 -0.211336
0.740 -3.184176
0.750 -3.175344
0.760 -4.585090
0.770 10.728290
0.780 11.676897
0.790 9.444999
0.800 -5.631148
0.810 6.058286
0.820 8.512017
0.830 -10.518020
0.840 6.513380
0.850 25.982166
0.860 1.619719
0.870 0.084383
0.880 2.659881
0.890 -8.569738
0.900 2.692834
0.910 -6.593836
0.920 -4.198268
0.930 0.236945
0.940 -5.883405
0.950 7.527685
0.960 6.247721
0.970 6.377452
0.980 6.373343
0.990 -1.254715
