0.000 3.316684
0.010 7.650346
0.020 -6.257732
0.030 -3.728252
0.040 -13.099239
0.050 -9.220853
0.060 -7.820061
0.070 -7.098570
0.080 14.261172
0.090 9.967866
0.100 4.610172
0.110 8.249355
0.120 0.883815
0.130 4.645902
0.140 -0.045229
0.150 3.100667
0.160 -0.417126
0.170 1.963873
0.180 5.805497
0.190 18.635886
0.200 4.145669
0.210 4.555026
0.220 -9.038201
0.230 -11.515564
0.240 -3.107301
0.250 -4.408024
0.260 -2.961080
0.270 -12.035776
0.280 6.744695
0.290 9.913580
0.300 4.127090
0.310 8.024572
0.320 6.118176
0.330 -4.703895
0.340 -13.788497
0.350 -2.465286
0.360 2.702341
0.370 9.447928
0.380 -4.400674
0.390 -6.819596
0.400 -8.410878
0.410 -9.167179
0.420 0.354094
0.430 -9.734750
0.440 -5.111389
0.450 -3.738674
0.460 -6.148534
0.470 15.897925
0.480 3.352611
0.490 5.296097
0.500 7.792167
0.510 11.828550
0.520 -5.403773
0.530 -14.147184
0.540 -15.142872
0.550 3.004211
0.560 -7.321963
0.570 10.295434
0.580 -0.258861
0.590 2.568490
0.600 -0.122100
0.610 -3.680490
0.620 3.367286
0.630 -1.856260
0.640 -0.931576
0.650 6.982024
0.660 0.363970
0.670 5.866344
0.680 -1.842598
0.690 1.147858
0.700 8.060712
0.710 -12.754917
0.720 -4.556095
0.730 -2.542567
0.740 -2.356436
0.750 5.493566
0.760 5.550607
0.770 -6.344990
0.780 4.946549
0.790 3.041777
0.800 -0.091530
0.810 -2.776418
0.820 1.929437
0.830 5.705893
0.840 -7.433632
0.850 6.812675
0.860 -5.194927
0.870 -3.369996
0.880 -22.318757
0.890 10.114147
0.900 23.346675
0.910 9.114963
0.920 -8.465377
0.930 -10.085922
0.940 0.806085
0.950 4.577398
0.960 13.217175
0.970 3.840891
0.980 -9.786017
0.990 -4.471221
