0.000 -2.075913
0.010 -9.787857
0.020 6.444180
0.030 4.708568
0.040 0.040637
0.050 -6.950036
0.060 6.224634
0.070 12.912650
0.080 1.594097
0.090 10.398158
0.100 -0.021121
0.110 -2.596164
0.120 14.694109
0.130 -6.500293
0.140 -9.907971
0.150 -2.638995
0.160 4.703884
0.170 2.506165
0.180 -0.354917
0.190 -6.805698
0.200 0.908388
0.210 -6.697328
0.220 0.334991
0.230 9.702242
0.240 4.352583
0.250 -3.868049
0.260 5.910728
0.270 -4.849716
0.280 -5.773221
0.290 2.261380
0.300 -6.859361
0.310 -6.569829
0.320 -12.114889
0.330 -2.551429
0.340 6.122127
0.350 7.316633
0.360 4.088709
0.370 10.436094
0.380 2.049057
0.390 -3.125274
0.400 1.432392
0.410 -0.733044
0.420 10.512583
0.430 4.335694
0.440 -0.506497
0.450 8.253509
0.460 18.408748
0.470 13.512097
0.480 -5.817277
0.490 6.120846
0.500 1.119610
0.510 7.869842
0.520 -4.284198
0.530 2.558411
0.540 -2.914877
0.550 6.863584
0.560 5.936554
0.570 10.033776
0.580 6.212970
0.590 3.640501
0.600 -7.713068
0.610 4.912785
0.620 13.265030
0.630 -1.278597
0.640 2.103490
0.650 -6.047578
0.660 -6.520525
0.670 -1.276973
0.680 8.793759
0.690 -11.287274
0.700 4.532837
0.710 16.633921
0.720 6.817593
0.730 3.181975
0.740 -2.886838
0.750 -2.651026
0.760 7.827945
0.770 -2.889286
0.780 9.201691
0.790 -4.883714
0.800 1.106069
0.810 0.102312
0.820 0.101534
0.830 9.348675
0.840 3.222454
0.850 0.652401
0.860 -11.871903
0.870 -11.027081
0.880 6.102874
0.890 -2.581570
0.900 -6.120813
0.910 -8.588195
0.920 -6.636798
0.930 -11.156707
0.940 -11.486435
0.950 3.214731
0.960 6.877530
0.970 -8.755449
0.980 4.736304
0.990 -8.412634
