0.000 -9.283460
0.010 12.091460
0.020 -5.987127
0.030 2.197954
0.040 -5.368920
0.050 -5.224846
0.060 -1.387875
0.070 -5.752352
0.080 1.165684
0.090 4.152334
0.100 0.202368
0.110 3.677091
0.120 10.441493
0.130 10.527300
0.140 -6.884758
0.150 8.020861
0.160 -4.760696
0.170 8.692645
0.180 -7.936303
0.190 -15.158152
0.200 9.156533
0.210 3.532164
0.220 -8.950750
0.230 -9.424185
0.240 -12.476966
0.250 -2.860148
0.260 -3.268278
0.270 -7.699961
0.280 0.830732
0.290 8.878917
0.300 -9.679828
0.310 -3.036317
0.320 1.273052
0.330 5.201393
0.340 10.180013
0.350 7.519120
0.360 -4.199171
0.370 -1.372706
0.380 4.016903
0.390 5.488807
0.400 2.678428
0.410 -1.013677
0.420 -1.101295
0.430 -17.872367
0.440 -5.624301
0.450 -10.560321
0.460 7.634858
0.470 -2.794184
0.480 2.767876
0.490 20.576319
0.500 -9.291477
0.510 -4.600288
0.520 -11.505089
0.530 -2.616551
0.540 -9.833265
0.550 -5.056246
0.560 1.778746
0.570 3.384510
0.580 8.967899
0.590 -19.429976
0.600 -12.942487
0.610 4.910445
0.620 7.492275
0.630 15.461631
0.640 -6.821870
0.650 0.749953
0.660 5.770339
0.670 1.705786
0.680 -2.803848
0.690 12.900412
0.700 0.998561
0.710 -7.940333
0.720 10.481284
0.730 -13.024269
0.740 -13.798551
0.750 14.397040
0.760 9.980028
0.770 4.511445
0.780 -5.960996
0.790 4.503090
0.800 3.561878
0.810 -18.742326
0.820 5.807821
0.830 -1.159109
0.840 -2.174884
0.850 -5.652319
0.860 3.860846
0.870 2.774304
0.880 7.135910
0.890 -13.428108
0.900 -6.913775
0.910 -4.791211
0.920 2.457406
0.930 14.019364
0.940 2.377755
0.950 -0.697017
0.960 -0.824677
0.970 -3.314543
0.980 1.109209
0.990 -6.409762
