0.000 -8.562703
0.010 -0.739941
0.020 -0.876324
0.030 -0.773068
0.040 16.924079
0.050 -5.357422
0.060 -4.675334
0.070 -8.514588
0.080 2.627317
0.090 4.524110
0.100 13.170195
0.110 -10.473630
0.120 5.071195
0.130 -5.743220
0.140 8.858463
0.150 2.689116
0.160 6.976046
0.170 12.085786
0.180 -13.867253
0.190 -4.876492
0.200 9.733062
0.210 20.162081
0.220 8.845836
0.230 -0.811518
0.240 -2.412046
0.250 3.532807
0.260 -0.756835
0.270 3.365452
0.280 -2.328972
0.290 9.066539
0.300 4.784539
0.310 0.035818
0.320 9.212269
0.330 -5.386137
0.340 4.100669
0.350 7.772725
0.360 2.138506
0.370 5.076017
0.380 -7.700573
0.390 -1.140695
0.400 3.729057
0.410 3.083651
0.420 -13.113646
0.430 -1.697940
0.440 -8.518972
0.450 -0.122791
0.460 -3.803401
0.470 1.296156
0.480 19.028031
0.490 6.485450
0.500 1.073747
0.510 0.953395
0.520 -3.989112
0.530 11.965986
0.540 0.607011
0.550 -1.841492
0.560 -12.892653
0.570 5.613591
0.580 6.313717
0.590 -2.084694
0.600 -7.863035
0.610 6.773986
0.620 -9.211382
0.630 -4.006538
0.640 6.211560
0.650 -1.600355
0.660 -7.737141
0.670 -0.041505
0.680 12.541247
0.690 -2.737841
0.700 0.620122
0.710 1.348700
0.720 3.820516
0.730 -5.634056
0.740 -5.837918
0.750 -15.213106
0.760 -13.268782
0.770 0.277240
0.780 15.662806
0.790 10.750871
0.800 8.011758
0.810 3.105158
0.820 -3.244930
0.830 -2.667991
0.840 8.367961
0.850 5.226328
0.860 12.226547
0.870 10.488772
0.880 -5.256711
0.890 -8.510675
0.900 -4.688484
0.910 3.292178
0.920 7.384978
0.930 -5.518581
0.940 4.666875
0.950 28.475606
0.960 -6.076082
0.970 -0.548164
0.980 -14.274929
0.990 3.984608
