0.000 3.007486
0.010 -8.458827
0.020 12.738444
0.030 -2.176447
0.040 -8.741163
0.050 -1.929429
0.060 3.919498
0.070 15.103562
0.080 1.637001
0.090 4.578234
0.100 -2.375233
0.110 -9.677241
0.120 -1.584425
0.130 16.041258
0.140 -0.333189
0.150 7.835075
0.160 -2.550469
0.170 2.345058
0.180 2.636152
0.190 3.729653
0.200 -10.481991
0.210 -5.087738
0.220 1.453849
0.230 -4.850771
0.240 -5.761003
0.250 -4.659383
0.260 3.558231
0.270 -2.194057
0.280 -3.030743
0.290 -16.382773
0.300 12.819072
0.310 -0.191110
0.320 2.370828
0.330 -2.184919
0.340 19.906555
0.350 6.975549
0.360 2.409702
0.370 -6.052322
0.380 -5.956120
0.390 10.488481
0.400 19.288026
0.410 6.995352
0.420 -7.967417
0.430 -13.068905
0.440 -4.051287
0.450 9.439437
0.460 -4.129892
0.470 0.921768
0.480 4.485739
0.490 -0.990665
0.500 12.900393
0.510 -2.194617
0.520 -11.132596
0.530 13.214920
0.540 -4.230525
0.550 5.452133
0.560 4.554154
0.570 7.453773
0.580 16.388707
0.590 2.576451
0.600 -11.398736
0.610 2.460490
0.620 -1.035821
0.630 11.837531
0.640 0.595011
0.650 11.602049
0.660 14.857054
0.670 3.484898
0.680 9.081683
0.690 -3.613909
0.700 14.158560
0.710 -1.205354
0.720 2.476102
0.730 1.147826
0.740 -2.842302
0.750 4.903808
0.760 -17.533992
0.770 2.553096
0.780 0.639166
0.790 -0.155620
0.800 -1.919264
0.810 10.481893
0.820 6.113576
0.830 10.085004
0.840 0.125891
0.850 7.792027
0.860 1.227595
0.870 -8.179461
0.880 -0.510976
0.890 -0.333470
0.900 2.128309
0.910 -12.185051
0.920 0.383374
0.930 -10.582790
0.940 10.842590
0.950 0.239850
0.960 -0.635250
0.970 6.237629
0.980 -3.652417
0.990 -14.809557
