0.000 6.522794
0.010 -2.724252
0.020 -3.516027
0.030 17.943118
0.040 3.620933
0.050 2.499841
0.060 -3.850746
0.070 -14.770369
0.080 -3.913452
0.090 7.530717
0.100 2.241856
0.110 -7.930508
0.120 -3.300229
0.130 5.645410
0.140 -15.567441
0.150 -7.847177
0.160 -1.324979
0.170 2.179470
0.180 -10.633560
0.190 3.030167
0.200 6.349117
0.210 0.627415
0.220 -6.525719
0.230 0.258168
0.240 -5.934581
0.250 -1.467851
0.260 0.476428
0.270 -6.869222
0.280 4.509651
0.290 -1.960717
0.300 0.244651
0.310 -1.031626
0.320 -6.299056
0.330 -8.404278
0.340 -8.963808
0.350 -12.957980
0.360 -4.190323
0.370 -9.041887
0.380 -4.316221
0.390 -6.673530
0.400 9.492938
0.410 3.653338
0.420 -3.906768
0.430 1.248644
0.440 4.061336
0.450 -12.092329
0.460 -3.707419
0.470 -2.160386
0.480 8.758089
0.490 -11.735720
0.500 -3.418151
0.510 -0.428368
0.520 3.454868
0.530 -10.471973
0.540 8.211368
0.550 -17.322769
0.560 6.705611
0.570 1.846164
0.580 -14.150665
0.590 19.334011
0.600 -0.719806
0.610 -10.633044
0.620 -8.835325
0.630 -4.338836
0.640 -4.317251
0.650 -10.824845
0.660 0.622887
0.670 13.704800
0.680 0.236173
0.690 -10.755575
0.700 0.749147
0.710 -0.486628
0.720 12.659857
0.730 -1.939926
0.740 -14.157034
0.750 8.815343
0.760 -5.290083
0.770 5.062313
0.780 6.602600
0.790 -1.021641
0.800 9.292868
0.810 -2.263560
0.820 -2.339396
0.830 -9.733827
0.840 -10.230171
0.850 8.670878
0.860 14.437470
0.870 -1.570736
0.880 15.226760
0.890 0.592630
0.900 -4.878962
0.910 -3.989150
0.920 -8.311739
0.930 0.499812
0.940 -9.073625
0.950 3.302208
0.960 13.001845
0.970 3.171133
0.980 7.047899
0.990 4.537690
