0.000 12.297622
0.010 1.405472
0.020 3.641846
0.030 8.395607
0.040 8.870901
0.050 13.790561
0.060 6.779205
0.070 7.356020
0.080 13.440867
0.090 -4.357576
0.100 -11.167606
0.110 -4.638199
0.120 1.097529
0.130 -10.817329
0.140 -1.741803
0.150 7.168069
0.160 -0.564051
0.170 2.932830
0.180 -2.162660
0.190 -8.593931
0.200 -2.812658
0.210 -3.327152
0.220 9.298402
0.230 -1.539924
0.240 1.702798
0.250 4.433752
0.260 -1.770142
0.270 -15.515320
0.280 5.324226
0.290 4.923137
0.300 9.772764
0.310 -6.022131
0.320 0.449300
0.330 -7.881459
0.340 -6.236325
0.350 5.246407
0.360 -14.612618
0.370 -4.682538
0.380 9.446584
0.390 -10.051128
0.400 -21.684580
0.410 -6.752594
0.420 13.216048
0.430 6.172747
0.440 -3.482800
0.450 -5.272238
0.460 3.254164
0.470 0.702051
0.480 3.672828
0.490 -7.069261
0.500 7.489108
0.510 6.496045
0.520 1.366772
0.530 3.493942
0.540 6.384275
0.550 10.441876
0.560 -9.367961
0.570 1.931176
0.580 -1.798713
0.590 -7.465789
0.600 -9.000174
0.610 19.413444
0.620 2.335468
0.630 13.542789
0.640 -1.257672
0.650 -11.134295
0.660 0.127126
0.670 -2.726518
0.680 -0.185733
0.690 -5.922277
0.700 -4.993115
0.710 13.068003
0.720 -5.670568
0.730 5.838840
0.740 4.210373
0.750 -4.816614
0.760 7.353410
0.770 9.218963
0.780 10.781059
0.790 4.145496
0.800 -7.620643
0.810 8.896996
0.820 -2.504890
0.830 -5.208961
0.840 -4.836137
0.850 8.211962
0.860 0.454195
0.870 9.539858
0.880 -3.951922
0.890 -2.475301
0.900 -1.653263
0.910 5.057438
0.920 -8.402551
0.930 -7.823188
0.940 -6.004224
0.950 -11.693109
0.960 8.092544
0.970 2.639560
0.980 -10.076644
0.990 -17.166116
