0.000 -11.721886
0.010 -9.261309
0.020 -13.989226
0.030 7.310465
0.040 -10.096172
0.050 13.665065
0.060 -4.525264
0.070 -6.070650
0.080 -13.200335
0.090 -6.468341
0.100 -2.259273
0.110 -5.748114
0.120 -3.968300
0.130 -12.974878
0.140 12.854979
0.150 -10.012975
0.160 5.623567
0.170 3.277949
0.180 5.380148
0.190 1.506353
0.200 -0.122423
0.210 -5.464000
0.220 -14.876794
0.230 -12.256106
0.240 11.614697
0.250 -5.606050
0.260 8.673689
0.270 7.936665
0.280 -19.707536
0.290 -3.666492
0.300 10.073634
0.310 -0.463488
0.320 -2.887461
0.330 3.468376
0.340 -4.160936
0.350 11.146002
0.360 -9.667407
0.370 0.128707
0.380 1.279776
0.390 4.265964
0.400 6.846483
0.410 -2.302236
0.420 4.978538
0.430 -19.239053
0.440 -5.200173
0.450 -2.362186
0.460 1.598348
0.470 9.602329
0.480 0.349857
0.490 6.789399
0.500 -11.291418
0.510 -1.706109
0.520 -14.818804
0.530 -6.061285
0.540 7.987407
0.550 -3.589065
0.560 0.978363
0.570 -7.993689
0.580 -7.012886
0.590 -3.320558
0.600 -6.592055
0.610 -1.928113
0.620 -7.928152
0.630 -1.690185
0.640 -0.235089
0.650 7.493872
0.660 -5.438186
0.670 0.817696
0.680 -7.616637
0.690 2.678747
0.700 4.235317
0.710 -6.953462
0.720 0.060305
0.730 -3.909593
0.740 -10.749070
0.750 13.717124
0.760 7.191075
0.770 -8.036376
0.780 6.844634
0.790 -5.419386
0.800 -3.559776
0.810 6.292960
0.820 -5.402751
0.830 -13.043630
0.840 1.741278
0.850 0.612074
0.860 -1.375408
0.870 -4.549962
0.880 5.684631
0.890 1.647776
0.900 3.800952
0.910 1.722108
0.920 0.759210
0.930 -4.244787
0.940 -20.741591
0.950 -0.068204
0.960 -14.558937
0.970 9.064067
0.980 -2.796313
0.990 6.896091
