0.000 -3.824453
0.010 5.073970
0.020 -2.064897
0.030 -4.317168
0.040 8.138262
0.050 -2.579252
0.060 13.650605
0.070 0.933477
0.080 -4.870704
0.090 -1.128944
0.100 -6.759774
0.110 3.027440
0.120 10.501254
0.130 2.304253
0.140 11.000212
0.150 13.893891
0.160 -6.210080
0.170 -3.807394
0.180 -6.170358
0.190 -3.203039
0.200 -7.387100
0.210 9.542766
0.220 -4.602110
0.230 -11.616122
0.240 -3.620681
0.250 -15.712052
0.260 -3.893248
0.270 -5.733092
0.280 8.178430
0.290 -9.636404
0.300 0.885786
0.310 0.690744
0.320 -1.984177
0.330 -2.717408
0.340 -3.027258
0.350 4.138984
0.360 -12.222858
0.370 4.760478
0.380 8.299342
0.390 9.190546
0.400 -1.029858
0.410 5.048573
0.420 -1.734148
0.430 -5.294477
0.440 3.303328
0.450 9.046604
0.460 -10.700131
0.470 0.391540
0.480 -15.143716
0.490 1.134120
0.500 -8.150671
0.510 6.022727
0.520 11.095102
0.530 -8.082246
0.540 -14.830299
0.550 -8.842915
0.560 -10.057763
0.570 -0.857232
0.580 -4.684888
0.590 -10.386972
0.600 3.983907
0.610 1.899618
0.620 3.877348
0.630 0.404413
0.640 -1.905666
0.650 -2.333193
0.660 7.533119
0.670 -1.698266
0.680 -8.911950
0.690 2.245984
0.700 -4.983275
0.710 1.067397
0.720 -6.863653
0.730 14.953932
0.740 -14.441873
0.750 -1.590772
0.760 0.219871
0.770 -6.208562
0.780 0.628052
0.790 3.391299
0.800 17.054103
0.810 -12.940706
0.820 1.506993
0.830 -10.732974
0.840 -14.461129
0.850 -1.991347
0.860 -0.194815
0.870 -2.713886
0.880 -2.435108
0.890 10.055075
0.900 1.807639
0.910 -1.562238
0.920 0.733290
0.930 -6.317052
0.940 1.347124
0.950 -3.139480
0.960 10.660913
0.970 9.287754
0.980 13.916745
0.990 1.068627
