0.000 4.771356
0.010 3.097019
0.020 -4.832442
0.030 7.074439
0.040 -19.994532
0.050 -3.240178
0.060 11.919022
0.070 -2.183396
0.080 -4.750479
0.090 2.683811
0.100 3.620256
0.110 0.581596
0.120 -3.034230
0.130 10.750183
0.140 1.549928
0.150 -5.221588
0.160 -8.777517
0.170 4.879141
0.180 2.674878
0.190 -7.106003
0.200 4.381313
0.210 12.066404
0.220 -3.753216
0.230 7.340948
0.240 -1.158027
0.250 3.489365
0.260 0.060220
0.270 6.268765
0.280 -5.206437
0.290 -7.006141
0.300 7.276915
0.310 6.362088
0.320 1.914190
0.330 1.752121
0.340 11.902189
0.350 -7.090986
0.360 13.033395
0.370 3.308966
0.380 8.581143
0.390 -4.092872
0.400 7.654833
0.410 0.376148
0.420 2.987196
0.430 -6.271681
0.440 12.940301
0.450 -9.635397
0.460 -7.019798
0.470 -0.295414
0.480 -14.928310
0.490 -0.677259
0.500 -7.173860
0.510 -1.683358
0.520 9.819460
0.530 -4.139969
0.540 -5.822648
0.550 0.544457
0.560 4.193122
0.570 7.306276
0.580 14.785104
0.590 -4.219901
0.600 -6.904943
0.610 -7.928232
0.620 6.532672
0.630 -9.993382
0.640 13.204792
0.650 12.495167
0.660 -4.015032
0.670 7.147205
0.680 7.607945
0.690 9.688597
0.700 7.922599
0.710 -1.077344
0.720 0.681959
0.730 -0.855503
0.740 2.682560
0.750 1.208617
0.760 5.916541
0.770 1.988651
0.780 -6.682961
0.790 -4.781058
0.800 -2.727245
0.810 0.306647
0.820 3.761082
0.830 5.384120
0.840 -4.905572
0.850 9.701461
0.860 4.879035
0.870 -0.897316
0.880 -10.702725
0.890 5.514804
0.900 -5.784697
0.910 10.327849
0.920 -7.952687
0.930 0.704083
0.940 -4.052699
0.950 11.819770
0.960 -1.991922
0.970 -3.711753
0.980 -13.427563
0.990 -2.314907
