0.000 -8.110542
0.010 -8.960684
0.020 -7.977184
0.030 -0.496238
0.040 23.827625
0.050 4.837930
0.060 -5.361844
0.070 0.060827
0.080 -2.340430
0.090 -11.404973
0.100 -3.494861
0.110 11.077425
0.120 3.616913
0.130 -3.945247
0.140 12.428954
0.150 17.647764
0.160 -5.610227
0.170 0.994815
0.180 -0.883483
0.190 -2.986752
0.200 6.288778
0.210 2.540517
0.220 -14.026028
0.230 7.767438
0.240 3.009214
0.250 2.186364
0.260 -9.073677
0.270 -14.853192
0.280 0.923941
0.290 -14.601953
0.300 -2.106552
0.310 12.128426
0.320 1.868888
0.330 -3.849960
0.340 -0.309225
0.350 -0.401464
0.360 8.160547
0.370 2.394483
0.380 -3.768207
0.390 7.884999
0.400 8.137891
0.410 20.617893
0.420 -0.298649
0.430 -5.466133
0.440 3.798947
0.450 -3.539400
0.460 6.332359
0.470 10.455995
0.480 14.398943
0.490 -17.232739
0.500 -9.128896
0.510 -1.916696
0.520 0.620275
0.530 1.968016
0.540 4.951790
0.550 6.598671
0.560 -0.865234
0.570 3.632584
0.580 -8.977315
0.590 2.808883
0.600 16.689087
0.610 -20.342668
0.620 -14.907752
0.630 10.071481
0.640 12.142902
0.650 -11.783994
0.660 -11.116900
0.670 -0.660795
0.680 2.617041
0.690 10.026552
0.700 2.643144
0.710 6.803878
0.720 5.911443
0.730 -12.776978
0.740 15.646388
0.750 7.710493
0.760 -4.480301
0.770 10.578117
0.780 1.150112
0.790 9.834434
0.800 -9.668783
0.810 -12.389114
0.820 -0.880266
0.830 3.284476
0.840 -2.461293
0.850 0.107734
0.860 8.803813
0.870 -3.762838
0.880 9.840499
0.890 6.882409
0.900 -0.427817
0.910 -5.663556
0.920 7.785679
0.930 10.688061
0.940 8.052834
0.950 1.233080
0.960 -0.027364
0.970 0.669988
0.980 -4.804600
0.990 -4.979871
