0.000 2.876952
0.010 1.083975
0.020 1.146989
0.030 4.297029
0.040 -4.131176
0.050 -8.808376
0.060 -4.132667
0.070 10.854322
0.080 10.219016
0.090 -2.186869
0.100 -1.247683
0.110 -4.938021
0.120 -10.999999
0.130 5.565815
0.140 5.971363
0.150 -1.159957
0.160 -8.728060
0.170 3.247089
0.180 -11.202555
0.190 1.760346
0.200 -6.111145
0.210 9.361631
0.220 -4.386508
0.230 1.464856
0.240 -6.701268
0.250 10.723225
0.260 -1.109975
0.270 -4.916039
0.280 -4.433697
0.290 -7.071934
0.300 -15.453299
0.310 4.601422
0.320 1.055027
0.330 -13.879396
0.340 1.895359
0.350 -9.820580
0.360 -10.386713
0.370 -2.339383
0.380 0.478807
0.390 -12.506703
0.400 5.029955
0.410 -2.584906
0.420 -2.136276
0.430 1.691982
0.440 12.228240
0.450 -0.426018
0.460 -9.302748
0.470 12.087049
0.480 1.309555
0.490 -2.086697
0.500 -3.827053
0.510 -6.837005
0.520 6.341905
0.530 -8.792617
0.540 -5.458641
0.550 -3.020489
0.560 7.477158
0.570 5.151012
0.580 -6.607926
0.590 -4.828639
0.600 -7.596336
0.610 3.288174
0.620 0.703523
0.630 -0.833468
0.640 10.880601
0.650 -3.946086
0.660 -3.245543
0.670 2.532259
0.680 -3.832433
0.690 -10.252763
0.700 1.117096
0.710 4.738052
0.720 13.430906
0.730 -3.484415
0.740 -1.635590
0.750 -6.364002
0.760 9.998748
0.770 -5.594194
0.780 9.195003
0.790 -11.408442
0.800 -7.634965
0.810 -4.948693
0.820 10.870258
0.830 -7.834360
0.840 8.321913
0.850 0.115696
0.860 0.855349
0.870 2.470819
0.880 -14.801530
0.890 2.558289
0.900 -3.846198
0.910 -8.446201
0.920 -13.352326
0.930 0.102423
0.940 -4.936324
0.950 -7.615037
0.960 2.929028
0.970 -0.720884
0.980 2.281171
0.990 5.167721
