0.000 7.551522
0.010 11.768515
0.020 3.479188
0.030 2.716829
0.040 0.046407
0.050 -8.385375
0.060 7.177745
0.070 -5.471945
0.080 7.603236
0.090 2.056298
0.100 -17.433612
0.110 -2.239052
0.120 0.606290
0.130 8.866129
0.140 -8.419183
0.150 7.989396
0.160 -14.347355
0.170 4.410328
0.180 -6.136675
0.190 3.128491
0.200 -8.557541
0.210 7.075330
0.220 -21.512715
0.230 0.718655
0.240 11.432991
0.250 -0.718294
0.260 15.451564
0.270 10.517060
0.280 -7.370294
0.290 -5.347958
0.300 6.644551
0.310 -11.038742
0.320 -2.422349
0.330 18.608645
0.340 3.903553
0.350 5.877082
0.360 5.560886
0.370 3.512246
0.380 -5.220961
0.390 5.722051
0.400 -5.238866
0.410 -0.978129
0.420 -1.631950
0.430 -2.884721
0.440 -0.632915
0.450 6.376736
0.460 8.969997
0.470 1.486443
0.480 4.013463
0.490 -6.285882
0.500 4.850036
0.510 -1.086921
0.520 -8.278433
0.530 29.959534
0.540 -15.146663
0.550 3.481689
0.560 5.138566
0.570 0.372866
0.580 -1.927022
0.590 6.217902
0.600 -1.303645
0.610 4.486986
0.620 -10.279208
0.630 6.741773
0.640 6.057541
0.650 9.689099
0.660 1.976937
0.670 3.516799
0.680 -3.318298
0.690 1.419899
0.700 4.130843
0.710 -2.894071
0.720 19.305265
0.730 5.144970
0.740 18.328274
0.750 0.795153
0.760 3.157108
0.770 -7.212076
0.780 12.272426
0.790 4.927855
0.800 6.690700
0.810 -8.437038
0.820 -8.818956
0.830 -9.079009
0.840 1.437457
0.850 -4.932762
0.860 -5.573554
0.870 -2.068696
0.880 12.998459
0.890 -3.892177
0.900 -6.159646
0.910 16.940783
0.920 3.789820
0.930 1.152176
0.940 -7.314184
0.950 -8.570957
0.960 6.410499
0.970 -6.756238
0.980 5.813615
0.990 13.553694
