0.000 1.576491
0.010 -0.895434
0.020 -2.313083
0.030 0.141321
0.040 -12.097922
0.050 -6.597815
0.060 1.267058
0.070 2.667275
0.080 -20.145020
0.090 -16.686871
0.100 19.622018
0.110 -5.307702
0.120 -12.253026
0.130 4.023135
0.140 -8.402654
0.150 -5.277247
0.160 6.716942
0.170 0.822970
0.180 -5.022645
0.190 1.182362
0.200 -3.661932
0.210 -1.878351
0.220 -3.806927
0.230 5.971354
0.240 6.269169
0.250 -1.807601
0.260 0.311109
0.270 3.375808
0.280 -1.514926
0.290 -13.880968
0.300 7.775456
0.310 4.278894
0.320 -10.707462
0.330 20.105526
0.340 -4.750401
0.350 -3.549054
0.360 2.452103
0.370 -4.079632
0.380 7.929246
0.390 -2.367028
0.400 1.516503
0.410 2.618813
0.420 6.778319
0.430 -11.036667
0.440 3.992422
0.450 5.362087
0.460 8.193008
0.470 3.877017
0.480 -10.999762
0.490 4.301775
0.500 -3.244481
0.510 1.235357
0.520 4.549279
0.530 8.879757
0.540 -3.171540
0.550 2.357393
0.560 -2.981513
0.570 0.303152
0.580 0.855940
0.590 -4.627158
0.600 -0.165163
0.610 -12.140684
0.620 -11.931962
0.630 -10.620181
0.640 -4.699072
0.650 3.587083
0.660 -2.343692
0.670 0.777671
0.680 -8.131263
0.690 10.171212
0.700 -7.415137
0.710 -6.553364
0.720 -14.331099
0.730 -3.020932
0.740 -2.247141
0.750 12.038560
0.760 -9.436345
0.770 -2.075134
0.780 18.031564
0.790 0.815329
0.800 3.561725
0.810 8.414221
0.820 4.391822
0.830 11.389323
0.840 11.694237
0.850 -4.789873
0.860 -5.275031
0.870 -16.644962
0.880 -8.261730
0.890 -9.320717
0.900 -1.623491
0.910 0.544568
0.920 -6.222569
0.930 -5.278092
0.940 -17.072264
0.950 12.371861
0.960 -2.971019
0.970 1.614732
0.980 8.909158
0.990 3.693048
