0.000 2.250750
0.010 5.515211
0.020 -8.916480
0.030 15.413574
0.040 7.375462
0.050 -5.957680
0.060 5.566883
0.070 -8.850844
0.080 3.659765
0.090 10.450957
0.100 3.085731
0.110 -3.935486
0.120 -0.125133
0.130 -7.398413
0.140 5.849498
0.150 -0.795266
0.160 -1.717382
0.170 -3.149378
0.180 -6.773370
0.190 14.313604
0.200 7.134711
0.210 2.299548
0.220 1.265753
0.230 -10.898279
0.240 -6.311477
0.250 -4.268751
0.260 -2.241529
0.270 -1.789409
0.280 -3.649277
0.290 2.886010
0.300 -15.271149
0.310 7.493947
0.320 4.248840
0.330 13.118829
0.340 -5.773012
0.350 5.773668
0.360 1.801928
0.370 -0.931709
0.380 11.020845
0.390 0.350046
0.400 -3.414640
0.410 1.291224
0.420 8.161338
0.430 3.349443
0.440 0.370796
0.450 12.422232
0.460 7.822434
0.470 -10.768453
0.480 -4.996880
0.490 6.702750
0.500 3.640511
0.510 -0.484852
0.520 -4.325008
0.530 1.769582
0.540 7.955239
0.550 5.890087
0.560 -4.598813
0.570 -16.889529
0.580 -16.878655
0.590 6.352240
0.600 5.659427
0.610 8.204340
0.620 -6.449004
0.630 -8.056180
0.640 7.493744
0.650 6.956611
0.660 -8.576605
0.670 -1.496439
0.680 1.615705
0.690 -5.647934
0.700 -0.486215
0.710 0.753032
0.720 7.727180
0.730 11.034391
0.740 -10.898211
0.750 14.641687
0.760 18.797649
0.770 2.958795
0.780 7.041028
0.790 4.117299
0.800 -2.459539
0.810 -5.996275
0.820 18.795481
0.830 0.999354
0.840 -1.770340
0.850 0.193211
0.860 -0.818130
0.870 6.019424
0.880 -0.020236
0.890 -9.454984
0.900 -10.056291
0.910 7.585285
0.920 2.396252
0.930 20.879272
0.940 7.010754
0.950 1.689759
0.960 -6.724771
0.970 -1.021599
0.980 -6.024743
0.990 -9.284014
