0.000 9.027393
0.010 5.077095
0.020 15.332067
0.030 4.827986
0.040 -3.117386
0.050 0.469395
0.060 -6.416882
0.070 6.666698
0.080 -4.546021
0.090 0.126991
0.100 -8.891496
0.110 -5.465283
0.120 -11.359054
0.130 13.543251
0.140 -4.008953
0.150 -2.969505
0.160 7.001154
0.170 2.799859
0.180 0.213840
0.190 -6.263936
0.200 8.960474
0.210 3.956202
0.220 7.004344
0.230 1.120377
0.240 4.615174
0.250 2.874562
0.260 -8.215625
0.270 -5.194968
0.280 9.502960
0.290 -10.976094
0.300 3.823705
0.310 5.242585
0.320 -18.114889
0.330 9.004879
0.340 2.093881
0.350 -15.697121
0.360 5.198021
0.370 -4.379998
0.380 -7.261898
0.390 -4.512355
0.400 9.717404
0.410 -3.322185
0.420 -5.774185
0.430 8.938133
0.440 4.146351
0.450 -12.556182
0.460 12.972873
0.470 0.772716
0.480 -2.346925
0.490 -5.449855
0.500 0.741109
0.510 -14.111007
0.520 14.602342
0.530 3.399964
0.540 -2.643945
0.550 -6.323319
0.560 5.051929
0.570 -20.052668
0.580 5.694596
0.590 -6.700803
0.600 -4.397122
0.610 -10.100160
0.620 8.345893
0.630 2.540505
0.640 -2.070963
0.650 10.731559
0.660 -4.398449
0.670 -1.646166
0.680 -0.877217
0.690 4.357660
0.700 -1.945966
0.710 0.610280
0.720 4.412875
0.730 8.999578
0.740 -13.123744
0.750 -5.009854
0.760 11.850507
0.770 4.142309
0.780 -2.288543
0.790 -3.174475
0.800 5.794053
0.810 8.214453
0.820 5.959522
0.830 -8.052778
0.840 -0.248808
0.850 3.159626
0.860 3.011075
0.870 -11.364328
0.880 -4.273686
0.890 2.338709
0.900 17.075521
0.910 0.326494
0.920 -3.137998
0.930 2.869102
0.940 5.363379
0.950 -6.105616
0.960 -1.596779
0.970 -2.942087
0.980 0.050212
0.990 10.697877
