0.000 7.339023
0.010 -14.691106
0.020 -4.302243
0.030 -3.995659
0.040 -4.521815
0.050 4.992567
0.060 -0.138706
0.070 -14.973217
0.080 -5.946473
0.090 5.163311
0.100 -1.555864
0.110 -1.937800
0.120 17.244931
0.130 2.405134
0.140 4.248603
0.150 6.512411
0.160 2.633504
0.170 -9.058675
0.180 6.487246
0.190 0.933190
0.200 -3.926627
0.210 -7.987395
0.220 7.957437
0.230 15.131802
0.240 10.283799
0.250 -2.391227
0.260 -3.520105
0.270 -14.096741
0.280 -3.699975
0.290 4.485609
0.300 16.190555
0.310 -6.855074
0.320 -13.294994
0.330 -4.977795
0.340 8.601387
0.350 -2.072647
0.360 -0.004712
0.370 1.956527
0.380 12.587857
0.390 -11.072381
0.400 0.076125
0.410 6.108044
0.420 -4.092057
0.430 3.281831
0.440 4.192863
0.450 5.735763
0.460 9.271814
0.470 14.232438
0.480 -3.701092
0.490 -16.633642
0.500 -3.101194
0.510 -1.051283
0.520 -0.448079
0.530 -11.694644
0.540 -3.178277
0.550 7.964997
0.560 6.425148
0.570 9.291224
0.580 4.032336
0.590 10.776312
0.600 -1.842954
0.610 4.748516
0.620 8.993018
0.630 0.587069
0.640 4.217140
0.650 2.244108
0.660 11.134495
0.670 -4.506290
0.680 4.627518
0.690 5.774228
0.700 0.058044
0.710 -3.187691
0.720 -7.143422
0.730 3.234386
0.740 -4.327759
0.750 10.466011
0.760 13.243550
0.770 -2.623170
0.780 6.050296
0.790 8.368512
0.800 -9.864426
0.810 4.466917
0.820 12.720385
0.830 -7.427037
0.840 1.341974
0.850 5.098378
0.860 -9.171997
0.870 0.387284
0.880 18.904128
0.890 2.864441
0.900 -1.941089
0.910 1.808184
0.920 -16.277840
0.930 -8.346956
0.940 -12.325351
0.950 6.418713
0.960 5.970963
0.970 -7.873836
0.980 -3.476056
0.990 5.023107
