0.000 -1.237466
0.010 2.513322
0.020 -1.694822
0.030 -2.598397
0.040 0.507852
0.050 0.620811
0.060 1.437706
0.070 -2.086575
0.080 -4.905082
0.090 24.455049
0.100 -3.927879
0.110 2.765558
0.120 -7.216888
0.130 -3.616581
0.140 -2.182129
0.150 2.881465
0.160 -6.533372
0.170 -4.610554
0.180 -14.727878
0.190 8.054015
0.200 11.696957
0.210 7.850944
0.220 6.799171
0.230 -13.442742
0.240 -14.266327
0.250 -10.376517
0.260 0.782271
0.270 1.374340
0.280 -4.072216
0.290 -2.626899
0.300 7.207256
0.310 1.296468
0.320 6.257440
0.330 -1.607805
0.340 -3.718163
0.350 3.134558
0.360 7.789413
0.370 3.375555
0.380 4.756797
0.390 12.311082
0.400 -22.431470
0.410 4.727341
0.420 -6.099963
0.430 -3.147149
0.440 0.481420
0.450 1.040697
0.460 -9.677367
0.470 -4.432970
0.480 5.688454
0.490 3.740469
0.500 -15.403450
0.510 -4.061618
0.520 -4.019846
0.530 -8.336163
0.540 -4.412724
0.550 -1.238609
0.560 0.907289
0.570 11.195772
0.580 -9.705910
0.590 -7.388070
0.600 -5.618321
0.610 -3.639638
0.620 -4.819068
0.630 18.579308
0.640 -9.334351
0.650 3.787241
0.660 3.962522
0.670 -10.975356
0.680 -6.748320
0.690 -0.424354
0.700 -4.724170
0.710 -6.452056
0.720 -17.417019
0.730 -10.462072
0.740 -1.836758
0.750 9.712198
0.760 1.897214
0.770 1.648118
0.780 2.220490
0.790 2.235940
0.800 -5.944585
0.810 2.980980
0.820 12.470706
0.830 2.249030
0.840 17.959986
0.850 4.041556
0.860 -5.288081
0.870 -7.011322
0.880 4.208051
0.890 9.445017
0.900 2.124744
0.910 -11.242181
0.920 19.159798
0.930 -0.302486
0.940 0.703054
0.950 -8.011458
0.960 1.938781
0.970 -4.217109
0.980 9.684561
0.990 1.512742
