0.000 -16.253956
0.010 -4.800988
0.020 4.922575
0.030 -18.564346
0.040 -7.792026
0.050 -1.450157
0.060 3.177486
0.070 0.943489
0.080 2.902478
0.090 12.814006
0.100 1.669125
0.110 -3.137762
0.120 -15.010014
0.130 -4.857576
0.140 5.588173
0.150 3.218445
0.160 6.607602
0.170 9.515910
0.180 2.737387
0.190 -1.896287
0.200 3.538463
0.210 -9.143930
0.220 -4.095787
0.230 -1.126515
0.240 22.167059
0.250 3.316518
0.260 -3.096475
0.270 -13.300429
0.280 -6.252017
0.290 6.858399
0.300 0.373109
0.310 -7.025349
0.320 4.671652
0.330 -8.993677
0.340 -3.531022
0.350 8.407765
0.360 8.995547
0.370 0.101869
0.380 -5.351133
0.390 1.352867
0.400 -18.935816
0.410 -14.213766
0.420 -2.556104
0.430 3.540464
0.440 22.519771
0.450 2.172437
0.460 5.577236
0.470 -4.093197
0.480 1.786780
0.490 -4.286159
0.500 -9.859675
0.510 15.717394
0.520 0.688099
0.530 11.759392
0.540 -3.053855
0.550 15.242995
0.560 13.970726
0.570 -0.096869
0.580 -1.776233
0.590 0.296095
0.600 9.832335
0.610 -0.082949
0.620 -9.894523
0.630 10.082651
0.640 8.343501
0.650 10.851716
0.660 -12.301117
0.670 7.496478
0.680 -19.256094
0.690 2.305366
0.700 -1.570082
0.710 7.087266
0.720 5.734541
0.730 15.444934
0.740 4.159244
0.750 6.116758
0.760 16.039742
0.770 -8.461152
0.780 3.321145
0.790 14.796364
0.800 14.411691
0.810 -8.435421
0.820 -0.354184
0.830 4.622728
0.840 -0.869340
0.850 -5.662354
0.860 3.494823
0.870 -7.274736
0.880 -1.927233
0.890 -7.931048
0.900 12.157850
0.910 1.813784
0.920 1.837606
0.930 7.785847
0.940 3.304139
0.950 -7.757283
0.960 1.287521
0.970 -8.256414
0.980 13.541200
0.990 -0.105113
