0.000 -2.503567
0.010 1.996107
0.020 -5.525530
0.030 6.105805
0.040 10.252514
0.050 7.654145
0.060 3.749342
0.070 -17.973944
0.080 -9.496428
0.090 3.643526
0.100 -0.247891
0.110 11.168073
0.120 -16.508033
0.130 -0.712139
0.140 -3.535147
0.150 -3.584017
0.160 9.181278
0.170 6.612458
0.180 7.350843
0.190 -0.943429
0.200 5.860127
0.210 -3.653705
0.220 -0.404143
0.230 1.685436
0.240 13.337499
0.250 12.286123
0.260 10.712308
0.270 12.940548
0.280 5.496720
0.290 12.115873
0.300 1.570454
0.310 -0.902192
0.320 -13.109117
0.330 6.828478
0.340 13.844508
0.350 -3.287390
0.360 8.963977
0.370 -3.208557
0.380 0.311417
0.390 -4.086853
0.400 -6.189210
0.410 -1.678541
0.420 -6.920821
0.430 0.008530
0.440 -6.281717
0.450 7.421825
0.460 -5.365921
0.470 20.814869
0.480 4.116955
0.490 4.083910
0.500 12.226833
0.510 -2.217262
0.520 -11.160349
0.530 -5.318696
0.540 -6.455090
0.550 -15.329876
0.560 4.388745
0.570 -1.674613
0.580 2.514213
0.590 1.137656
0.600 4.193272
0.610 -0.781835
0.620 -4.304648
0.630 1.773427
0.640 -13.387128
0.650 -7.604601
0.660 -3.970988
0.670 11.591016
0.680 7.104626
0.690 4.668153
0.700 -3.311092
0.710 3.680535
0.720 -12.205059
0.730 7.946622
0.740 -12.179573
0.750 -5.467601
0.760 -1.103639
0.770 -8.518433
0.780 -8.157178
0.790 0.585838
0.800 0.138804
0.810 9.731155
0.820 1.346737
0.830 7.503509
0.840 6.715597
0.850 -10.951132
0.860 9.613841
0.870 2.510195
0.880 1.356605
0.890 -4.467346
0.900 -1.732459
0.910 7.118312
0.920 -0.622964
0.930 -3.853963
0.940 -5.187658
0.950 1.140677
0.960 0.212948
0.970 6.791417
0.980 2.986467
0.990 0.688019
