0.000 0.930325
0.010 -3.876325
0.020 -2.012829
0.030 -16.857327
0.040 4.248436
0.050 -4.207925
0.060 3.880182
0.070 -10.220297
0.080 5.820224
0.090 3.316041
0.100 -5.020430
0.110 8.376924
0.120 -8.471240
0.130 9.368719
0.140 2.602442
0.150 -5.672243
0.160 -15.041604
0.170 -1.960665
0.180 18.820711
0.190 -3.955403
0.200 7.900930
0.210 4.124519
0.220 5.187366
0.230 -2.323450
0.240 3.462113
0.250 11.079494
0.260 -1.978917
0.270 -2.935153
0.280 2.275004
0.290 -19.922786
0.300 4.164189
0.310 -8.867292
0.320 10.360198
0.330 -17.459123
0.340 1.097725
0.350 0.719756
0.360 -4.149365
0.370 -14.898083
0.380 1.873550
0.390 -0.358364
0.400 4.150206
0.410 -6.376398
0.420 -3.070205
0.430 -1.653144
0.440 2.147044
0.450 -0.255594
0.460 -0.665169
0.470 -8.535936
0.480 -19.314682
0.490 -3.630461
0.500 -3.382708
0.510 -8.968535
0.520 -1.263212
0.530 2.504744
0.540 0.441210
0.550 7.896843
0.560 3.989953
0.570 13.427805
0.580 8.638516
0.590 -1.399674
0.600 7.396804
0.610 6.108230
0.620 -2.210624
0.630 -10.176267
0.640 0.242760
0.650 -6.634089
0.660 -3.810749
0.670 -0.270025
0.680 -4.990732
0.690 2.188646
0.700 -8.537291
0.710 -6.924245
0.720 16.974675
0.730 0.314852
0.740 4.493152
0.750 3.605677
0.760 -1.458791
0.770 -2.532207
0.780 5.874589
0.790 -9.882532
0.800 -13.006293
0.810 -2.636564
0.820 -0.251726
0.830 -2.679928
0.840 7.563160
0.850 -15.751260
0.860 -3.045733
0.870 -6.799452
0.880 -2.947880
0.890 -16.993452
0.900 10.246266
0.910 -8.358690
0.920 -5.690775
0.930 13.311210
0.940 17.319067
0.950 12.607553
0.960 13.007309
0.970 0.161035
0.980 7.058149
0.990 2.809389
