0.000 -4.040393
0.010 -13.912567
0.020 -2.414816
0.030 -7.138696
0.040 -12.432563
0.050 -11.896854
0.060 -15.965846
0.070 1.210455
0.080 -2.130266
0.090 16.895276
0.100 -2.175322
0.110 4.572121
0.120 5.236541
0.130 -5.676809
0.140 -11.602765
0.150 -8.490198
0.160 8.991314
0.170 -5.535588
0.180 -7.404849
0.190 2.880799
0.200 7.723213
0.210 0.503132
0.220 -2.448295
0.230 -8.318649
0.240 -17.762572
0.250 10.970487
0.260 3.613359
0.270 9.939080
0.280 5.561379
0.290 4.596076
0.300 -7.064450
0.310 -15.815942
0.320 -0.566929
0.330 12.480040
0.340 -18.583601
0.350 -7.852685
0.360 2.753159
0.370 -8.361679
0.380 6.655465
0.390 -6.283237
0.400 1.303983
0.410 -0.678091
0.420 10.481996
0.430 -0.841964
0.440 -6.017042
0.450 -4.424180
0.460 4.681158
0.470 -2.939142
0.480 7.257979
0.490 12.083130
0.500 9.289724
0.510 -4.481064
0.520 -8.730782
0.530 -2.546435
0.540 -12.352730
0.550 -10.589385
0.560 -1.601704
0.570 13.449271
0.580 -8.704025
0.590 1.564132
0.600 5.107246
0.610 -15.149048
0.620 10.633314
0.630 2.372367
0.640 -1.688334
0.650 -1.981649
0.660 5.676191
0.670 1.497935
0.680 -5.378461
0.690 3.147117
0.700 -9.707586
0.710 -8.154507
0.720 5.512551
0.730 -1.204743
0.740 -4.766633
0.750 1.905841
0.760 -9.644343
0.770 14.389604
0.780 7.156292
0.790 10.042873
0.800 -2.420114
0.810 6.487419
0.820 11.535537
0.830 7.625401
0.840 1.951312
0.850 -11.588690
0.860 1.231027
0.870 2.948377
0.880 10.760272
0.890 5.155099
0.900 -11.043934
0.910 -4.603242
0.920 -7.043055
0.930 -4.954408
0.940 9.394236
0.950 -16.933550
0.960 -17.706037
0.970 -6.315698
0.980 -4.457733
0.990 -7.197890
