0.000 0.097841
0.010 -2.490492
0.020 3.485719
0.030 -12.103962
0.040 -5.336060
0.050 0.893369
0.060 3.193549
0.070 -17.184317
0.080 -11.020541
0.090 11.166195
0.100 11.287390
0.110 4.908050
0.120 23.087894
0.130 -4.653984
0.140 -6.543892
0.150 -4.549597
0.160 -6.681531
0.170 11.515793
0.180 -7.818164
0.190 -11.990233
0.200 6.844402
0.210 -15.894997
0.220 -8.385461
0.230 9.394041
0.240 -12.623604
0.250 -5.450342
0.260 0.132331
0.270 7.569460
0.280 11.984767
0.290 10.931734
0.300 14.071855
0.310 11.299383
0.320 6.380292
0.330 7.064623
0.340 2.065006
0.350 0.215115
0.360 3.829218
0.370 8.008886
0.380 0.045378
0.390 3.074103
0.400 -1.885261
0.410 12.740165
0.420 -0.072877
0.430 -12.433807
0.440 -4.151872
0.450 -5.318169
0.460 9.343055
0.470 16.637062
0.480 0.578562
0.490 -5.828800
0.500 12.160833
0.510 -10.604327
0.520 -8.109426
0.530 -13.243436
0.540 2.453254
0.550 8.820983
0.560 1.669442
0.570 7.682749
0.580 20.434937
0.590 -9.461813
0.600 0.735147
0.610 4.999322
0.620 1.604487
0.630 2.381852
0.640 12.348414
0.650 -6.847657
0.660 -5.076147
0.670 0.706935
0.680 5.356689
0.690 11.784804
0.700 1.765574
0.710 18.585521
0.720 -6.343464
0.730 0.335580
0.740 -1.378469
0.750 6.293191
0.760 8.335434
0.770 1.313160
0.780 9.310376
0.790 17.290467
0.800 0.002250
0.810 -15.951954
0.820 7.746239
0.830 16.554798
0.840 -4.668295
0.850 -0.557969
0.860 -0.161179
0.870 -0.487253
0.880 -2.561028
0.890 -3.879936
0.900 -0.899518
0.910 -3.030278
0.920 1.677291
0.930 -9.687575
0.940 8.228656
0.950 1.002682
0.960 12.821963
0.970 1.371505
0.980 5.648512
0.990 -2.259056
