0.000 8.498384
0.010 2.210474
0.020 4.177610
0.030 0.895285
0.040 -0.055656
0.050 6.278698
0.060 0.217810
0.070 -3.566152
0.080 6.674463
0.090 4.556842
0.100 -15.745281
0.110 6.833621
0.120 10.296758
0.130 5.609733
0.140 2.138863
0.150 -4.881107
0.160 -4.396142
0.170 12.187899
0.180 -6.779293
0.190 -0.530262
0.200 11.079961
0.210 -9.242448
0.220 -1.163928
0.230 -19.363602
0.240 -9.833325
0.250 -4.806466
0.260 -2.694599
0.270 -4.178854
0.280 7.145692
0.290 -9.026245
0.300 -12.024077
0.310 -6.797025
0.320 11.968746
0.330 -3.089424
0.340 8.166240
0.350 12.620999
0.360 9.425201
0.370 -9.454831
0.380 1.883140
0.390 10.932217
0.400 4.502955
0.410 -3.066561
0.420 -4.371693
0.430 -0.655809
0.440 -1.946390
0.450 3.397004
0.460 0.842421
0.470 -6.634215
0.480 3.346066
0.490 -6.571223
0.500 3.668451
0.510 -1.801440
0.520 -11.393122
0.530 -4.840579
0.540 10.062851
0.550 -8.386159
0.560 -4.565285
0.570 11.241576
0.580 -6.007951
0.590 -9.356471
0.600 6.158459
0.610 -3.630929
0.620 13.846207
0.630 7.446168
0.640 -3.475200
0.650 5.509123
0.660 10.002712
0.670 6.702959
0.680 2.795536
0.690 3.652838
0.700 6.768220
0.710 10.886853
0.720 -0.534534
0.730 -1.357240
0.740 -9.562292
0.750 -12.428975
0.760 -16.384416
0.770 -14.676947
0.780 -4.960760
0.790 -2.911592
0.800 -2.531357
0.810 4.838174
0.820 14.345411
0.830 12.125604
0.840 -6.075276
0.850 -3.005601
0.860 0.427453
0.870 -1.872494
0.880 -3.620765
0.890 -7.545281
0.900 -1.347903
0.910 1.825462
0.920 -5.349171
0.930 9.304087
0.940 -4.874854
0.950 1.851945
0.960 -16.914496
0.970 1.623451
0.980 7.301321
0.990 10.021990
