0.000 2.484425
0.010 -5.436957
0.020 0.525036
0.030 9.928919
0.040 8.907423
0.050 -10.606030
0.060 0.382826
0.070 -1.673943
0.080 5.806116
0.090 18.829008
0.100 0.091712
0.110 -10.230105
0.120 -1.962721
0.130 -4.277466
0.140 6.355560
0.150 0.368740
0.160 0.283073
0.170 1.812068
0.180 0.487457
0.190 -2.688898
0.200 17.934727
0.210 6.793355
0.220 1.499011
0.230 -6.199918
0.240 6.252246
0.250 2.634557
0.260 -5.486064
0.270 18.047112
0.280 -5.059067
0.290 -3.253961
0.300 -4.937691
0.310 -3.743165
0.320 -0.573035
0.330 14.822869
0.340 3.990863
0.350 8.111842
0.360 -6.497770
0.370 -5.597748
0.380 0.510775
0.390 -6.913416
0.400 3.437462
0.410 7.500245
0.420 0.621513
0.430 -14.375110
0.440 2.259295
0.450 1.842099
0.460 -5.335547
0.470 12.740611
0.480 7.804325
0.490 -14.527491
0.500 -1.310080
0.510 -4.701166
0.520 -12.094588
0.530 -11.707793
0.540 6.025700
0.550 -4.991900
0.560 -2.607308
0.570 -0.013358
0.580 -1.675264
0.590 -0.490314
0.600 15.369774
0.610 -10.821591
0.620 10.217553
0.630 3.586069
0.640 4.769369
0.650 -5.893782
0.660 4.543052
0.670 -4.195413
0.680 -4.734595
0.690 6.545413
0.700 10.436325
0.710 11.480266
0.720 3.467870
0.730 12.688064
0.740 3.768259
0.750 -0.003673
0.760 3.237640
0.770 -2.429099
0.780 6.052148
0.790 -1.415697
0.800 3.542072
0.810 3.403221
0.820 -2.911026
0.830 -3.571170
0.840 6.315769
0.850 -3.395503
0.860 2.218536
0.870 -3.877765
0.880 2.100908
0.890 4.601362
0.900 -1.002335
0.910 2.524496
0.920 -0.576660
0.930 6.286742
0.940 -0.974103
0.950 1.511204
0.960 2.255696
0.970 -2.616079
0.980 4.984025
0.990 14.803311
