0.000 6.175171
0.010 -3.684855
0.020 -19.998223
0.030 7.685923
0.040 -12.333986
0.050 -10.418393
0.060 -2.907775
0.070 -5.653379
0.080 -1.791075
0.090 1.473955
0.100 -11.312500
0.110 -2.424854
0.120 -0.695720
0.130 10.161477
0.140 2.591532
0.150 0.413855
0.160 3.377644
0.170 18.332115
0.180 -7.373877
0.190 11.778840
0.200 0.808674
0.210 6.558825
0.220 8.124201
0.230 0.200887
0.240 -7.656089
0.250 4.394986
0.260 3.589175
0.270 -12.102994
0.280 1.056945
0.290 10.882846
0.300 0.914530
0.310 5.243733
0.320 1.379493
0.330 10.436102
0.340 -1.871611
0.350 1.111144
0.360 -1.354425
0.370 7.384801
0.380 -2.517406
0.390 0.491977
0.400 -9.243327
0.410 7.156864
0.420 -6.748776
0.430 4.192667
0.440 5.419146
0.450 14.172737
0.460 -5.869556
0.470 -0.778277
0.480 0.009588
0.490 -4.996116
0.500 -17.275129
0.510 21.023890
0.520 7.348541
0.530 6.217149
0.540 -0.356815
0.550 -1.731124
0.560 14.746108
0.570 7.364422
0.580 -6.032467
0.590 -4.804422
0.600 1.148902
0.610 -3.929795
0.620 -10.482397
0.630 -1.062613
0.640 0.451981
0.650 4.756969
0.660 3.503572
0.670 0.604950
0.680 1.529473
0.690 -4.779102
0.700 -4.965670
0.710 1.514658
0.720 -0.292166
0.730 7.058824
0.740 -1.872980
0.750 21.262826
0.760 -2.539194
0.770 -3.454751
0.780 -5.865695
0.790 -2.319111
0.800 -14.657866
0.810 3.471581
0.820 9.597132
0.830 9.031274
0.840 12.156669
0.850 4.484759
0.860 -2.772387
0.870 4.862522
0.880 -2.939445
0.890 -1.200324
0.900 15.887183
0.910 -14.184728
0.920 8.485997
0.930 -19.244313
0.940 11.277135
0.950 -0.714076
0.960 -5.912930
0.970 0.749341
0.980 -1.202618
0.990 10.447169
