0.000 17.350826
0.010 4.751851
0.020 10.739983
0.030 -10.403878
0.040 6.681432
0.050 -12.602757
0.060 3.208546
0.070 6.989486
0.080 -1.849963
0.090 12.817492
0.100 -11.116572
0.110 -5.647471
0.120 7.093840
0.130 -0.898914
0.140 -8.934241
0.150 -3.615322
0.160 7.953611
0.170 6.674937
0.180 -0.414631
0.190 2.964537
0.200 2.840832
0.210 4.969306
0.220 -2.218853
0.230 -16.503312
0.240 8.541661
0.250 6.998568
0.260 -1.972337
0.270 -10.789192
0.280 -7.495364
0.290 6.092648
0.300 0.049199
0.310 -5.882357
0.320 4.785808
0.330 -1.987939
0.340 -5.350363
0.350 -3.666234
0.360 0.925390
0.370 -4.906176
0.380 -11.144243
0.390 -2.456700
0.400 -8.675993
0.410 -5.650432
0.420 14.121051
0.430 2.768262
0.440 -0.074630
0.450 -5.647181
0.460 3.626964
0.470 4.888509
0.480 -3.845170
0.490 3.513346
0.500 2.477401
0.510 -1.509471
0.520 5.798074
0.530 0.260498
0.540 0.499018
0.550 -19.259088
0.560 2.958821
0.570 -7.584507
0.580 5.878839
0.590 -2.163230
0.600 4.426259
0.610 -1.114376
0.620 9.697763
0.630 -14.038947
0.640 -9.899443
0.650 -5.356940
0.660 -15.959221
0.670 -0.084377
0.680 6.921209
0.690 -11.569144
0.700 1.733427
0.710 3.547822
0.720 -5.127535
0.730 3.693063
0.740 10.031756
0.750 6.361881
0.760 -7.259073
0.770 1.417135
0.780 6.357677
0.790 9.588084
0.800 3.808317
0.810 -7.907144
0.820 -16.401031
0.830 20.399538
0.840 1.447100
0.850 -8.512442
0.860 -14.735950
0.870 -1.809906
0.880 10.670946
0.890 -0.853820
0.900 -10.014387
0.910 -6.078253
0.920 -3.253755
0.930 1.666991
0.940 6.062855
0.950 -0.545752
0.960 -0.682923
0.970 0.658042
0.980 -8.318094
0.990 7.153956
