0.000 -11.209810
0.010 7.859267
0.020 5.810581
0.030 -6.356410
0.040 2.093488
0.050 -10.176747
0.060 14.427463
0.070 3.961244
0.080 -6.368440
0.090 -0.288315
0.100 -15.682836
0.110 -1.072509
0.120 -13.150305
0.130 -9.411102
0.140 -2.363551
0.150 -0.035638
0.160 17.539792
0.170 -8.662022
0.180 -5.866898
0.190 14.327181
0.200 -0.243927
0.210 3.855106
0.220 12.685221
0.230 5.329739
0.240 -6.218804
0.250 -8.764395
0.260 -6.856803
0.270 0.378403
0.280 4.539425
0.290 -4.409903
0.300 6.871291
0.310 -0.160081
0.320 -9.550184
0.330 2.603959
0.340 9.080533
0.350 3.594894
0.360 -9.076892
0.370 -1.443700
0.380 6.248033
0.390 3.864552
0.400 0.405534
0.410 0.604738
0.420 -21.634879
0.430 -4.018976
0.440 0.187797
0.450 -10.642916
0.460 2.207008
0.470 -5.150503
0.480 -4.048716
0.490 -4.448838
0.500 -8.010050
0.510 -0.221080
0.520 3.011748
0.530 3.585642
0.540 4.846997
0.550 -11.995916
0.560 -13.115287
0.570 12.674960
0.580 -0.872815
0.590 -3.042009
0.600 1.166568
0.610 -2.679329
0.620 -9.276479
0.630 -6.550116
0.640 6.094602
0.650 -5.397810
0.660 -6.254744
0.670 -7.435001
0.680 3.610529
0.690 -5.173283
0.700 -3.809613
0.710 7.308399
0.720 16.163298
0.730 13.633394
0.740 -7.040664
0.750 5.412147
0.760 -3.582568
0.770 2.114590
0.780 -6.779280
0.790 0.927172
0.800 -7.959341
0.810 -7.388619
0.820 4.249303
0.830 -7.324327
0.840 -16.283615
0.850 10.098454
0.860 2.498407
0.870 5.557881
0.880 -4.501348
0.890 -6.667755
0.900 -7.801494
0.910 5.285147
0.920 -2.036022
0.930 17.340502
0.940 2.705185
0.950 20.386562
0.960 -6.472877
0.970 7.135945
0.980 16.800834
0.990 1.670949
