0.000 6.042983
0.010 -6.346017
0.020 3.426749
0.030 -20.178181
0.040 -0.171001
0.050 -7.065759
0.060 4.387067
0.070 5.256954
0.080 3.375329
0.090 0.879912
0.100 -6.913018
0.110 -7.246152
0.120 2.661865
0.130 -3.326999
0.140 3.260999
0.150 -4.491650
0.160 -13.048569
0.170 8.876712
0.180 6.157473
0.190 2.112821
0.200 1.006804
0.210 7.199582
0.220 5.398471
0.230 6.976019
0.240 -7.377633
0.250 -2.894655
0.260 8.235192
0.270 -13.870395
0.280 9.403647
0.290 -9.866758
0.300 -5.732885
0.310 -2.611931
0.320 -2.533504
0.330 -14.874775
0.340 15.722558
0.350 7.718081
0.360 -1.593078
0.370 12.282872
0.380 -6.943188
0.390 0.889905
0.400 3.340199
0.410 -1.317838
0.420 7.363321
0.430 -4.491267
0.440 -11.739164
0.450 -3.680817
0.460 -6.259723
0.470 -5.153372
0.480 0.429684
0.490 -7.929480
0.500 -0.294967
0.510 -7.790480
0.520 -8.714127
0.530 -0.830167
0.540 -4.330115
0.550 -1.118231
0.560 2.986775
0.570 -1.431115
0.580 -1.077155
0.590 -5.251365
0.600 4.619421
0.610 2.078732
0.620 1.359660
0.630 15.838889
0.640 12.896675
0.650 -8.653288
0.660 9.695830
0.670 8.952579
0.680 14.012084
0.690 -0.009512
0.700 -3.791289
0.710 5.904129
0.720 -8.812429
0.730 11.771698
0.740 1.380546
0.750 2.953441
0.760 18.272828
0.770 0.980775
0.780 -2.441549
0.790 5.192646
0.800 4.978285
0.810 1.880705
0.820 6.813301
0.830 -0.403719
0.840 -5.147048
0.850 1.886971
0.860 -15.910033
0.870 -9.813200
0.880 3.239766
0.890 2.719048
0.900 -1.617261
0.910 10.775605
0.920 4.404753
0.930 11.781272
0.940 12.399425
0.950 2.841855
0.960 4.342797
0.970 3.150121
0.980 6.137769
0.990 -15.297748
