0.000 11.577923
0.010 1.432173
0.020 2.411973
0.030 8.212133
0.040 -10.467341
0.050 -5.787116
0.060 6.554990
0.070 1.253376
0.080 -3.718750
0.090 3.547096
0.100 5.439324
0.110 6.030221
0.120 -1.545284
0.130 -2.265881
0.140 -10.335306
0.150 6.822681
0.160 10.523647
0.170 -7.124188
0.180 -1.895692
0.190 18.260727
0.200 -4.643625
0.210 -17.946287
0.220 -3.395159
0.230 4.195294
0.240 2.212219
0.250 -0.665007
0.260 3.676364
0.270 0.877251
0.280 -3.825615
0.290 -2.664739
0.300 3.761095
0.310 -3.095167
0.320 -7.188736
0.330 -6.338213
0.340 11.966669
0.350 -3.109912
0.360 3.665480
0.370 10.311114
0.380 1.824582
0.390 14.597496
0.400 12.433026
0.410 -4.786053
0.420 13.124194
0.430 -3.500493
0.440 -2.041054
0.450 -3.443451
0.460 12.750158
0.470 9.258005
0.480 2.871401
0.490 -1.557422
0.500 -2.105925
0.510 12.000101
0.520 -8.063843
0.530 -6.475433
0.540 -2.860155
0.550 0.267851
0.560 -0.444656
0.570 -4.300354
0.580 2.298564
0.590 2.493867
0.600 -0.581030
0.610 4.606222
0.620 -1.446554
0.630 6.089822
0.640 -0.401911
0.650 -4.040756
0.660 -13.382925
0.670 -6.999832
0.680 -2.895430
0.690 4.484125
0.700 10.373075
0.710 4.903348
0.720 2.073701
0.730 -2.009556
0.740 5.647070
0.750 12.152572
0.760 -0.179385
0.770 -12.423040
0.780 -0.231612
0.790 3.543412
0.800 11.886114
0.810 1.275580
0.820 -14.025295
0.830 -8.536239
0.840 -16.978742
0.850 -11.411051
0.860 -0.719212
0.870 -1.425731
0.880 7.241381
0.890 -6.216608
0.900 2.195230
0.910 -4.079830
0.920 0.997478
0.930 6.498099
0.940 5.934896
0.950 0.424678
0.960 8.010530
0.970 -3.494475
0.980 3.504076
0.990 10.534451
