0.000 -19.172065
0.010 -10.871831
0.020 5.909427
0.030 8.191978
0.040 0.621235
0.050 -2.494123
0.060 -12.814190
0.070 2.440510
0.080 2.440640
0.090 0.971616
0.100 -11.429767
0.110 -9.971624
0.120 -2.573170
0.130 -6.763815
0.140 0.699547
0.150 -4.252152
0.160 12.959992
0.170 1.265694
0.180 5.780812
0.190 -1.773743
0.200 2.426443
0.210 -10.798099
0.220 -1.261136
0.230 -6.679123
0.240 1.990960
0.250 -5.642744
0.260 -1.039132
0.270 3.764197
0.280 0.909344
0.290 1.643695
0.300 -1.640406
0.310 -7.225474
0.320 -4.037042
0.330 -11.422598
0.340 14.864431
0.350 -7.805756
0.360 0.098960
0.370 13.504298
0.380 -4.481483
0.390 -17.770516
0.400 -4.631278
0.410 16.613334
0.420 -9.499585
0.430 4.391194
0.440 4.402727
0.450 6.023973
0.460 -3.610967
0.470 0.766843
0.480 1.490527
0.490 -6.088586
0.500 -13.758596
0.510 14.794478
0.520 4.265581
0.530 6.970358
0.540 3.956622
0.550 3.511794
0.560 3.871305
0.570 -2.663031
0.580 -18.306148
0.590 7.414597
0.600 8.389615
0.610 2.657582
0.620 -4.068283
0.630 -0.695461
0.640 -0.655669
0.650 -2.895430
0.660 -5.324199
0.670 6.153051
0.680 -5.841803
0.690 13.481263
0.700 1.489072
0.710 10.050232
0.720 -7.141852
0.730 -2.518058
0.740 -6.278553
0.750 8.790513
0.760 0.178119
0.770 -4.130622
0.780 -5.323831
0.790 -4.115725
0.800 5.422766
0.810 3.553928
0.820 3.530685
0.830 12.148348
0.840 -10.306499
0.850 -3.823296
0.860 -0.405647
0.870 2.280814
0.880 7.047949
0.890 -10.039835
0.900 6.204731
0.910 -6.785890
0.920 5.740709
0.930 -8.825596
0.940 13.588825
0.950 -0.105285
0.960 -1.537606
0.970 7.262583
0.980 -0.192418
0.990 7.040105
