0.000 -0.791069
0.010 6.059672
0.020 -1.871259
0.030 4.184185
0.040 -3.387454
0.050 2.955808
0.060 -11.519415
0.070 -6.867314
0.080 3.487429
0.090 -11.614968
0.100 1.402014
0.110 -13.513361
0.120 2.878540
0.130 -0.960120
0.140 1.958536
0.150 -0.582470
0.160 2.162342
0.170 -8.922516
0.180 -12.796002
0.190 7.736486
0.200 -6.214087
0.210 -8.106402
0.220 -11.770187
0.230 1.392372
0.240 0.258317
0.250 10.585188
0.260 -13.288767
0.270 -6.562351
0.280 -1.105744
0.290 -6.348083
0.300 -16.949888
0.310 2.063301
0.320 -1.152278
0.330 -7.174499
0.340 4.672011
0.350 -3.489130
0.360 -2.616827
0.370 -7.137401
0.380 10.442881
0.390 10.794420
0.400 -4.109295
0.410 17.858110
0.420 7.040408
0.430 -1.682545
0.440 3.921163
0.450 -0.470175
0.460 7.674495
0.470 -8.819083
0.480 -6.916610
0.490 4.379108
0.500 -1.267061
0.510 -7.533273
0.520 11.910574
0.530 -8.058607
0.540 7.637727
0.550 0.067456
0.560 -3.999467
0.570 -4.371147
0.580 -10.319936
0.590 -14.175429
0.600 6.436877
0.610 12.016973
0.620 9.761440
0.630 -5.573316
0.640 -10.782631
0.650 3.174411
0.660 -12.903024
0.670 3.370428
0.680 8.179787
0.690 -0.418114
0.700 8.499283
0.710 -3.873105
0.720 7.876508
0.730 0.082868
0.740 6.453509
0.750 9.444734
0.760 -4.980413
0.770 4.965905
0.780 -0.360772
0.790 4.945665
0.800 8.713990
0.810 12.080189
0.820 12.192765
0.830 -2.222610
0.840 -4.385661
0.850 4.452561
0.860 2.568922
0.870 7.737804
0.880 6.239188
0.890 2.140235
0.900 4.634164
0.910 11.380885
0.920 -4.854816
0.930 1.632452
0.940 -2.272652
0.950 8.582348
0.960 1.263212
0.970 -1.788865
0.980 6.100547
0.990 1.976887
