0.000 -9.868124
0.010 -2.679957
0.020 5.458206
0.030 9.482606
0.040 2.272809
0.050 0.062243
0.060 -3.490041
0.070 1.943972
0.080 4.065987
0.090 24.036903
0.100 -5.371625
0.110 0.852508
0.120 1.780696
0.130 2.916996
0.140 -8.701992
0.150 3.397359
0.160 6.979018
0.170 0.857318
0.180 -3.871177
0.190 7.444168
0.200 -8.306182
0.210 1.683907
0.220 -5.477291
0.230 -6.517599
0.240 -4.650034
0.250 4.625230
0.260 -7.479982
0.270 3.360044
0.280 12.199256
0.290 -2.659729
0.300 -5.223300
0.310 4.264241
0.320 7.075342
0.330 -7.894933
0.340 -9.713219
0.350 -7.898931
0.360 -1.912617
0.370 -14.596623
0.380 8.084118
0.390 14.017083
0.400 -1.294261
0.410 -3.008622
0.420 6.737635
0.430 5.820491
0.440 1.288882
0.450 -9.520346
0.460 -0.379367
0.470 -9.506938
0.480 -5.398064
0.490 -3.272102
0.500 -1.387009
0.510 -2.214682
0.520 2.102380
0.530 1.564760
0.540 2.190847
0.550 -14.862505
0.560 -2.215031
0.570 -5.952058
0.580 -7.307983
0.590 -0.224960
0.600 -6.490573
0.610 5.944400
0.620 -6.416612
0.630 -0.756720
0.640 -2.824938
0.650 -7.908028
0.660 6.443764
0.670 -4.351019
0.680 -2.434919
0.690 5.120274
0.700 -10.750917
0.710 -3.074468
0.720 -10.954844
0.730 4.074885
0.740 -13.048569
0.750 17.772167
0.760 0.945226
0.770 19.035255
0.780 1.700470
0.790 9.872226
0.800 7.994761
0.810 3.914976
0.820 -3.188632
0.830 5.676911
0.840 -15.656480
0.850 -12.158943
0.860 -2.698407
0.870 -9.016133
0.880 -3.678837
0.890 16.903052
0.900 6.810965
0.910 8.170769
0.920 -12.749612
0.930 12.501947
0.940 1.878231
0.950 9.039049
0.960 -6.967151
0.970 5.559820
0.980 -1.398538
0.990 -5.325130
