0.000 3.431180
0.010 -9.202011
0.020 -7.336955
0.030 1.595909
0.040 8.398035
0.050 2.354793
0.060 8.754118
0.070 -4.108918
0.080 3.554023
0.090 7.043714
0.100 8.747363
0.110 -4.674823
0.120 10.922957
0.130 -12.716968
0.140 -1.813696
0.150 -4.164939
0.160 -4.454615
0.170 9.776655
0.180 10.359220
0.190 6.095012
0.200 9.489187
0.210 6.816108
0.220 -2.532627
0.230 13.475817
0.240 4.633038
0.250 -5.163717
0.260 -2.468888
0.270 -1.623317
0.280 5.848701
0.290 -9.131839
0.300 -6.951500
0.310 -15.075952
0.320 -6.846595
0.330 -11.058131
0.340 15.356654
0.350 -0.539633
0.360 -3.058498
0.370 2.092457
0.380 -3.401775
0.390 -18.972180
0.400 -5.187471
0.410 4.696065
0.420 9.205534
0.430 -4.533538
0.440 -5.624143
0.450 12.712600
0.460 2.324772
0.470 -5.796969
0.480 -10.815565
0.490 -15.132706
0.500 -1.616254
0.510 1.402470
0.520 -11.801828
0.530 2.139847
0.540 -7.439929
0.550 -4.968845
0.560 -20.257456
0.570 2.712476
0.580 -8.621239
0.590 -0.915025
0.600 -3.790437
0.610 8.630293
0.620 7.576692
0.630 6.724678
0.640 -6.540590
0.650 -9.324047
0.660 9.087231
0.670 11.535773
0.680 -2.506826
0.690 -3.142876
0.700 4.308285
0.710 -0.602010
0.720 -7.971232
0.730 -8.223044
0.740 -0.696199
0.750 -11.904994
0.760 5.329310
0.770 2.419296
0.780 -8.965576
0.790 -6.446564
0.800 1.355605
0.810 -14.546544
0.820 -6.234699
0.830 -5.114783
0.840 1.317156
0.850 -7.422590
0.860 11.838411
0.870 -10.697495
0.880 -16.831473
0.890 -8.780003
0.900 4.329982
0.910 7.558452
0.920 -3.443709
0.930 -5.382585
0.940 0.599607
0.950 -1.617915
0.960 -6.393826
0.970 8.694595
0.980 1.691521
0.990 6.260873
