0.000 1.510975
0.010 -12.143088
0.020 7.241769
0.030 -0.768264
0.040 6.362002
0.050 2.876685
0.060 -1.350390
0.070 -20.642782
0.080 -5.452813
0.090 -0.102824
0.100 0.331860
0.110 8.439440
0.120 -3.341763
0.130 1.538827
0.140 -8.131421
0.150 -8.664755
0.160 15.148187
0.170 9.000106
0.180 -3.761363
0.190 -1.349598
0.200 3.021958
0.210 -5.505780
0.220 2.240375
0.230 24.168796
0.240 -4.713348
0.250 12.839550
0.260 13.772988
0.270 1.484177
0.280 -5.891410
0.290 -0.756430
0.300 3.998506
0.310 0.896599
0.320 -7.688936
0.330 -8.163910
0.340 1.011349
0.350 -3.553526
0.360 -0.232494
0.370 4.209947
0.380 -5.546776
0.390 -3.343216
0.400 -0.737221
0.410 -7.307446
0.420 9.430110
0.430 3.625622
0.440 10.709063
0.450 16.445801
0.460 -0.757150
0.470 4.618281
0.480 0.801555
0.490 -1.386871
0.500 0.307131
0.510 5.611805
0.520 4.065120
0.530 -7.802157
0.540 -0.537422
0.550 12.619589
0.560 1.022425
0.570 10.851255
0.580 -0.512997
0.590 -0.232221
0.600 5.596185
0.610 -3.237620
0.620 23.973230
0.630 -4.350025
0.640 10.932381
0.650 -2.963888
0.660 6.883621
0.670 1.986727
0.680 -1.012602
0.690 3.202802
0.700 4.070856
0.710 0.561359
0.720 0.703367
0.730 0.926367
0.740 -6.359697
0.750 -1.702030
0.760 -8.277279
0.770 -5.031933
0.780 2.261485
0.790 1.105203
0.800 -14.485015
0.810 6.683902
0.820 9.844269
0.830 4.987513
0.840 4.587348
0.850 -8.714298
0.860 -16.341304
0.870 0.948351
0.880 8.046671
0.890 -0.465467
0.900 -2.837711
0.910 -3.294029
0.920 4.710809
0.930 3.079333
0.940 14.916606
0.950 -4.320583
0.960 15.208151
0.970 -1.186166
0.980 3.693318
0.990 -11.593640
