0.000 -1.155074
0.010 6.189458
0.020 1.148885
0.030 6.219985
0.040 -10.786443
0.050 -1.206635
0.060 -0.076519
0.070 5.958424
0.080 -3.184405
0.090 -3.007252
0.100 -6.185702
0.110 0.479833
0.120 3.089178
0.130 13.375051
0.140 5.379773
0.150 8.665117
0.160 2.471295
0.170 -1.944762
0.180 4.251896
0.190 -9.473993
0.200 -10.226121
0.210 -5.831512
0.220 -2.180732
0.230 -7.243925
0.240 -2.270975
0.250 -3.089663
0.260 -5.387513
0.270 -13.765321
0.280 -0.896420
0.290 4.043958
0.300 -8.807123
0.310 -7.804709
0.320 11.732414
0.330 10.774560
0.340 7.065451
0.350 -15.279971
0.360 9.039152
0.370 5.332206
0.380 -1.354971
0.390 -4.198895
0.400 -2.968161
0.410 -7.369418
0.420 -13.908304
0.430 -4.509292
0.440 -14.162453
0.450 7.858954
0.460 -7.878984
0.470 5.941175
0.480 11.615991
0.490 0.257516
0.500 -8.707937
0.510 -8.059502
0.520 -1.344321
0.530 -12.611343
0.540 -1.833058
0.550 -12.021275
0.560 -3.587000
0.570 -2.205381
0.580 -0.558911
0.590 0.825217
0.600 1.682106
0.610 -0.720833
0.620 -2.589737
0.630 8.039697
0.640 -9.974152
0.650 5.794491
0.660 2.142691
0.670 -5.111868
0.680 -2.321956
0.690 7.522945
0.700 -0.372407
0.710 -4.744271
0.720 5.487840
0.730 -5.723688
0.740 0.484140
0.750 14.653717
0.760 -14.258384
0.770 -18.113077
0.780 -3.940821
0.790 -9.398227
0.800 -5.777383
0.810 4.540872
0.820 -8.632460
0.830 1.598774
0.840 6.547789
0.850 5.681366
0.860 -8.589461
0.870 2.022458
0.880 -3.499590
0.890 -6.005444
0.900 0.967744
0.910 9.892460
0.920 -8.347376
0.930 5.382461
0.940 -0.133591
0.950 6.292080
0.960 5.340942
0.970 2.416726
0.980 6.970024
0.990 -4.978449
