0.000 3.251845
0.010 -3.013996
0.020 0.532811
0.030 -15.891523
0.040 -3.948783
0.050 6.417134
0.060 4.663703
0.070 18.104000
0.080 -1.520169
0.090 -1.696559
0.100 -8.153945
0.110 -3.472800
0.120 -6.502089
0.130 6.882186
0.140 -3.989198
0.150 4.372462
0.160 8.083895
0.170 -18.519874
0.180 -15.480905
0.190 2.344258
0.200 7.432018
0.210 9.771630
0.220 13.657316
0.230 -7.727900
0.240 7.587341
0.250 2.847998
0.260 1.566807
0.270 3.334370
0.280 8.370732
0.290 15.175055
0.300 1.505847
0.310 -4.091744
0.320 2.685141
0.330 15.953751
0.340 3.834173
0.350 8.697128
0.360 16.338451
0.370 9.659027
0.380 -13.695850
0.390 -10.356640
0.400 -5.574407
0.410 -4.487970
0.420 4.853070
0.430 -12.756859
0.440 5.279938
0.450 -7.389673
0.460 -17.920911
0.470 -3.967763
0.480 -0.888108
0.490 3.448749
0.500 1.777360
0.510 5.238975
0.520 -4.696932
0.530 -8.915820
0.540 5.983806
0.550 4.438547
0.560 8.460698
0.570 -14.422651
0.580 12.959464
0.590 0.043913
0.600 -5.625796
0.610 -3.646701
0.620 -1.968554
0.630 2.089399
0.640 -0.972896
0.650 -8.859245
0.660 1.190059
0.670 1.414645
0.680 16.145570
0.690 0.383864
0.700 -7.972699
0.710 0.141740
0.720 -8.259298
0.730 -10.387007
0.740 -7.083399
0.750 -4.216145
0.760 -13.342639
0.770 -7.969274
0.780 -5.213361
0.790 4.210859
0.800 -3.739940
0.810 -13.236840
0.820 -12.296972
0.830 1.537370
0.840 2.673948
0.850 0.618129
0.860 8.922377
0.870 1.302384
0.880 10.972379
0.890 -2.942825
0.900 1.426572
0.910 -7.871052
0.920 -0.013805
0.930 3.617153
0.940 -9.026402
0.950 -6.472619
0.960 9.010858
0.970 14.421516
0.980 -6.747025
0.990 -18.867360
