0.000 5.964813
0.010 7.913071
0.020 10.469220
0.030 -0.401322
0.040 6.757602
0.050 4.745011
0.060 -1.790590
0.070 9.110470
0.080 -4.334135
0.090 12.813585
0.100 -11.225253
0.110 8.974529
0.120 0.090801
0.130 -5.731055
0.140 0.666093
0.150 -6.230849
0.160 4.062897
0.170 -2.701469
0.180 -4.275435
0.190 1.424942
0.200 -2.291301
0.210 -10.160935
0.220 0.622467
0.230 0.616466
0.240 12.383096
0.250 -1.216128
0.260 -8.003918
0.270 15.159968
0.280 3.689346
0.290 -8.892447
0.300 13.454119
0.310 11.809436
0.320 -3.291692
0.330 -1.498537
0.340 22.924581
0.350 -8.722848
0.360 6.835570
0.370 19.210394
0.380 -4.460406
0.390 -1.846129
0.400 -16.885368
0.410 0.919582
0.420 -4.689778
0.430 7.580308
0.440 -4.010389
0.450 16.467921
0.460 2.135951
0.470 -6.685062
0.480 -12.881306
0.490 -0.604886
0.500 0.378470
0.510 -6.662809
0.520 -3.665237
0.530 -3.351323
0.540 9.002946
0.550 -6.949723
0.560 -10.259574
0.570 -0.166807
0.580 12.956124
0.590 3.165343
0.600 0.261428
0.610 5.883667
0.620 14.382823
0.630 5.288224
0.640 -6.906051
0.650 4.510299
0.660 -6.902324
0.670 4.953203
0.680 -10.621219
0.690 -11.296460
0.700 4.534790
0.710 -4.810745
0.720 -4.090332
0.730 10.268092
0.740 -6.585207
0.750 6.426134
0.760 10.635446
0.770 -9.168526
0.780 -2.078049
0.790 8.657923
0.800 -2.357667
0.810 -1.438206
0.820 -1.080669
0.830 3.049240
0.840 -4.199091
0.850 -3.128380
0.860 -13.163811
0.870 -0.517728
0.880 5.888925
0.890 2.942025
0.900 -2.278933
0.910 7.651510
0.920 -25.211130
0.930 8.448032
0.940 6.403762
0.950 -8.162022
0.960 1.890787
0.970 -6.079314
0.980 -7.893210
0.990 -24.548061
