0.000 25.034069
0.010 -7.518548
0.020 1.285464
0.030 1.848943
0.040 10.056897
0.050 4.181089
0.060 1.492113
0.070 8.272429
0.080 7.095724
0.090 4.633620
0.100 -3.329252
0.110 5.275647
0.120 4.926976
0.130 -10.601298
0.140 11.410905
0.150 -15.505268
0.160 -7.878838
0.170 -4.050660
0.180 -3.853871
0.190 11.351311
0.200 14.182893
0.210 -14.952399
0.220 -9.695765
0.230 0.189630
0.240 6.184137
0.250 -0.244556
0.260 -8.254526
0.270 7.290385
0.280 -3.356725
0.290 0.329383
0.300 -3.850491
0.310 15.168184
0.320 0.359298
0.330 15.518383
0.340 -2.452879
0.350 -1.534224
0.360 2.661265
0.370 -10.642302
0.380 5.032073
0.390 -4.373741
0.400 15.560505
0.410 0.701432
0.420 -11.187315
0.430 -8.664893
0.440 2.307543
0.450 0.024393
0.460 15.858444
0.470 1.874818
0.480 -3.962612
0.490 8.058844
0.500 5.033730
0.510 6.662271
0.520 11.148843
0.530 -1.239477
0.540 3.797108
0.550 28.135096
0.560 7.241352
0.570 -2.037063
0.580 -14.246515
0.590 -4.172090
0.600 -15.370556
0.610 12.221820
0.620 -2.421564
0.630 -4.331687
0.640 2.068753
0.650 7.978372
0.660 -3.590870
0.670 -7.423372
0.680 -1.569066
0.690 11.758477
0.700 6.698048
0.710 -4.938398
0.720 -4.340108
0.730 -7.962404
0.740 -15.604397
0.750 5.412015
0.760 4.845821
0.770 -1.017571
0.780 -5.042640
0.790 -7.163325
0.800 -4.681551
0.810 -5.791187
0.820 -2.520201
0.830 2.520665
0.840 16.081913
0.850 3.232855
0.860 4.521290
0.870 5.109829
0.880 -2.284043
0.890 -0.212805
0.900 -10.518933
0.910 -3.287528
0.920 -1.746659
0.930 8.346896
0.940 4.944385
0.950 -10.798183
0.960 -11.478414
0.970 -5.238014
0.980 3.277295
0.990 1.495841
