0.000 -2.970219
0.010 -16.635035
0.020 -8.017927
0.030 -2.363583
0.040 12.272322
0.050 3.507062
0.060 -1.333159
0.070 10.830058
0.080 6.226609
0.090 1.147375
0.100 -4.599146
0.110 1.602854
0.120 2.199024
0.130 9.993181
0.140 -6.598688
0.150 1.703285
0.160 -9.587609
0.170 5.470312
0.180 -11.061192
0.190 14.032561
0.200 3.407845
0.210 10.296897
0.220 -7.578728
0.230 -7.655403
0.240 2.317006
0.250 -1.930868
0.260 9.310252
0.270 -3.872631
0.280 9.463987
0.290 7.848680
0.300 13.129944
0.310 0.545281
0.320 -4.050632
0.330 0.763678
0.340 7.033162
0.350 12.716780
0.360 3.437936
0.370 -0.989845
0.380 -5.524245
0.390 0.347779
0.400 -5.246848
0.410 -5.051161
0.420 11.078009
0.430 -5.974816
0.440 -0.286991
0.450 0.185824
0.460 -0.351402
0.470 3.743204
0.480 -6.282532
0.490 8.963308
0.500 6.160549
0.510 1.811471
0.520 -4.241345
0.530 -14.430803
0.540 3.862844
0.550 -2.038731
0.560 -9.053318
0.570 -4.384777
0.580 8.671170
0.590 5.264778
0.600 1.664471
0.610 11.101101
0.620 -3.184337
0.630 -16.163480
0.640 -1.520657
0.650 -9.194541
0.660 -0.017052
0.670 0.536060
0.680 12.391010
0.690 0.625097
0.700 4.846528
0.710 2.405221
0.720 1.805129
0.730 -17.326299
0.740 -2.292396
0.750 0.903458
0.760 -1.123361
0.770 15.086149
0.780 -2.305161
0.790 -6.524552
0.800 -1.306897
0.810 8.483240
0.820 5.940383
0.830 3.771199
0.840 8.499629
0.850 3.034115
0.860 -11.296610
0.870 -4.834955
0.880 -8.554759
0.890 -3.989161
0.900 -1.296158
0.910 10.845273
0.920 11.135508
0.930 4.503198
0.940 -13.473773
0.950 -6.308724
0.960 -4.131119
0.970 -0.169468
0.980 5.214773
0.990 14.845858
