0.000 2.207768
0.010 -5.794824
0.020 -7.344564
0.030 -3.818540
0.040 -1.710170
0.050 -6.164628
0.060 7.096602
0.070 3.688260
0.080 -24.620415
0.090 2.468175
0.100 -5.231853
0.110 1.132787
0.120 -5.469095
0.130 11.666921
0.140 0.650395
0.150 12.332424
0.160 -16.512404
0.170 10.498526
0.180 -7.723106
0.190 4.536541
0.200 1.001816
0.210 -5.700854
0.220 -5.178331
0.230 2.704691
0.240 8.525145
0.250 -1.590075
0.260 -6.424190
0.270 -0.736982
0.280 2.683265
0.290 1.475971
0.300 -5.026476
0.310 -7.089343
0.320 12.470575
0.330 -4.580318
0.340 -3.841432
0.350 7.365366
0.360 8.305987
0.370 1.487227
0.380 8.271340
0.390 -8.042495
0.400 -7.761915
0.410 4.603095
0.420 9.456890
0.430 -6.414564
0.440 -21.683219
0.450 4.012497
0.460 3.457206
0.470 5.082813
0.480 -1.496053
0.490 1.766324
0.500 7.330571
0.510 -1.677354
0.520 4.898548
0.530 4.333858
0.540 -0.379760
0.550 10.889389
0.560 -1.664282
0.570 6.225666
0.580 2.313063
0.590 -6.370688
0.600 -8.419406
0.610 0.890320
0.620 -6.353872
0.630 -8.924171
0.640 -5.217378
0.650 -2.648427
0.660 -0.033875
0.670 20.417963
0.680 -16.323662
0.690 13.507859
0.700 -5.128401
0.710 21.048113
0.720 13.577578
0.730 -12.523813
0.740 -7.043285
0.750 8.287450
0.760 15.109153
0.770 -2.114544
0.780 -10.656930
0.790 -8.749874
0.800 3.385980
0.810 -3.334648
0.820 7.028797
0.830 13.231909
0.840 5.148177
0.850 -3.359960
0.860 -6.981579
0.870 -9.288359
0.880 -3.136443
0.890 -0.318261
0.900 0.290812
0.910 -1.454984
0.920 19.799652
0.930 7.800838
0.940 -14.868678
0.950 1.346750
0.960 5.740401
0.970 5.394346
0.980 -1.407669
0.990 -0.290634
