0.000 -3.855445
0.010 -12.141993
0.020 -1.437836
0.030 -10.610399
0.040 -0.809810
0.050 -12.148193
0.060 -8.993819
0.070 -13.133444
0.080 -5.448717
0.090 6.380306
0.100 -16.172672
0.110 -7.015387
0.120 -6.151245
0.130 -2.068320
0.140 -0.724664
0.150 9.094959
0.160 -16.713827
0.170 3.920526
0.180 2.997973
0.190 -2.435544
0.200 1.276442
0.210 10.652096
0.220 14.822529
0.230 -3.794346
0.240 1.407585
0.250 -15.947092
0.260 -4.702568
0.270 -1.782424
0.280 2.091567
0.290 5.799888
0.300 -1.678415
0.310 -11.547766
0.320 -0.635047
0.330 11.680454
0.340 -0.035913
0.350 9.752433
0.360 -14.073211
0.370 14.714842
0.380 -4.115380
0.390 10.174021
0.400 -0.886009
0.410 -10.054538
0.420 1.959694
0.430 0.509994
0.440 -0.867702
0.450 -8.068273
0.460 4.871397
0.470 6.017967
0.480 -3.182182
0.490 -11.417564
0.500 7.473725
0.510 -0.055843
0.520 -3.072403
0.530 -5.492579
0.540 2.279208
0.550 0.798662
0.560 -2.250680
0.570 -2.399661
0.580 7.050396
0.590 -2.658884
0.600 -13.164700
0.610 4.209855
0.620 -4.566689
0.630 1.952020
0.640 -0.058492
0.650 10.009734
0.660 -3.617389
0.670 -11.313737
0.680 6.826272
0.690 3.557456
0.700 -1.843999
0.710 4.984004
0.720 1.311963
0.730 9.072500
0.740 -6.575325
0.750 1.985263
0.760 -4.840831
0.770 -1.799456
0.780 -2.764921
0.790 -1.101969
0.800 12.693575
0.810 -4.923000
0.820 -16.323344
0.830 10.131563
0.840 -6.587452
0.850 2.638365
0.860 -0.133730
0.870 -0.674904
0.880 5.718257
0.890 -13.872729
0.900 -2.084669
0.910 -1.390386
0.920 13.561440
0.930 -0.272014
0.940 1.772144
0.950 0.993022
0.960 1.696456
0.970 1.017990
0.980 -15.940420
0.990 2.443484
