0.000 3.687812
0.010 3.580851
0.020 -14.574176
0.030 0.835817
0.040 -5.902068
0.050 -2.230079
0.060 -16.760361
0.070 0.546324
0.080 2.038430
0.090 2.488352
0.100 -5.245783
0.110 6.985123
0.120 -10.886593
0.130 -7.029444
0.140 -1.798271
0.150 1.489533
0.160 4.661944
0.170 -3.561562
0.180 4.932819
0.190 -6.856482
0.200 -8.973547
0.210 -6.347560
0.220 -11.898963
0.230 -0.403800
0.240 -5.903901
0.250 10.270137
0.260 -5.420986
0.270 -3.221962
0.280 -9.862544
0.290 -0.440203
0.300 7.090313
0.310 -20.774700
0.320 6.717174
0.330 -0.519609
0.340 -12.658144
0.350 3.129110
0.360 5.789758
0.370 9.250446
0.380 0.062758
0.390 -7.528636
0.400 -1.424596
0.410 14.819038
0.420 3.737453
0.430 -10.459925
0.440 0.181719
0.450 2.384483
0.460 -0.850261
0.470 7.702199
0.480 -1.308104
0.490 -1.193127
0.500 -8.719115
0.510 2.258224
0.520 -4.959929
0.530 1.667034
0.540 -8.853950
0.550 2.998288
0.560 9.583599
0.570 -4.623571
0.580 12.440220
0.590 -11.210306
0.600 6.547162
0.610 6.838214
0.620 4.621220
0.630 -6.022812
0.640 3.819320
0.650 -0.666408
0.660 0.497426
0.670 0.155806
0.680 1.100986
0.690 -6.384936
0.700 10.844884
0.710 2.715822
0.720 -10.656765
0.730 5.439421
0.740 3.371201
0.750 0.226513
0.760 -2.294398
0.770 1.424716
0.780 -10.162155
0.790 -10.292083
0.800 2.389579
0.810 -7.619922
0.820 -4.512068
0.830 14.188866
0.840 9.598751
0.850 0.260587
0.860 -10.369456
0.870 7.791448
0.880 -10.678120
0.890 5.270567
0.900 -4.956615
0.910 9.879251
0.920 2.349725
0.930 -4.414946
0.940 -1.668028
0.950 11.728261
0.960 -11.461587
0.970 -2.712683
0.980 -17.851549
0.990 12.510835
