0.000 -4.470248
0.010 14.012980
0.020 21.802825
0.030 -0.414457
0.040 4.669595
0.050 -0.763368
0.060 2.049918
0.070 -6.230009
0.080 -8.895633
0.090 0.200632
0.100 2.269443
0.110 14.964893
0.120 0.782204
0.130 0.900196
0.140 -2.866577
0.150 -11.357012
0.160 16.072069
0.170 5.358416
0.180 2.243161
0.190 -6.831376
0.200 2.243788
0.210 8.793491
0.220 2.103033
0.230 -3.251794
0.240 -9.932395
0.250 4.172760
0.260 -17.124092
0.270 5.910571
0.280 6.832685
0.290 4.851560
0.300 5.111236
0.310 -11.644689
0.320 5.227313
0.330 1.694235
0.340 1.060335
0.350 -3.507738
0.360 -6.534582
0.370 -8.413611
0.380 10.015945
0.390 1.250776
0.400 -0.219523
0.410 3.883429
0.420 -9.298755
0.430 -3.018387
0.440 4.716935
0.450 -2.998642
0.460 4.066118
0.470 3.961812
0.480 9.958686
0.490 2.157131
0.500 -2.685566
0.510 1.609856
0.520 12.070500
0.530 8.259107
0.540 -2.208729
0.550 -3.895187
0.560 4.963574
0.570 -9.640160
0.580 -6.857492
0.590 8.181335
0.600 7.063593
0.610 12.108524
0.620 -4.500557
0.630 -18.395912
0.640 7.164549
0.650 1.900099
0.660 0.075981
0.670 -11.064739
0.680 -6.445544
0.690 3.556771
0.700 -12.727159
0.710 -3.277756
0.720 16.745377
0.730 -1.345708
0.740 -1.857283
0.750 14.460573
0.760 10.990594
0.770 -3.031945
0.780 -6.990746
0.790 0.305889
0.800 2.499205
0.810 1.886154
0.820 -8.426229
0.830 14.970401
0.840 7.593691
0.850 11.232356
0.860 -7.972211
0.870 -22.119316
0.880 -1.396842
0.890 6.758614
0.900 -2.981033
0.910 27.038805
0.920 -2.543124
0.930 0.473949
0.940 4.843633
0.950 11.620256
0.960 -7.599453
0.970 4.473566
0.980 -9.061141
0.990 -12.144645
