0.000 2.180175
0.010 -2.974222
0.020 0.189127
0.030 3.852970
0.040 -10.059213
0.050 0.515366
0.060 -6.172788
0.070 -7.189294
0.080 -3.021288
0.090 -0.416949
0.100 -1.519784
0.110 -11.239915
0.120 -22.258062
0.130 -1.912720
0.140 -3.765539
0.150 -5.948360
0.160 7.994895
0.170 1.328155
0.180 -8.505387
0.190 -20.598222
0.200 6.680060
0.210 9.151951
0.220 -6.178701
0.230 3.364795
0.240 -10.753223
0.250 -6.427897
0.260 9.559090
0.270 -13.288400
0.280 -7.719606
0.290 1.434172
0.300 -9.772898
0.310 -10.724046
0.320 -15.492678
0.330 0.818412
0.340 -3.314306
0.350 0.747241
0.360 -8.261732
0.370 2.335407
0.380 18.600963
0.390 -11.915623
0.400 10.115849
0.410 5.905285
0.420 -5.440579
0.430 -2.312188
0.440 -10.518766
0.450 6.964782
0.460 7.674376
0.470 -13.410373
0.480 -23.137828
0.490 15.238103
0.500 -14.358584
0.510 -21.243573
0.520 -11.634470
0.530 -2.815327
0.540 -15.574511
0.550 -2.958801
0.560 -7.520788
0.570 -2.868742
0.580 15.215510
0.590 6.487210
0.600 -7.868391
0.610 -12.289857
0.620 -5.004388
0.630 1.874766
0.640 3.862245
0.650 -4.443383
0.660 8.331161
0.670 -5.581704
0.680 -4.376641
0.690 -6.612913
0.700 -4.503717
0.710 -9.338805
0.720 -19.309015
0.730 0.640785
0.740 -10.020662
0.750 -6.255793
0.760 -1.871425
0.770 -3.203959
0.780 13.951972
0.790 -11.709664
0.800 -11.053349
0.810 -7.602399
0.820 -6.663481
0.830 -1.908016
0.840 0.361872
0.850 -3.354299
0.860 -1.583560
0.870 0.663765
0.880 1.867123
0.890 17.631206
0.900 14.638009
0.910 10.205411
0.920 -0.514414
0.930 9.653242
0.940 9.230122
0.950 10.500343
0.960 -0.685156
0.970 -3.272836
0.980 -4.165176
0.990 -3.115940
