0.000 11.604011
0.010 14.598233
0.020 5.547781
0.030 -9.969134
0.040 12.267795
0.050 -6.156851
0.060 -0.887275
0.070 -1.493489
0.080 13.031970
0.090 1.475994
0.100 6.723934
0.110 -2.411675
0.120 8.071636
0.130 -8.447185
0.140 -18.266254
0.150 2.494911
0.160 -8.936764
0.170 1.811030
0.180 -4.664907
0.190 4.253043
0.200 -2.281161
0.210 0.084390
0.220 -0.871729
0.230 -11.078216
0.240 -1.771429
0.250 2.308642
0.260 2.177472
0.270 -5.263711
0.280 -1.012988
0.290 7.128123
0.300 2.091376
0.310 3.124241
0.320 1.003268
0.330 0.380050
0.340 7.379334
0.350 4.426007
0.360 -7.061825
0.370 1.273973
0.380 -20.682004
0.390 -9.851477
0.400 7.050987
0.410 5.695166
0.420 8.090549
0.430 3.793779
0.440 9.117205
0.450 4.984203
0.460 3.285868
0.470 5.880501
0.480 8.239674
0.490 -18.202631
0.500 -10.498624
0.510 5.953799
0.520 -3.557989
0.530 1.196914
0.540 -16.609897
0.550 5.655566
0.560 -4.534193
0.570 -1.261115
0.580 -13.145969
0.590 1.563573
0.600 -6.260972
0.610 -10.726138
0.620 0.821992
0.630 11.678245
0.640 -2.826874
0.650 4.345601
0.660 9.305413
0.670 13.412294
0.680 -4.565597
0.690 10.252180
0.700 8.272337
0.710 5.144652
0.720 -5.835308
0.730 -6.353144
0.740 5.506094
0.750 16.465841
0.760 -7.366910
0.770 -5.575449
0.780 -10.771725
0.790 -13.129441
0.800 4.075668
0.810 -2.742952
0.820 -0.527689
0.830 2.761872
0.840 7.669625
0.850 -9.411636
0.860 7.630242
0.870 2.533842
0.880 0.160869
0.890 -6.379554
0.900 5.633046
0.910 -15.230530
0.920 6.928777
0.930 -11.954111
0.940 -6.568385
0.950 -0.066986
0.960 6.983854
0.970 0.308973
0.980 -0.099880
0.990 2.292614
