0.000 -7.947645
0.010 20.608780
0.020 -11.422542
0.030 -5.961005
0.040 -5.941510
0.050 -9.575501
0.060 -1.486504
0.070 -3.264924
0.080 9.378533
0.090 3.898411
0.100 -9.099514
0.110 -6.866913
0.120 13.058852
0.130 0.952579
0.140 -10.457947
0.150 12.916258
0.160 -0.712260
0.170 6.174601
0.180 -2.346712
0.190 -9.419575
0.200 -12.396645
0.210 9.726281
0.220 10.784111
0.230 1.905408
0.240 -8.354896
0.250 11.975485
0.260 -18.485721
0.270 0.896029
0.280 -9.894124
0.290 -3.307766
0.300 -10.638178
0.310 0.340823
0.320 8.030574
0.330 10.523290
0.340 -0.975436
0.350 -9.199238
0.360 7.817593
0.370 -2.646601
0.380 2.319427
0.390 -0.827191
0.400 -8.046709
0.410 -13.506922
0.420 9.412089
0.430 -8.096771
0.440 -5.765079
0.450 8.536222
0.460 -8.836867
0.470 1.542019
0.480 -7.467976
0.490 9.749598
0.500 4.049996
0.510 -8.296202
0.520 -14.673382
0.530 -1.539293
0.540 -2.624993
0.550 3.082848
0.560 -2.264174
0.570 11.119162
0.580 -8.899630
0.590 4.752875
0.600 4.465487
0.610 -16.077143
0.620 1.566416
0.630 10.873704
0.640 5.258020
0.650 3.721245
0.660 3.759914
0.670 7.095664
0.680 -13.440503
0.690 5.060199
0.700 1.003364
0.710 -2.475988
0.720 5.855525
0.730 7.852435
0.740 17.366237
0.750 5.653105
0.760 -5.176334
0.770 2.407729
0.780 0.585405
0.790 8.230267
0.800 -8.427777
0.810 -4.449597
0.820 13.321111
0.830 -11.107308
0.840 -3.953069
0.850 10.435790
0.860 2.163870
0.870 14.569035
0.880 9.342708
0.890 1.630422
0.900 -5.708912
0.910 -6.078561
0.920 2.213597
0.930 -6.825489
0.940 11.834943
0.950 -5.567240
0.960 3.291148
0.970 -13.720823
0.980 3.353323
0.990 0.017153
