0.000 -9.217364
0.010 1.671382
0.020 -11.178566
0.030 -10.925431
0.040 4.857502
0.050 -6.393663
0.060 -1.160542
0.070 -4.269698
0.080 5.313717
0.090 3.749392
0.100 1.405321
0.110 12.099081
0.120 -1.408526
0.130 5.734325
0.140 -1.043087
0.150 6.481414
0.160 2.516057
0.170 0.111295
0.180 -7.431765
0.190 1.989675
0.200 -15.746780
0.210 -15.333608
0.220 5.044555
0.230 -17.582410
0.240 -0.746829
0.250 -3.747010
0.260 -6.633038
0.270 -5.996999
0.280 10.016892
0.290 -13.158984
0.300 -7.048644
0.310 -6.048552
0.320 2.860312
0.330 10.920250
0.340 3.475418
0.350 -3.784712
0.360 -11.173148
0.370 0.554630
0.380 2.249396
0.390 14.360502
0.400 2.834228
0.410 0.016956
0.420 -7.437244
0.430 -14.841077
0.440 -3.306568
0.450 -1.592558
0.460 -4.835057
0.470 9.281187
0.480 -2.993845
0.490 3.998935
0.500 2.549021
0.510 11.501275
0.520 -4.637418
0.530 -1.454066
0.540 4.942454
0.550 3.969096
0.560 0.747165
0.570 2.531200
0.580 -2.572936
0.590 -14.156391
0.600 1.372719
0.610 -1.874656
0.620 -3.277603
0.630 -18.234439
0.640 0.467252
0.650 11.360852
0.660 -4.856523
0.670 -0.799017
0.680 6.995788
0.690 -13.719514
0.700 2.899784
0.710 2.498636
0.720 16.435558
0.730 -8.928451
0.740 -2.049544
0.750 -7.674511
0.760 -14.588479
0.770 -3.038434
0.780 15.691925
0.790 -6.297806
0.800 10.411532
0.810 5.992762
0.820 7.879413
0.830 -4.642777
0.840 6.614413
0.850 -3.621121
0.860 13.568972
0.870 -5.560078
0.880 -1.003037
0.890 4.488180
0.900 -0.248635
0.910 -9.632497
0.920 -4.415004
0.930 3.914906
0.940 5.412126
0.950 1.336847
0.960 7.549693
0.970 -5.278279
0.980 -5.047492
0.990 -3.130585
