0.000 -0.103983
0.010 10.429312
0.020 -3.662002
0.030 -5.893520
0.040 7.847020
0.050 4.310897
0.060 -10.795029
0.070 6.469041
0.080 5.227995
0.090 -17.329297
0.100 -12.434732
0.110 -23.798136
0.120 2.124542
0.130 -6.697555
0.140 8.038804
0.150 24.287903
0.160 1.139341
0.170 1.922026
0.180 1.020368
0.190 3.132464
0.200 7.138915
0.210 1.704809
0.220 6.612148
0.230 1.055607
0.240 -0.694490
0.250 1.699104
0.260 1.856298
0.270 11.830954
0.280 -16.655791
0.290 1.972394
0.300 8.028754
0.310 12.454063
0.320 10.029096
0.330 8.138381
0.340 -5.243137
0.350 -1.760498
0.360 -12.831510
0.370 -9.323101
0.380 12.399449
0.390 4.387669
0.400 4.178981
0.410 10.119265
0.420 -1.851930
0.430 18.741745
0.440 2.236388
0.450 -6.365930
0.460 -1.336936
0.470 -10.679942
0.480 2.658807
0.490 -12.886785
0.500 -5.556898
0.510 -3.857224
0.520 -0.300809
0.530 -1.148217
0.540 -0.006924
0.550 -5.860903
0.560 4.485887
0.570 -0.884791
0.580 -7.253122
0.590 0.397470
0.600 7.451243
0.610 1.354026
0.620 -2.971363
0.630 -1.431631
0.640 6.998439
0.650 -3.025813
0.660 2.350946
0.670 0.674225
0.680 3.486565
0.690 -12.148277
0.700 -13.313043
0.710 -3.742976
0.720 -1.953399
0.730 8.511076
0.740 -0.333616
0.750 4.337848
0.760 -7.694918
0.770 10.571977
0.780 -0.189206
0.790 0.464018
0.800 -10.378988
0.810 8.938128
0.820 0.206870
0.830 -4.917128
0.840 0.292911
0.850 -3.663056
0.860 12.459497
0.870 -14.451449
0.880 12.592964
0.890 13.692444
0.900 8.871083
0.910 3.638970
0.920 -1.353379
0.930 9.721566
0.940 -2.700150
0.950 -6.163085
0.960 1.406498
0.970 -0.816680
0.980 6.499975
0.990 -0.004588
