0.000 -4.284156
0.010 -9.707522
0.020 -4.875599
0.030 -8.894175
0.040 -0.670900
0.050 -1.106287
0.060 -2.302957
0.070 -1.009912
0.080 22.942812
0.090 -3.939965
0.100 3.118338
0.110 4.943365
0.120 -11.492202
0.130 -8.713578
0.140 13.119537
0.150 1.545230
0.160 -9.500796
0.170 4.677535
0.180 3.628811
0.190 -4.290226
0.200 1.891587
0.210 2.248028
0.220 -4.858892
0.230 5.703026
0.240 -20.867663
0.250 19.238666
0.260 0.828186
0.270 -2.273324
0.280 -3.254348
0.290 11.780628
0.300 0.255357
0.310 -8.268065
0.320 1.773268
0.330 -2.973330
0.340 -7.621397
0.350 11.373909
0.360 19.768317
0.370 -7.310718
0.380 5.495461
0.390 -1.197710
0.400 2.730194
0.410 -20.342524
0.420 -7.437563
0.430 1.478542
0.440 -9.491097
0.450 -2.328406
0.460 -2.394717
0.470 0.252144
0.480 -1.588315
0.490 3.730396
0.500 7.720957
0.510 -19.316892
0.520 2.485572
0.530 -3.337222
0.540 3.217937
0.550 0.895117
0.560 12.279214
0.570 -8.929491
0.580 -6.380665
0.590 5.446295
0.600 -3.392792
0.610 3.164115
0.620 -8.377563
0.630 12.828479
0.640 -4.945048
0.650 -2.705899
0.660 11.621552
0.670 3.316322
0.680 -0.867620
0.690 6.963374
0.700 7.854136
0.710 12.346617
0.720 -2.877745
0.730 1.911064
0.740 0.981941
0.750 0.927411
0.760 -16.183325
0.770 4.096773
0.780 8.178252
0.790 3.954848
0.800 -11.451814
0.810 -10.424310
0.820 -4.567441
0.830 12.041821
0.840 13.702629
0.850 1.564332
0.860 8.060110
0.870 -7.441127
0.880 1.313607
0.890 17.066276
0.900 -4.195370
0.910 5.406059
0.920 -7.215860
0.930 0.537143
0.940 4.658336
0.950 -10.217678
0.960 8.347225
0.970 3.427419
0.980 -10.869142
0.990 0.598162
