0.000 -6.342601
0.010 2.311837
0.020 -1.496927
0.030 -11.000063
0.040 -5.363514
0.050 -1.821605
0.060 -6.234828
0.070 -0.670410
0.080 6.575984
0.090 3.498918
0.100 -1.591952
0.110 9.795086
0.120 -5.894202
0.130 8.342663
0.140 1.149410
0.150 -2.414560
0.160 6.303067
0.170 -4.344051
0.180 0.565610
0.190 12.102315
0.200 -21.330289
0.210 -5.873589
0.220 6.780950
0.230 -1.511912
0.240 14.721912
0.250 13.154920
0.260 -4.687160
0.270 -3.644486
0.280 8.489191
0.290 -9.893370
0.300 -10.521403
0.310 4.337010
0.320 8.688020
0.330 9.449727
0.340 4.063780
0.350 5.730739
0.360 -3.365071
0.370 -7.218143
0.380 -6.508119
0.390 4.261029
0.400 13.277016
0.410 2.179435
0.420 2.284682
0.430 7.834694
0.440 5.724518
0.450 5.035000
0.460 -8.027298
0.470 -2.158475
0.480 -1.208078
0.490 -4.501112
0.500 13.287371
0.510 -1.551113
0.520 4.405975
0.530 8.788475
0.540 5.180503
0.550 -1.715825
0.560 7.074988
0.570 5.960589
0.580 -1.576463
0.590 -6.986677
0.600 -8.735774
0.610 -8.115471
0.620 7.919417
0.630 -1.938973
0.640 5.536400
0.650 7.977223
0.660 0.385434
0.670 18.730824
0.680 -0.370402
0.690 7.388302
0.700 5.834355
0.710 -8.614073
0.720 3.629436
0.730 11.320964
0.740 -12.644938
0.750 8.945810
0.760 -15.825453
0.770 6.577765
0.780 -8.643782
0.790 -2.864559
0.800 6.003096
0.810 3.762435
0.820 -1.544050
0.830 2.644462
0.840 -2.548219
0.850 -2.705709
0.860 4.150777
0.870 -2.350758
0.880 13.122789
0.890 8.913008
0.900 -7.593267
0.910 5.112081
0.920 4.641205
0.930 -5.403601
0.940 3.360250
0.950 -5.777213
0.960 10.280527
0.970 -5.173390
0.980 3.118610
0.990 -0.290683
