0.000 -4.335188
0.010 -14.048812
0.020 -1.748884
0.030 3.861509
0.040 4.119003
0.050 -9.012078
0.060 4.020946
0.070 -0.364065
0.080 4.989332
0.090 3.211257
0.100 1.412290
0.110 -2.860560
0.120 -0.193315
0.130 -6.477604
0.140 10.708338
0.150 -11.448571
0.160 2.361114
0.170 10.717240
0.180 0.616779
0.190 -9.294478
0.200 -10.646820
0.210 9.978245
0.220 9.472740
0.230 12.095403
0.240 6.582382
0.250 7.404089
0.260 -13.729106
0.270 5.574955
0.280 19.271013
0.290 -2.822281
0.300 -0.382558
0.310 -3.534161
0.320 -6.404254
0.330 -4.753592
0.340 13.228055
0.350 -3.898582
0.360 -0.248986
0.370 -6.392002
0.380 8.156119
0.390 2.162520
0.400 -1.124707
0.410 9.721930
0.420 -12.260018
0.430 -15.135972
0.440 4.022952
0.450 -1.910182
0.460 6.625047
0.470 -1.262520
0.480 9.927599
0.490 -4.626097
0.500 -2.230357
0.510 7.577703
0.520 6.556854
0.530 1.968001
0.540 -4.620907
0.550 -2.280196
0.560 2.488344
0.570 -5.220417
0.580 3.778401
0.590 20.750172
0.600 -3.083510
0.610 -7.721117
0.620 13.314248
0.630 3.737979
0.640 -5.942761
0.650 -10.096102
0.660 11.308392
0.670 3.222424
0.680 6.570337
0.690 -3.099758
0.700 1.606092
0.710 1.178452
0.720 3.278650
0.730 -1.330684
0.740 1.549093
0.750 -0.880574
0.760 -2.534429
0.770 -5.255568
0.780 -2.289575
0.790 -10.888441
0.800 6.404244
0.810 -13.819832
0.820 -12.537451
0.830 6.467689
0.840 -1.767966
0.850 -4.882208
0.860 -3.335209
0.870 17.287973
0.880 -7.691722
0.890 -1.474299
0.900 -10.628077
0.910 -5.739095
0.920 -4.536417
0.930 -1.003281
0.940 4.637422
0.950 -20.012303
0.960 -1.516649
0.970 17.631363
0.980 -9.804820
0.990 -5.880981
