0.000 12.415642
0.010 9.396736
0.020 -6.193271
0.030 19.379283
0.040 0.614959
0.050 -1.691249
0.060 5.917493
0.070 -6.612331
0.080 -3.232187
0.090 0.720047
0.100 3.175848
0.110 17.367862
0.120 4.599123
0.130 7.970064
0.140 -10.460856
0.150 10.764470
0.160 -1.702857
0.170 6.617349
0.180 7.783417
0.190 1.946077
0.200 -9.028500
0.210 5.669811
0.220 7.810868
0.230 10.780031
0.240 -10.272329
0.250 8.015746
0.260 -9.331359
0.270 -14.288682
0.280 -9.828452
0.290 5.863428
0.300 12.035352
0.310 4.576279
0.320 2.086656
0.330 3.637832
0.340 0.982866
0.350 13.771674
0.360 -0.166157
0.370 -5.232083
0.380 -6.330086
0.390 -7.282451
0.400 -22.465501
0.410 -3.784664
0.420 -2.756894
0.430 3.001879
0.440 6.600413
0.450 -1.025730
0.460 -11.426044
0.470 -0.782290
0.480 -0.241361
0.490 -12.157062
0.500 -6.595106
0.510 -3.101817
0.520 -1.202435
0.530 8.810931
0.540 -0.350929
0.550 -6.259810
0.560 6.545629
0.570 3.993674
0.580 -2.329552
0.590 -3.573942
0.600 -0.450002
0.610 27.984525
0.620 -3.983311
0.630 1.895167
0.640 17.444911
0.650 -5.713464
0.660 12.728227
0.670 -4.869608
0.680 -6.521415
0.690 0.581130
0.700 4.732286
0.710 -12.242186
0.720 0.898371
0.730 6.729154
0.740 -0.710715
0.750 1.305925
0.760 -16.461732
0.770 7.812652
0.780 5.168473
0.790 -11.683513
0.800 -4.570023
0.810 -1.957979
0.820 11.718582
0.830 3.966523
0.840 -4.824674
0.850 6.377906
0.860 0.352544
0.870 6.538260
0.880 12.571607
0.890 18.677049
0.900 7.058294
0.910 -11.365971
0.920 8.533696
0.930 0.452526
0.940 7.239742
0.950 7.234291
0.960 -0.235782
0.970 7.802391
0.980 -2.644757
0.990 -3.356950
