0.000 -2.940751
0.010 -2.065923
0.020 1.354642
0.030 2.060869
0.040 3.589901
0.050 0.114287
0.060 12.892940
0.070 3.626588
0.080 8.408049
0.090 -1.623768
0.100 -3.378361
0.110 -4.050347
0.120 -3.787311
0.130 -11.836250
0.140 15.973987
0.150 -3.374769
0.160 12.708676
0.170 9.838804
0.180 9.329979
0.190 -10.568492
0.200 -2.544248
0.210 10.303496
0.220 -9.893098
0.230 8.573999
0.240 -2.774900
0.250 -12.059627
0.260 11.772736
0.270 -21.969398
0.280 9.245223
0.290 5.142325
0.300 14.547805
0.310 11.408858
0.320 -0.344664
0.330 -8.396411
0.340 -12.741824
0.350 10.760932
0.360 -8.860052
0.370 -1.026718
0.380 4.819021
0.390 -10.554842
0.400 5.075221
0.410 4.890760
0.420 1.955202
0.430 17.423447
0.440 1.960976
0.450 -8.167726
0.460 6.324833
0.470 -2.779455
0.480 -2.178541
0.490 14.117127
0.500 -2.364271
0.510 9.562205
0.520 -18.544081
0.530 6.759284
0.540 3.963942
0.550 -6.401241
0.560 3.768594
0.570 21.048453
0.580 10.849216
0.590 6.001615
0.600 -7.073905
0.610 -0.822544
0.620 -12.888050
0.630 9.573768
0.640 7.536487
0.650 1.297753
0.660 8.764950
0.670 -0.398238
0.680 -3.780840
0.690 -4.665618
0.700 -3.437194
0.710 3.131322
0.720 -15.322372
0.730 0.166512
0.740 -2.362593
0.750 -11.446980
0.760 -11.198344
0.770 -5.318476
0.780 -12.804363
0.790 5.104233
0.800 21.269372
0.810 7.824962
0.820 3.815492
0.830 11.882058
0.840 0.812673
0.850 18.393807
0.860 -1.166906
0.870 1.294432
0.880 3.548131
0.890 3.692284
0.900 -4.404195
0.910 3.235016
0.920 -10.305184
0.930 4.775938
0.940 -7.696205
0.950 0.243489
0.960 -5.758130
0.970 5.631037
0.980 -12.902431
0.990 0.889326
