0.000 -2.879106
0.010 2.010038
0.020 3.683550
0.030 -8.003871
0.040 5.173918
0.050 -3.434763
0.060 5.141917
0.070 5.940483
0.080 -5.379204
0.090 3.140119
0.100 -2.197327
0.110 14.851945
0.120 17.452209
0.130 -8.552226
0.140 -7.733358
0.150 -12.930092
0.160 -5.192765
0.170 6.307188
0.180 5.857030
0.190 3.950161
0.200 -10.428727
0.210 -1.574199
0.220 -3.033165
0.230 -3.301915
0.240 -5.052352
0.250 2.709893
0.260 2.919967
0.270 2.720662
0.280 -7.075902
0.290 4.865947
0.300 8.783374
0.310 0.994865
0.320 -5.226431
0.330 0.724999
0.340 -8.557422
0.350 15.020545
0.360 -0.599923
0.370 5.012832
0.380 -0.068576
0.390 -6.771606
0.400 0.660052
0.410 11.848690
0.420 3.228434
0.430 -2.048541
0.440 4.268396
0.450 5.799127
0.460 -14.183518
0.470 7.049503
0.480 -5.384038
0.490 -5.767232
0.500 2.715571
0.510 2.470289
0.520 -9.697860
0.530 -0.712821
0.540 -13.383564
0.550 0.205550
0.560 -3.529386
0.570 -7.424175
0.580 -16.013439
0.590 0.619294
0.600 8.559571
0.610 -5.321992
0.620 -10.453974
0.630 13.717236
0.640 -7.840319
0.650 5.950914
0.660 15.385154
0.670 -7.103429
0.680 1.872083
0.690 0.486419
0.700 -6.174554
0.710 3.018880
0.720 0.882933
0.730 -12.126666
0.740 -9.123217
0.750 0.509352
0.760 -4.913384
0.770 -10.443692
0.780 1.712619
0.790 -2.726250
0.800 -6.703479
0.810 6.341055
0.820 1.345202
0.830 2.052526
0.840 3.199355
0.850 -6.248559
0.860 -2.552238
0.870 6.996689
0.880 12.853700
0.890 -2.350889
0.900 -15.045182
0.910 -7.790534
0.920 1.438592
0.930 11.209581
0.940 -10.321591
0.950 8.958882
0.960 -2.088415
0.970 -2.214354
0.980 -1.160910
0.990 15.575121
