0.000 1.167829
0.010 -0.774398
0.020 0.465357
0.030 -10.431196
0.040 -6.164982
0.050 -6.417574
0.060 0.284298
0.070 5.849743
0.080 2.419482
0.090 -5.188047
0.100 -11.893251
0.110 -8.946250
0.120 -2.995227
0.130 -3.271129
0.140 -0.048295
0.150 7.520137
0.160 4.584937
0.170 10.977687
0.180 1.383913
0.190 -10.875512
0.200 -1.087973
0.210 -7.476157
0.220 -4.670930
0.230 -2.767587
0.240 1.234251
0.250 1.159982
0.260 -0.610228
0.270 18.452917
0.280 -3.042488
0.290 2.930153
0.300 -1.553804
0.310 -4.618160
0.320 17.952605
0.330 0.303626
0.340 5.414053
0.350 -6.460817
0.360 7.795473
0.370 14.388783
0.380 -3.057434
0.390 6.814004
0.400 -1.906751
0.410 17.779537
0.420 12.627286
0.430 -3.002317
0.440 2.965044
0.450 5.506279
0.460 0.539984
0.470 -6.172948
0.480 15.563665
0.490 12.868111
0.500 9.806313
0.510 6.206156
0.520 1.488391
0.530 -12.393270
0.540 2.642519
0.550 -18.783397
0.560 -3.945332
0.570 -0.032433
0.580 -6.480874
0.590 -11.718209
0.600 -3.978593
0.610 4.632913
0.620 -0.511610
0.630 -2.912846
0.640 -8.289489
0.650 8.935228
0.660 -7.251842
0.670 4.604079
0.680 -6.903187
0.690 16.390048
0.700 6.162182
0.710 5.049440
0.720 3.186885
0.730 3.538172
0.740 8.679964
0.750 2.207352
0.760 0.196299
0.770 -11.398193
0.780 -1.461667
0.790 -8.510964
0.800 -5.627736
0.810 5.340834
0.820 3.670006
0.830 6.752905
0.840 -1.559414
0.850 -1.258983
0.860 -9.345421
0.870 2.932247
0.880 -5.310771
0.890 18.020380
0.900 4.560018
0.910 16.569685
0.920 3.602630
0.930 12.791838
0.940 -7.387481
0.950 -8.311054
0.960 4.773090
0.970 -7.700195
0.980 -3.116879
0.990 -5.426649
