0.000 -5.547914
0.010 -2.970162
0.020 -5.116325
0.030 9.070257
0.040 1.403693
0.050 7.488096
0.060 7.556348
0.070 -15.067851
0.080 6.985231
0.090 -3.995935
0.100 8.700912
0.110 1.202555
0.120 -0.987727
0.130 12.684619
0.140 -12.393538
0.150 8.166389
0.160 2.101307
0.170 4.124276
0.180 -1.058901
0.190 15.289880
0.200 -0.664994
0.210 -0.729072
0.220 -8.920007
0.230 -7.066921
0.240 -2.312051
0.250 -0.934646
0.260 2.894469
0.270 -16.250883
0.280 -16.236368
0.290 -3.040562
0.300 13.955683
0.310 2.370316
0.320 -1.958816
0.330 6.172370
0.340 6.873918
0.350 -3.103523
0.360 8.665554
0.370 10.466329
0.380 0.207342
0.390 9.650917
0.400 8.366737
0.410 -3.996874
0.420 0.798151
0.430 16.670927
0.440 1.858222
0.450 9.803637
0.460 1.796634
0.470 9.259989
0.480 10.361705
0.490 -9.042385
0.500 -9.565748
0.510 -6.478795
0.520 0.958498
0.530 -11.409927
0.540 -10.258215
0.550 -13.448955
0.560 -6.473510
0.570 -4.809921
0.580 10.542017
0.590 7.257812
0.600 -5.595065
0.610 5.071180
0.620 -2.620188
0.630 -8.812852
0.640 3.542142
0.650 -18.954514
0.660 -2.068390
0.670 2.295586
0.680 -1.978792
0.690 2.362854
0.700 10.850351
0.710 5.059016
0.720 -19.801930
0.730 -2.032727
0.740 12.609476
0.750 7.068721
0.760 -5.253957
0.770 10.580416
0.780 -3.459762
0.790 -1.997273
0.800 15.420215
0.810 -15.171624
0.820 6.673240
0.830 1.461878
0.840 -1.885634
0.850 7.205044
0.860 8.334732
0.870 -0.846122
0.880 13.816363
0.890 -14.031110
0.900 9.959220
0.910 5.440631
0.920 -9.430513
0.930 3.821027
0.940 3.769954
0.950 -0.869502
0.960 14.241528
0.970 12.002964
0.980 -18.505924
0.990 -1.159381
