0.000 14.234299
0.010 2.709811
0.020 -5.387060
0.030 6.710345
0.040 3.663140
0.050 -10.912309
0.060 -2.265044
0.070 4.550736
0.080 8.148872
0.090 10.679117
0.100 5.492346
0.110 2.879887
0.120 -6.556971
0.130 -1.198163
0.140 -5.243883
0.150 -0.374548
0.160 15.026177
0.170 5.978852
0.180 0.580594
0.190 -8.162061
0.200 16.300066
0.210 0.258759
0.220 -4.761178
0.230 5.817478
0.240 6.136203
0.250 5.854293
0.260 -7.676256
0.270 10.762901
0.280 -1.938074
0.290 -5.755992
0.300 -4.862148
0.310 -2.599041
0.320 -5.732494
0.330 0.131269
0.340 -0.231542
0.350 5.812839
0.360 10.256701
0.370 -5.252447
0.380 5.878532
0.390 13.543279
0.400 4.248463
0.410 5.345520
0.420 -6.722202
0.430 1.018450
0.440 -3.960253
0.450 -9.867002
0.460 -4.560458
0.470 2.887295
0.480 -2.960978
0.490 2.322908
0.500 3.427559
0.510 5.852989
0.520 13.234520
0.530 -6.412917
0.540 -11.058748
0.550 2.670790
0.560 -12.649775
0.570 15.518593
0.580 0.199642
0.590 -0.133856
0.600 -7.366566
0.610 2.577804
0.620 -15.196541
0.630 -10.760103
0.640 6.090818
0.650 0.089151
0.660 -4.508609
0.670 -2.349489
0.680 -3.382585
0.690 7.234038
0.700 -12.150320
0.710 -4.426540
0.720 6.554030
0.730 1.339873
0.740 -12.300452
0.750 6.503363
0.760 5.104617
0.770 4.884914
0.780 -4.184639
0.790 8.431743
0.800 10.568118
0.810 -5.716975
0.820 -5.253384
0.830 -9.410838
0.840 -6.355261
0.850 6.351782
0.860 -7.616723
0.870 -4.944304
0.880 4.187749
0.890 -2.665154
0.900 -12.635012
0.910 -9.185957
0.920 -7.838849
0.930 17.923720
0.940 -4.908548
0.950 -7.068486
0.960 2.927651
0.970 -7.494345
0.980 8.478377
0.990 -9.313772
