0.000 0.405626
0.010 14.981709
0.020 -1.170132
0.030 11.352621
0.040 9.911724
0.050 -3.184676
0.060 1.472282
0.070 -10.745512
0.080 -3.280795
0.090 -1.397532
0.100 3.743287
0.110 -6.982723
0.120 5.083771
0.130 -12.733574
0.140 -4.669792
0.150 6.841367
0.160 -7.354768
0.170 -5.564689
0.180 2.817257
0.190 -0.485310
0.200 2.255992
0.210 21.068921
0.220 -3.220001
0.230 -3.482503
0.240 0.097447
0.250 -9.577781
0.260 5.364485
0.270 -3.778296
0.280 7.590477
0.290 10.014127
0.300 9.412911
0.310 -5.100455
0.320 3.390025
0.330 6.154239
0.340 -2.475044
0.350 5.171942
0.360 -0.999207
0.370 1.314931
0.380 -7.226414
0.390 -4.630229
0.400 -7.672716
0.410 2.516704
0.420 3.828406
0.430 16.864608
0.440 6.163138
0.450 -17.196152
0.460 -2.472428
0.470 -1.945586
0.480 -0.792370
0.490 -10.578498
0.500 12.175804
0.510 5.609221
0.520 -17.162154
0.530 -7.399121
0.540 4.682220
0.550 -2.612870
0.560 12.921216
0.570 1.426778
0.580 -1.889491
0.590 -8.496117
0.600 -9.116438
0.610 2.418399
0.620 4.692102
0.630 -1.904958
0.640 5.367172
0.650 6.128154
0.660 0.425352
0.670 -3.809955
0.680 21.254737
0.690 -12.316803
0.700 -14.106624
0.710 1.245640
0.720 6.481827
0.730 -2.287672
0.740 -2.066796
0.750 2.409184
0.760 -6.880934
0.770 -1.978444
0.780 -5.038492
0.790 -1.077527
0.800 -2.896240
0.810 -4.457935
0.820 4.225971
0.830 0.969077
0.840 -3.517446
0.850 15.178820
0.860 0.962305
0.870 -7.386548
0.880 -1.627203
0.890 -8.775516
0.900 -4.119599
0.910 10.288876
0.920 -15.546986
0.930 0.477563
0.940 -10.761498
0.950 -21.471811
0.960 -2.373372
0.970 -7.223998
0.980 -8.798681
0.990 -2.147888
