0.000 3.319570
0.010 17.275954
0.020 -9.229290
0.030 1.984682
0.040 -4.280776
0.050 14.903211
0.060 -0.259449
0.070 3.236939
0.080 -9.084395
0.090 6.641417
0.100 1.083441
0.110 -8.664518
0.120 1.194265
0.130 -5.362708
0.140 -9.287858
0.150 1.744473
0.160 -0.027645
0.170 -5.892282
0.180 10.314456
0.190 -3.607079
0.200 -3.617737
0.210 -14.376422
0.220 -7.864294
0.230 -5.728550
0.240 -13.231907
0.250 5.746525
0.260 -13.932547
0.270 7.280343
0.280 -1.278858
0.290 4.669626
0.300 -5.377289
0.310 -0.231440
0.320 -13.858318
0.330 9.247451
0.340 11.104066
0.350 -2.640015
0.360 -1.119424
0.370 -12.808552
0.380 0.330293
0.390 -9.461933
0.400 -8.014834
0.410 8.330058
0.420 -5.807559
0.430 -1.565489
0.440 0.700498
0.450 -5.288541
0.460 4.833793
0.470 -2.039403
0.480 0.941905
0.490 -13.762896
0.500 10.560325
0.510 3.490994
0.520 2.288022
0.530 1.040584
0.540 -5.850944
0.550 19.387283
0.560 0.600348
0.570 13.537504
0.580 16.909984
0.590 -8.778425
0.600 -0.777407
0.610 1.622054
0.620 -5.315985
0.630 11.491409
0.640 6.376518
0.650 3.627167
0.660 -1.657740
0.670 -9.863444
0.680 5.949879
0.690 8.948862
0.700 -5.084340
0.710 5.151693
0.720 1.297441
0.730 -1.598837
0.740 -10.900215
0.750 12.247562
0.760 1.137264
0.770 -6.427549
0.780 -11.929438
0.790 8.222203
0.800 3.258974
0.810 -26.898455
0.820 10.553669
0.830 -5.075430
0.840 -9.735541
0.850 -4.995864
0.860 3.188515
0.870 -8.926074
0.880 -6.540349
0.890 -11.500189
0.900 -2.300209
0.910 -10.088925
0.920 4.348627
0.930 5.392402
0.940 -0.774376
0.950 -4.024375
0.960 10.186926
0.970 -5.270588
0.980 -0.648392
0.990 7.306940
