0.000 14.382680
0.010 -2.075660
0.020 20.073036
0.030 13.970931
0.040 -8.135574
0.050 8.357959
0.060 -2.005577
0.070 6.185017
0.080 -13.762842
0.090 -21.065468
0.100 -13.241995
0.110 7.919492
0.120 3.109573
0.130 24.136346
0.140 -0.728128
0.150 3.852381
0.160 0.491139
0.170 17.974057
0.180 -3.823230
0.190 -2.198646
0.200 3.401555
0.210 5.125644
0.220 7.454246
0.230 13.791713
0.240 7.737931
0.250 -13.314009
0.260 8.365343
0.270 3.529014
0.280 -2.988899
0.290 -2.556411
0.300 2.114826
0.310 -8.624145
0.320 2.487812
0.330 -1.015238
0.340 -7.888013
0.350 14.223071
0.360 3.986927
0.370 0.843383
0.380 3.960333
0.390 -1.032257
0.400 5.004946
0.410 5.961483
0.420 -7.759253
0.430 10.248371
0.440 1.311703
0.450 -2.177082
0.460 6.974018
0.470 -5.380256
0.480 3.585071
0.490 12.887411
0.500 -3.633603
0.510 -7.284486
0.520 -2.421062
0.530 1.428934
0.540 -13.703768
0.550 6.259014
0.560 -1.231577
0.570 -3.268813
0.580 6.061607
0.590 9.247374
0.600 9.991374
0.610 -1.422723
0.620 3.456642
0.630 -9.278937
0.640 19.258691
0.650 -0.936566
0.660 0.172277
0.670 -9.729041
0.680 -6.463210
0.690 1.089881
0.700 -7.388082
0.710 -3.932984
0.720 0.399917
0.730 -6.786226
0.740 -13.119684
0.750 14.768791
0.760 1.538006
0.770 9.607055
0.780 -0.071821
0.790 -4.623048
0.800 -2.063071
0.810 6.785438
0.820 -0.151641
0.830 -1.123916
0.840 -13.151499
0.850 -0.110193
0.860 18.554800
0.870 0.872340
0.880 0.094123
0.890 1.032650
0.900 0.671364
0.910 8.464178
0.920 0.185895
0.930 -7.811561
0.940 13.190990
0.950 -6.196253
0.960 -6.739646
0.970 -10.274470
0.980 5.942835
0.990 6.229253
