0.000 -15.154962
0.010 -10.410923
0.020 -11.384949
0.030 -1.071699
0.040 0.727183
0.050 7.815635
0.060 6.209417
0.070 -8.501878
0.080 -0.724722
0.090 0.491118
0.100 4.017799
0.110 8.205586
0.120 -5.312766
0.130 -1.699145
0.140 0.398115
0.150 6.409030
0.160 -6.401832
0.170 -19.038829
0.180 -0.340099
0.190 -7.526074
0.200 10.283293
0.210 -10.240072
0.220 9.945747
0.230 0.617547
0.240 12.343287
0.250 7.295933
0.260 -8.356735
0.270 11.807384
0.280 -15.376510
0.290 -0.203763
0.300 -6.599213
0.310 3.952620
0.320 8.486625
0.330 11.677462
0.340 10.088864
0.350 10.980120
0.360 14.516930
0.370 12.065401
0.380 -5.801379
0.390 -9.902186
0.400 0.801991
0.410 -4.044889
0.420 -5.864578
0.430 7.208160
0.440 7.475956
0.450 -3.437761
0.460 -5.984848
0.470 -6.592657
0.480 -7.928205
0.490 -9.020894
0.500 16.321006
0.510 1.735851
0.520 -0.662448
0.530 -3.296442
0.540 2.289682
0.550 3.656570
0.560 -1.530125
0.570 15.964830
0.580 2.374520
0.590 8.803219
0.600 -6.173892
0.610 11.891943
0.620 -0.061167
0.630 0.386650
0.640 6.627676
0.650 -13.047333
0.660 17.547005
0.670 9.710748
0.680 -6.391696
0.690 -8.978741
0.700 4.291987
0.710 -3.165696
0.720 -6.274436
0.730 0.786981
0.740 12.665426
0.750 -4.364173
0.760 -0.313800
0.770 3.727771
0.780 11.335112
0.790 -14.469567
0.800 4.940701
0.810 9.183618
0.820 1.594416
0.830 -5.291566
0.840 -3.539449
0.850 -7.029324
0.860 -3.538237
0.870 -5.292501
0.880 2.080956
0.890 8.960110
0.900 8.961380
0.910 -5.352476
0.920 -2.584122
0.930 11.849211
0.940 14.758390
0.950 -1.854106
0.960 -20.845773
0.970 -8.723687
0.980 -17.603143
0.990 15.051088
