0.000 -4.068462
0.010 -8.790323
0.020 -3.584480
0.030 -3.209108
0.040 2.936844
0.050 0.633748
0.060 1.421976
0.070 5.133443
0.080 3.979995
0.090 -4.567882
0.100 -0.351225
0.110 5.263743
0.120 -10.115431
0.130 13.043500
0.140 6.393277
0.150 3.836690
0.160 1.329344
0.170 5.703529
0.180 15.263220
0.190 -23.579680
0.200 5.033523
0.210 6.906581
0.220 2.933096
0.230 1.256731
0.240 13.046759
0.250 5.521181
0.260 0.572180
0.270 -4.685527
0.280 -5.174962
0.290 9.412027
0.300 11.462538
0.310 -1.950788
0.320 -1.834431
0.330 6.257258
0.340 4.548808
0.350 0.818718
0.360 -12.215785
0.370 -0.869266
0.380 -8.866568
0.390 -3.830746
0.400 2.455761
0.410 18.094407
0.420 7.330642
0.430 5.340284
0.440 -17.410937
0.450 7.975416
0.460 -7.262595
0.470 -8.335445
0.480 -3.344651
0.490 2.994492
0.500 2.615485
0.510 -4.465438
0.520 -7.511929
0.530 2.258034
0.540 1.560357
0.550 7.697412
0.560 -17.469458
0.570 -6.529393
0.580 4.859463
0.590 -6.402659
0.600 -3.393411
0.610 -1.755195
0.620 5.966376
0.630 -0.344674
0.640 7.063156
0.650 -5.898270
0.660 5.612640
0.670 3.877434
0.680 -2.056392
0.690 0.087458
0.700 -8.327539
0.710 1.944243
0.720 -3.243128
0.730 6.080513
0.740 1.916823
0.750 2.961703
0.760 -4.836859
0.770 4.378995
0.780 -5.749636
0.790 5.909449
0.800 7.626347
0.810 7.872662
0.820 8.982573
0.830 -0.392017
0.840 4.273426
0.850 -0.300219
0.860 -11.157397
0.870 2.897702
0.880 -9.152578
0.890 2.899490
0.900 -3.350165
0.910 -9.277822
0.920 -7.342994
0.930 12.966566
0.940 0.036605
0.950 2.969999
0.960 3.120838
0.970 3.967540
0.980 -4.029094
0.990 4.086275
