0.000 -7.933976
0.010 -7.668971
0.020 -11.973983
0.030 -0.366000
0.040 3.326971
0.050 -11.802978
0.060 -18.419209
0.070 -7.782071
0.080 7.470158
0.090 -0.035996
0.100 0.385408
0.110 1.809291
0.120 3.945035
0.130 1.230406
0.140 1.042192
0.150 -12.081347
0.160 -11.977634
0.170 11.536782
0.180 2.967208
0.190 1.438146
0.200 -9.633787
0.210 5.585689
0.220 20.663827
0.230 -14.519258
0.240 -5.636202
0.250 4.982302
0.260 -14.141423
0.270 -0.399448
0.280 -6.586327
0.290 -9.589159
0.300 0.621771
0.310 -6.351816
0.320 -16.864825
0.330 6.196112
0.340 -2.588819
0.350 0.316292
0.360 -6.956904
0.370 -7.197767
0.380 -7.026269
0.390 -13.810376
0.400 -16.353570
0.410 13.022076
0.420 -16.124441
0.430 18.674115
0.440 1.516000
0.450 -5.575816
0.460 -13.504404
0.470 1.762066
0.480 2.827737
0.490 5.534768
0.500 3.611016
0.510 0.737538
0.520 1.005854
0.530 5.369239
0.540 1.108492
0.550 -4.295333
0.560 -9.749491
0.570 -8.162017
0.580 7.150687
0.590 7.149918
0.600 15.056740
0.610 -4.606667
0.620 -3.871626
0.630 -1.031527
0.640 -6.027589
0.650 14.765910
0.660 -11.533949
0.670 7.536321
0.680 -13.953056
0.690 0.473732
0.700 -1.622905
0.710 3.638481
0.720 8.953451
0.730 12.893190
0.740 10.849831
0.750 -1.562832
0.760 -11.239806
0.770 23.068514
0.780 6.559758
0.790 0.887582
0.800 6.990410
0.810 2.731064
0.820 1.296963
0.830 -14.998601
0.840 -3.751877
0.850 -7.183946
0.860 2.151086
0.870 8.109871
0.880 21.713871
0.890 13.850727
0.900 5.003108
0.910 5.564131
0.920 3.509376
0.930 3.290584
0.940 -8.692871
0.950 -14.574678
0.960 -1.140622
0.970 5.250464
0.980 -5.611552
0.990 -2.770197
