0.000 -13.097391
0.010 -1.748551
0.020 3.428246
0.030 -2.856189
0.040 8.719142
0.050 -9.627142
0.060 0.609080
0.070 5.481537
0.080 13.506203
0.090 -6.672648
0.100 -5.639802
0.110 3.922195
0.120 3.970403
0.130 2.160908
0.140 -13.100922
0.150 5.105270
0.160 -8.987168
0.170 9.013763
0.180 -12.195695
0.190 0.094531
0.200 -8.935662
0.210 -4.794361
0.220 2.416080
0.230 14.189655
0.240 -0.846753
0.250 -13.633804
0.260 -2.968433
0.270 -10.578740
0.280 -6.316985
0.290 -6.043416
0.300 10.337052
0.310 0.778521
0.320 4.369201
0.330 -14.993572
0.340 -6.490025
0.350 -0.754399
0.360 -13.926621
0.370 -0.209893
0.380 -4.815899
0.390 0.533545
0.400 1.330618
0.410 -3.313641
0.420 -6.572382
0.430 0.685564
0.440 -4.225950
0.450 28.083520
0.460 -9.825563
0.470 2.498102
0.480 0.529095
0.490 11.425099
0.500 -13.899659
0.510 3.285561
0.520 -1.816745
0.530 -2.215042
0.540 -6.181325
0.550 -5.984470
0.560 9.220508
0.570 8.157843
0.580 1.623187
0.590 7.107762
0.600 -0.805353
0.610 11.154728
0.620 -0.411784
0.630 10.937120
0.640 5.408462
0.650 -1.549020
0.660 -0.196177
0.670 -0.204907
0.680 4.564679
0.690 16.128674
0.700 9.953322
0.710 -1.708610
0.720 8.396515
0.730 7.070796
0.740 2.226995
0.750 -4.109611
0.760 9.193646
0.770 -18.563306
0.780 -6.116451
0.790 -3.278820
0.800 5.943959
0.810 -14.275326
0.820 4.462643
0.830 9.695330
0.840 -10.579422
0.850 2.455842
0.860 -8.471431
0.870 6.954457
0.880 -2.001581
0.890 -0.268505
0.900 -6.375720
0.910 4.515574
0.920 9.123212
0.930 -4.904025
0.940 -3.345404
0.950 -6.288659
0.960 18.447151
0.970 4.106891
0.980 3.516752
0.990 2.986858
