0.000 -0.622055
0.010 1.196210
0.020 -18.299724
0.030 2.256920
0.040 -9.845557
0.050 9.090449
0.060 15.125667
0.070 -16.085019
0.080 6.354840
0.090 2.997525
0.100 0.888307
0.110 -4.074402
0.120 -6.050903
0.130 7.481555
0.140 -3.848571
0.150 -2.433415
0.160 -2.057089
0.170 -8.245240
0.180 -5.216824
0.190 -9.047366
0.200 -6.247688
0.210 4.122792
0.220 -6.824129
0.230 -3.094969
0.240 12.648765
0.250 -6.763133
0.260 2.326821
0.270 11.133954
0.280 -5.038716
0.290 -15.239551
0.300 -3.492166
0.310 -8.471099
0.320 -5.319596
0.330 -5.331980
0.340 -7.837726
0.350 -2.680240
0.360 11.109934
0.370 2.213480
0.380 11.186549
0.390 -17.032210
0.400 18.371508
0.410 -3.375606
0.420 -2.222302
0.430 10.973439
0.440 -7.824371
0.450 -9.895227
0.460 1.231982
0.470 -8.162463
0.480 -7.820502
0.490 -0.096641
0.500 -1.404143
0.510 9.737214
0.520 3.953788
0.530 -16.304955
0.540 -5.540095
0.550 0.362574
0.560 8.903050
0.570 8.298116
0.580 -12.022588
0.590 -5.302064
0.600 -8.358370
0.610 1.708252
0.620 -8.881136
0.630 10.356901
0.640 1.375191
0.650 16.520836
0.660 -0.428678
0.670 10.426612
0.680 11.964739
0.690 15.105808
0.700 3.322399
0.710 12.498701
0.720 8.732734
0.730 -6.263378
0.740 -12.038015
0.750 2.300196
0.760 -9.022095
0.770 10.676644
0.780 -12.814114
0.790 9.687471
0.800 11.577226
0.810 11.147640
0.820 -13.095207
0.830 -0.761304
0.840 1.386508
0.850 6.337715
0.860 4.646162
0.870 10.817830
0.880 13.037251
0.890 -14.666650
0.900 6.080329
0.910 3.320084
0.920 -6.152102
0.930 -10.256472
0.940 15.104328
0.950 -0.390486
0.960 8.705799
0.970 -3.408359
0.980 14.287410
0.990 -8.225703
