0.000 -18.989890
0.010 -0.209303
0.020 -3.444184
0.030 -3.859999
0.040 0.079884
0.050 2.648254
0.060 -0.256507
0.070 5.281205
0.080 17.037914
0.090 -4.470980
0.100 9.202616
0.110 -6.776623
0.120 -4.601608
0.130 -7.832309
0.140 7.351722
0.150 10.772881
0.160 -15.871981
0.170 7.553517
0.180 9.757128
0.190 -8.618838
0.200 4.448954
0.210 4.854387
0.220 12.900479
0.230 2.087978
0.240 -23.005276
0.250 -3.561113
0.260 -0.580642
0.270 -12.441418
0.280 -8.499855
0.290 -6.755844
0.300 -13.031302
0.310 -2.602767
0.320 9.284908
0.330 6.042379
0.340 -7.802565
0.350 -16.816354
0.360 -2.005009
0.370 -15.277364
0.380 18.414951
0.390 -4.925055
0.400 4.840107
0.410 -9.446686
0.420 2.214846
0.430 -2.003760
0.440 -8.767964
0.450 4.586107
0.460 -3.353311
0.470 11.004245
0.480 -3.970055
0.490 -9.141962
0.500 -9.359415
0.510 3.766602
0.520 -1.890174
0.530 6.769926
0.540 -7.369846
0.550 18.839953
0.560 7.133838
0.570 3.857958
0.580 6.931302
0.590 -2.851610
0.600 -2.833842
0.610 -1.241070
0.620 7.831992
0.630 3.560883
0.640 -2.728249
0.650 3.889687
0.660 1.095259
0.670 -6.141913
0.680 3.689077
0.690 -11.190175
0.700 8.413822
0.710 3.378878
0.720 -1.509235
0.730 7.323921
0.740 0.643111
0.750 -9.565486
0.760 18.423373
0.770 7.779986
0.780 5.211225
0.790 4.715083
0.800 18.322204
0.810 -1.562327
0.820 -3.054172
0.830 -1.539986
0.840 0.362300
0.850 -1.872967
0.860 10.077014
0.870 9.864869
0.880 -7.408675
0.890 4.004605
0.900 0.575997
0.910 -7.179391
0.920 -4.310062
0.930 7.443645
0.940 -3.693784
0.950 2.995734
0.960 7.065807
0.970 9.341134
0.980 -6.331311
0.990 12.127719
