0.000 10.814919
0.010 -7.153671
0.020 1.000770
0.030 -1.328970
0.040 -10.390297
0.050 4.914675
0.060 3.046307
0.070 -9.379497
0.080 4.142748
0.090 9.141628
0.100 -10.873946
0.110 4.594469
0.120 18.687352
0.130 -3.696026
0.140 6.012478
0.150 1.852051
0.160 -3.594915
0.170 12.676339
0.180 -5.719106
0.190 0.149080
0.200 -15.357472
0.210 14.035957
0.220 -13.083043
0.230 5.286219
0.240 5.589530
0.250 -6.657354
0.260 -2.866750
0.270 14.606102
0.280 2.296836
0.290 -6.864589
0.300 -3.905552
0.310 -2.137392
0.320 -22.143292
0.330 -5.357391
0.340 3.018181
0.350 2.739850
0.360 -9.222273
0.370 -0.466460
0.380 0.092412
0.390 -8.829645
0.400 12.421850
0.410 -1.660868
0.420 1.853088
0.430 -2.373828
0.440 2.669444
0.450 -4.268309
0.460 11.072726
0.470 -3.420783
0.480 -16.759106
0.490 -2.429078
0.500 -5.451812
0.510 7.033624
0.520 18.760512
0.530 3.533133
0.540 -1.660966
0.550 6.587505
0.560 -0.510702
0.570 2.923196
0.580 6.029232
0.590 6.843459
0.600 -3.413551
0.610 11.052914
0.620 -13.218008
0.630 -0.686863
0.640 -6.532595
0.650 -2.787840
0.660 -3.214487
0.670 1.160856
0.680 -8.349725
0.690 -4.949691
0.700 0.044426
0.710 6.843483
0.720 4.380419
0.730 16.721290
0.740 11.386974
0.750 -1.539652
0.760 2.297421
0.770 -10.663798
0.780 3.063005
0.790 -0.915228
0.800 1.484040
0.810 13.989695
0.820 3.697712
0.830 -2.229255
0.840 8.769031
0.850 4.069038
0.860 2.537707
0.870 -5.327090
0.880 19.644930
0.890 -9.321068
0.900 3.174076
0.910 -1.809534
0.920 -4.791862
0.930 -3.256182
0.940 5.600099
0.950 6.995705
0.960 -1.728457
0.970 -1.406542
0.980 -2.271478
0.990 1.093720
