0.000 -1.870084
0.010 3.468161
0.020 8.307167
0.030 -5.079392
0.040 5.554006
0.050 -11.158840
0.060 4.215065
0.070 5.526379
0.080 3.696826
0.090 7.862057
0.100 1.792576
0.110 -6.427107
0.120 5.371408
0.130 4.736593
0.140 2.709312
0.150 6.341685
0.160 3.423294
0.170 -5.829154
0.180 -1.918682
0.190 9.599098
0.200 5.475211
0.210 5.864012
0.220 -0.697220
0.230 -16.113250
0.240 -6.532153
0.250 -12.915701
0.260 -8.888162
0.270 -6.836496
0.280 -3.167470
0.290 -12.881145
0.300 -3.508568
0.310 -4.110215
0.320 10.390206
0.330 -10.556595
0.340 0.981423
0.350 -1.241988
0.360 12.668413
0.370 0.707190
0.380 10.576083
0.390 -6.070413
0.400 -11.229344
0.410 -3.604474
0.420 3.445949
0.430 2.106551
0.440 -2.141178
0.450 4.212645
0.460 9.822578
0.470 12.459682
0.480 -3.347411
0.490 -14.896024
0.500 -5.952736
0.510 11.159005
0.520 8.692221
0.530 -3.854089
0.540 6.768602
0.550 1.309016
0.560 -5.272541
0.570 28.807233
0.580 2.668285
0.590 -3.961034
0.600 -14.285241
0.610 -24.896707
0.620 14.376774
0.630 2.420523
0.640 -7.330772
0.650 1.964234
0.660 -0.337236
0.670 4.164605
0.680 -13.575760
0.690 -9.140396
0.700 -4.387007
0.710 -5.326105
0.720 -10.781571
0.730 7.555485
0.740 -1.183347
0.750 0.311795
0.760 -15.084349
0.770 0.871285
0.780 -10.795253
0.790 -0.528186
0.800 -9.672472
0.810 -7.899897
0.820 -6.641473
0.830 -8.927101
0.840 -9.731388
0.850 -6.598974
0.860 -9.706647
0.870 -5.747131
0.880 15.241783
0.890 9.939992
0.900 6.386210
0.910 -2.828064
0.920 -8.942110
0.930 -1.846676
0.940 1.530480
0.950 -10.504674
0.960 0.165687
0.970 13.159263
0.980 7.303713
0.990 1.856683
