0.000 -24.772342
0.010 -4.012673
0.020 -0.746357
0.030 20.646805
0.040 0.691687
0.050 6.232801
0.060 -1.989504
0.070 13.363026
0.080 1.934423
0.090 4.588617
0.100 0.431940
0.110 12.369192
0.120 -4.861285
0.130 -12.633595
0.140 5.666048
0.150 3.177688
0.160 -14.847448
0.170 7.493273
0.180 0.810532
0.190 10.696732
0.200 2.744101
0.210 -5.467080
0.220 -0.489584
0.230 4.918017
0.240 -13.852461
0.250 5.574324
0.260 3.943461
0.270 -2.294076
0.280 -3.804229
0.290 13.821075
0.300 -2.036679
0.310 -2.008809
0.320 3.173045
0.330 -1.773819
0.340 -2.929792
0.350 -9.567790
0.360 -2.083913
0.370 10.007384
0.380 -5.758823
0.390 -2.840672
0.400 6.631696
0.410 8.758538
0.420 -7.658591
0.430 5.151578
0.440 13.160473
0.450 -5.762717
0.460 -7.230989
0.470 -2.659269
0.480 6.081390
0.490 -10.632796
0.500 -3.580400
0.510 -9.248348
0.520 -13.848271
0.530 -1.249716
0.540 7.924179
0.550 0.697198
0.560 -1.598259
0.570 -8.351088
0.580 0.938389
0.590 -4.573388
0.600 -5.299965
0.610 0.157676
0.620 9.733929
0.630 3.834320
0.640 -5.666446
0.650 -5.768680
0.660 -9.397160
0.670 -9.232736
0.680 -6.899317
0.690 -3.080566
0.700 4.181753
0.710 7.502206
0.720 -1.250180
0.730 -1.616734
0.740 -19.374514
0.750 4.384846
0.760 3.851546
0.770 -0.672035
0.780 8.241857
0.790 2.825980
0.800 18.808756
0.810 9.783660
0.820 5.820369
0.830 -7.732852
0.840 -8.925844
0.850 -5.713611
0.860 -13.458382
0.870 -7.976101
0.880 -6.617191
0.890 8.862509
0.900 3.124003
0.910 -11.565114
0.920 -1.548817
0.930 11.628243
0.940 2.450395
0.950 7.885070
0.960 -0.119564
0.970 -1.633487
0.980 9.465460
0.990 -4.002197
