0.000 -9.471023
0.010 -6.491065
0.020 0.391601
0.030 -0.111142
0.040 -10.364159
0.050 16.937976
0.060 -10.835117
0.070 15.770481
0.080 -6.762470
0.090 8.682272
0.100 -0.111625
0.110 -6.751608
0.120 -3.103456
0.130 -0.770655
0.140 5.677585
0.150 -9.307138
0.160 0.426906
0.170 9.510113
0.180 -6.599489
0.190 -7.508725
0.200 -5.326012
0.210 -16.544332
0.220 -1.330368
0.230 3.637635
0.240 -9.181851
0.250 -4.982646
0.260 0.800583
0.270 -24.795618
0.280 -15.690275
0.290 -7.986864
0.300 -12.977447
0.310 7.468430
0.320 -3.459845
0.330 12.729795
0.340 -10.767316
0.350 3.311942
0.360 -10.928126
0.370 0.244923
0.380 4.136030
0.390 11.383923
0.400 -15.519495
0.410 -16.366912
0.420 -13.922197
0.430 -3.384480
0.440 2.136637
0.450 0.089928
0.460 -4.506499
0.470 -4.737200
0.480 -11.474321
0.490 9.732770
0.500 5.304198
0.510 0.258026
0.520 7.888548
0.530 0.298811
0.540 7.751196
0.550 -4.980128
0.560 11.816569
0.570 -4.587010
0.580 2.214529
0.590 -10.830057
0.600 16.360141
0.610 -5.985511
0.620 4.951345
0.630 1.781162
0.640 3.137481
0.650 3.638040
0.660 7.678207
0.670 -1.571586
0.680 -6.503121
0.690 -2.985089
0.700 3.148430
0.710 -3.677787
0.720 0.139226
0.730 -2.470005
0.740 8.417180
0.750 6.884107
0.760 -2.122905
0.770 -1.450283
0.780 15.112783
0.790 -7.076424
0.800 -5.671226
0.810 -8.986917
0.820 6.625768
0.830 -0.953218
0.840 -9.953023
0.850 -9.758076
0.860 -9.338694
0.870 19.051472
0.880 -3.105205
0.890 -6.120235
0.900 -1.388540
0.910 -12.299080
0.920 -1.081229
0.930 -5.135056
0.940 -1.623672
0.950 -17.077645
0.960 -1.032235
0.970 -12.595110
0.980 2.730838
0.990 3.628812
