0.000 -3.509960
0.010 -0.279947
0.020 -3.393170
0.030 6.831388
0.040 -0.151176
0.050 1.563485
0.060 8.150145
0.070 -12.990205
0.080 5.119829
0.090 -3.006562
0.100 2.061633
0.110 3.129526
0.120 -4.525151
0.130 -1.079779
0.140 -5.634691
0.150 -12.441793
0.160 -6.260215
0.170 -11.296778
0.180 -5.568564
0.190 6.169466
0.200 6.237870
0.210 -4.052523
0.220 -0.170155
0.230 -14.393444
0.240 6.189022
0.250 1.662826
0.260 -3.609673
0.270 -3.105418
0.280 -11.127004
0.290 -1.061713
0.300 1.133152
0.310 9.452847
0.320 8.331386
0.330 -1.615542
0.340 0.357041
0.350 2.489986
0.360 3.389674
0.370 7.713275
0.380 -1.855527
0.390 3.314142
0.400 -4.098351
0.410 12.958804
0.420 4.192034
0.430 7.703839
0.440 -1.397544
0.450 -7.378201
0.460 3.511566
0.470 -3.930156
0.480 -9.181639
0.490 -4.093348
0.500 20.659180
0.510 4.456639
0.520 4.678570
0.530 -3.040192
0.540 3.298712
0.550 1.035688
0.560 4.924215
0.570 -5.282830
0.580 -5.498707
0.590 17.253662
0.600 0.598796
0.610 -10.909672
0.620 -6.831424
0.630 -3.143169
0.640 2.729309
0.650 1.052334
0.660 14.548110
0.670 -1.996993
0.680 1.107518
0.690 -8.048847
0.700 0.652330
0.710 4.915901
0.720 10.067578
0.730 0.412424
0.740 -14.988221
0.750 -20.396759
0.760 -4.073230
0.770 -7.847929
0.780 -2.817952
0.790 3.099805
0.800 -0.526820
0.810 -2.000102
0.820 4.477219
0.830 5.438455
0.840 1.354604
0.850 -6.098650
0.860 -10.441441
0.870 -2.564218
0.880 24.647012
0.890 5.294345
0.900 -2.938365
0.910 4.819181
0.920 -12.650560
0.930 1.658489
0.940 5.481349
0.950 -4.979224
0.960 -15.175912
0.970 -1.025466
0.980 5.052300
0.990 4.377381
