0.000 -11.853427
0.010 1.675849
0.020 14.447243
0.030 13.270020
0.040 -2.517568
0.050 8.477113
0.060 12.176444
0.070 1.380489
0.080 14.147145
0.090 5.678605
0.100 7.960891
0.110 -7.435683
0.120 -7.271855
0.130 -1.159801
0.140 15.005027
0.150 -3.331524
0.160 4.073082
0.170 9.723978
0.180 0.127488
0.190 -4.623403
0.200 -8.852453
0.210 -1.866297
0.220 6.615544
0.230 3.172917
0.240 -7.581999
0.250 -1.156899
0.260 -13.274400
0.270 -2.309344
0.280 -1.534173
0.290 7.868658
0.300 2.206915
0.310 6.361135
0.320 6.590431
0.330 -0.788797
0.340 1.336879
0.350 -7.352315
0.360 -0.117025
0.370 -4.588196
0.380 0.873497
0.390 0.175258
0.400 -0.739899
0.410 4.968473
0.420 0.793358
0.430 -9.904828
0.440 2.747537
0.450 -1.156485
0.460 -5.201557
0.470 -10.558745
0.480 -1.538860
0.490 -0.992060
0.500 -9.259906
0.510 -0.643484
0.520 -8.169120
0.530 0.579739
0.540 1.670056
0.550 -3.305126
0.560 6.683153
0.570 7.198759
0.580 -8.032645
0.590 -3.856556
0.600 3.421062
0.610 5.351611
0.620 -14.456384
0.630 5.544266
0.640 -2.191016
0.650 3.036306
0.660 -6.497538
0.670 11.088256
0.680 -11.336411
0.690 10.722606
0.700 -11.167327
0.710 8.288710
0.720 26.105866
0.730 2.831766
0.740 -7.242070
0.750 3.408601
0.760 8.446356
0.770 3.095027
0.780 2.085772
0.790 -3.047672
0.800 -10.516540
0.810 -13.083650
0.820 9.296030
0.830 -6.915909
0.840 0.926770
0.850 9.151774
0.860 -7.852692
0.870 19.711581
0.880 6.743170
0.890 -5.095181
0.900 12.543497
0.910 0.411242
0.920 -15.369889
0.930 -17.294341
0.940 7.704818
0.950 -5.418135
0.960 6.225319
0.970 3.185450
0.980 -1.534296
0.990 1.749381
