0.000 14.423031
0.010 8.505702
0.020 2.841617
0.030 -4.929841
0.040 0.053388
0.050 7.215039
0.060 -4.096593
0.070 -16.147245
0.080 0.597866
0.090 -4.214396
0.100 -0.777450
0.110 -18.370370
0.120 -0.622219
0.130 -5.282006
0.140 -0.122838
0.150 -0.698456
0.160 -2.672305
0.170 -10.375673
0.180 -10.820865
0.190 -0.309917
0.200 2.422915
0.210 -8.389740
0.220 0.474485
0.230 -7.073470
0.240 -0.444471
0.250 -7.051430
0.260 -11.375508
0.270 13.360327
0.280 7.390907
0.290 -0.915609
0.300 -0.693810
0.310 -0.455038
0.320 3.921713
0.330 7.485762
0.340 1.715850
0.350 0.893948
0.360 -1.381669
0.370 -2.643002
0.380 2.266725
0.390 -18.029358
0.400 -10.527794
0.410 13.362923
0.420 -5.114993
0.430 -2.099017
0.440 -7.255711
0.450 -9.414025
0.460 4.395757
0.470 3.684003
0.480 -9.062690
0.490 6.823228
0.500 -7.007427
0.510 -12.790364
0.520 -1.313417
0.530 11.166003
0.540 1.134596
0.550 0.022404
0.560 -3.032614
0.570 -2.499261
0.580 2.509240
0.590 1.801989
0.600 -5.995797
0.610 -3.794096
0.620 -8.136496
0.630 4.624656
0.640 7.988414
0.650 5.475940
0.660 4.299701
0.670 -8.070917
0.680 11.537999
0.690 11.490977
0.700 5.205666
0.710 7.343723
0.720 -3.772371
0.730 -7.075189
0.740 6.580654
0.750 1.753214
0.760 -8.744508
0.770 3.195953
0.780 3.508660
0.790 -7.647311
0.800 5.716068
0.810 5.413910
0.820 -5.567263
0.830 1.905664
0.840 1.745363
0.850 -1.900608
0.860 13.842802
0.870 2.068504
0.880 -6.924025
0.890 -1.415311
0.900 -0.366649
0.910 1.509242
0.920 3.401739
0.930 -1.589457
0.940 -17.748565
0.950 -15.692297
0.960 -2.749377
0.970 -4.655270
0.980 -0.442017
0.990 -3.621263
