0.000 -1.313119
0.010 5.631763
0.020 13.811388
0.030 -9.112561
0.040 -6.649368
0.050 -10.276337
0.060 -13.683291
0.070 14.493019
0.080 9.114124
0.090 -6.845987
0.100 1.892991
0.110 -1.782821
0.120 13.384648
0.130 -10.010067
0.140 9.995605
0.150 3.410017
0.160 -13.904457
0.170 2.119896
0.180 -3.563029
0.190 -11.502512
0.200 4.980926
0.210 3.906721
0.220 1.757488
0.230 1.426547
0.240 -7.169279
0.250 -3.787428
0.260 -3.048501
0.270 -4.308554
0.280 -2.041320
0.290 3.621727
0.300 3.107346
0.310 3.822025
0.320 20.002954
0.330 -6.533074
0.340 -8.278733
0.350 -5.526677
0.360 7.005266
0.370 -0.091017
0.380 4.192555
0.390 8.731414
0.400 -3.431239
0.410 15.585215
0.420 11.794802
0.430 -5.340090
0.440 -1.089393
0.450 -5.644841
0.460 5.799592
0.470 -5.975838
0.480 -2.943821
0.490 11.386399
0.500 9.069860
0.510 -29.178305
0.520 2.555632
0.530 -8.833157
0.540 -4.042467
0.550 8.104273
0.560 -2.976737
0.570 -5.577314
0.580 4.574069
0.590 -2.582133
0.600 -5.629374
0.610 3.800769
0.620 -16.162502
0.630 -8.090401
0.640 -20.457250
0.650 1.602102
0.660 -7.221422
0.670 -7.497101
0.680 5.266972
0.690 10.861999
0.700 -0.779312
0.710 4.899914
0.720 7.765476
0.730 1.202070
0.740 -4.419960
0.750 -3.465321
0.760 4.329222
0.770 -1.295121
0.780 -9.660440
0.790 -16.606427
0.800 9.795128
0.810 -0.513365
0.820 11.877436
0.830 6.370482
0.840 8.876674
0.850 10.736679
0.860 10.989292
0.870 -7.752318
0.880 4.521128
0.890 -5.810681
0.900 2.751128
0.910 5.334213
0.920 2.190387
0.930 -4.681651
0.940 4.030969
0.950 -1.174555
0.960 -10.636363
0.970 -9.936006
0.980 1.325251
0.990 13.959734
