0.000 -0.040753
0.010 -5.469911
0.020 -2.664019
0.030 -12.388092
0.040 5.256813
0.050 -13.020000
0.060 -0.998766
0.070 -2.973630
0.080 -13.899064
0.090 8.228255
0.100 9.194019
0.110 -1.047336
0.120 4.032562
0.130 -7.546732
0.140 1.332277
0.150 1.161264
0.160 -2.115828
0.170 -1.378918
0.180 -10.822217
0.190 -12.209767
0.200 -7.429082
0.210 3.518528
0.220 11.418010
0.230 3.440611
0.240 -6.708015
0.250 -2.729492
0.260 -13.414547
0.270 6.590477
0.280 14.787273
0.290 2.615760
0.300 -0.659649
0.310 -1.642791
0.320 -13.520368
0.330 -6.140742
0.340 4.846889
0.350 -9.269272
0.360 -6.893461
0.370 -9.370895
0.380 -11.249558
0.390 -5.760144
0.400 -7.976477
0.410 7.115578
0.420 2.718498
0.430 -1.845017
0.440 5.073562
0.450 5.392728
0.460 3.175764
0.470 -1.822105
0.480 5.365232
0.490 -9.049144
0.500 4.167601
0.510 -7.436079
0.520 7.928474
0.530 -6.243330
0.540 14.711242
0.550 -2.525130
0.560 16.091711
0.570 -2.093192
0.580 -4.574839
0.590 -9.130801
0.600 -12.800672
0.610 1.507421
0.620 -23.647438
0.630 -4.237954
0.640 -13.077760
0.650 0.755361
0.660 8.511479
0.670 -2.900037
0.680 -1.216848
0.690 9.223779
0.700 2.998835
0.710 4.729797
0.720 -2.959325
0.730 2.602691
0.740 -0.830644
0.750 -6.923491
0.760 1.956812
0.770 -7.396850
0.780 -2.799744
0.790 -3.887516
0.800 9.274233
0.810 -13.011162
0.820 7.288923
0.830 -0.480173
0.840 -0.086949
0.850 -3.461119
0.860 -8.082117
0.870 6.128659
0.880 -4.410725
0.890 -2.195657
0.900 -2.372749
0.910 -8.993041
0.920 3.333081
0.930 2.647637
0.940 -0.636392
0.950 -2.178833
0.960 0.310521
0.970 -7.208680
0.980 4.337968
0.990 3.946514
