0.000 16.439925
0.010 4.180556
0.020 -2.572619
0.030 -21.122047
0.040 -11.208737
0.050 2.803331
0.060 1.855164
0.070 21.067491
0.080 -6.512087
0.090 -4.511742
0.100 -2.036077
0.110 9.011904
0.120 -6.777845
0.130 -7.012511
0.140 6.598729
0.150 -3.884956
0.160 17.761951
0.170 7.597713
0.180 0.150719
0.190 11.837237
0.200 2.660389
0.210 3.205091
0.220 9.254490
0.230 -10.779158
0.240 1.991296
0.250 6.534018
0.260 1.410427
0.270 5.772040
0.280 1.413628
0.290 -13.534075
0.300 4.285695
0.310 5.950716
0.320 4.548660
0.330 1.209603
0.340 10.936592
0.350 -0.510059
0.360 -6.807032
0.370 19.055830
0.380 8.744394
0.390 12.755942
0.400 -4.445409
0.410 -2.298639
0.420 9.613711
0.430 -3.160331
0.440 -14.794962
0.450 -4.356142
0.460 9.459234
0.470 2.273879
0.480 -7.168636
0.490 3.688279
0.500 0.005692
0.510 -10.287389
0.520 9.397731
0.530 -5.265002
0.540 16.252280
0.550 6.770155
0.560 -2.982674
0.570 1.119680
0.580 17.046725
0.590 -8.442896
0.600 3.100714
0.610 11.514107
0.620 1.363791
0.630 12.157040
0.640 -3.133477
0.650 1.569140
0.660 -0.260029
0.670 -11.675065
0.680 4.535598
0.690 -6.675675
0.700 -6.823023
0.710 0.805444
0.720 14.470341
0.730 -8.604575
0.740 2.449391
0.750 2.656453
0.760 -7.910246
0.770 5.784065
0.780 7.942685
0.790 2.319046
0.800 -4.376881
0.810 -13.966355
0.820 -1.916029
0.830 5.429645
0.840 -8.284554
0.850 -8.680643
0.860 -3.374151
0.870 -7.059134
0.880 -0.529755
0.890 -5.893846
0.900 6.108919
0.910 -3.944752
0.920 -4.719514
0.930 -0.466720
0.940 3.607503
0.950 -2.924766
0.960 -4.563796
0.970 -5.378124
0.980 17.457374
0.990 8.133858
