0.000 -6.028186
0.010 -0.805173
0.020 5.739742
0.030 2.446533
0.040 -2.390253
0.050 8.078360
0.060 -11.268554
0.070 -19.549926
0.080 14.816625
0.090 7.550169
0.100 -10.282426
0.110 -0.119241
0.120 -1.734543
0.130 6.256743
0.140 1.201663
0.150 -9.761109
0.160 -6.583880
0.170 -7.436927
0.180 3.929374
0.190 3.426404
0.200 22.673307
0.210 -8.081002
0.220 11.873604
0.230 4.471799
0.240 8.499728
0.250 -2.083867
0.260 -2.939955
0.270 -15.251513
0.280 12.528052
0.290 -5.650887
0.300 3.122273
0.310 7.074442
0.320 2.129619
0.330 10.966229
0.340 1.336235
0.350 -7.462874
0.360 2.123387
0.370 10.380971
0.380 11.864005
0.390 -7.656043
0.400 0.264152
0.410 1.088383
0.420 -14.050452
0.430 1.835024
0.440 2.504369
0.450 3.025037
0.460 5.581863
0.470 1.223562
0.480 -2.082836
0.490 1.221266
0.500 9.072201
0.510 10.830047
0.520 -0.153314
0.530 9.975845
0.540 2.225129
0.550 -2.799246
0.560 -0.606950
0.570 -6.976836
0.580 0.996589
0.590 5.318390
0.600 -15.777506
0.610 1.841809
0.620 -4.651210
0.630 3.737423
0.640 3.200284
0.650 -1.894142
0.660 9.989279
0.670 15.793033
0.680 -1.799081
0.690 -8.026887
0.700 3.616050
0.710 3.724698
0.720 -6.149412
0.730 -3.200012
0.740 1.491438
0.750 -14.016174
0.760 -1.753003
0.770 9.066938
0.780 15.928752
0.790 14.507058
0.800 9.635083
0.810 -4.758207
0.820 -2.762008
0.830 -4.070712
0.840 8.043267
0.850 -0.376810
0.860 6.934847
0.870 -4.718837
0.880 5.826937
0.890 10.049738
0.900 -1.146525
0.910 -6.087205
0.920 -0.011328
0.930 -22.028797
0.940 18.126214
0.950 -19.833533
0.960 -2.178312
0.970 -0.767273
0.980 6.374864
0.990 -0.157024
