0.000 4.330355
0.010 5.808059
0.020 2.833996
0.030 -6.536506
0.040 -2.239206
0.050 -12.721696
0.060 -0.526594
0.070 -8.878356
0.080 5.114270
0.090 2.703744
0.100 -4.045327
0.110 3.580551
0.120 -10.799660
0.130 0.121071
0.140 1.239523
0.150 2.230876
0.160 -6.798794
0.170 1.969082
0.180 5.002666
0.190 12.764458
0.200 1.321112
0.210 -1.089397
0.220 -0.902146
0.230 -8.074189
0.240 2.139188
0.250 0.156413
0.260 5.591108
0.270 1.925485
0.280 -5.008498
0.290 4.258080
0.300 12.922862
0.310 -5.832743
0.320 4.254618
0.330 -2.742644
0.340 2.444786
0.350 -2.709666
0.360 1.065525
0.370 -8.304215
0.380 -1.707082
0.390 -4.292690
0.400 3.194325
0.410 0.210766
0.420 0.917211
0.430 0.906468
0.440 6.771437
0.450 -3.367495
0.460 -2.088664
0.470 -8.192954
0.480 7.465176
0.490 9.638164
0.500 -2.151511
0.510 -11.077013
0.520 13.241618
0.530 6.074091
0.540 -2.324496
0.550 9.298409
0.560 1.769439
0.570 -1.774187
0.580 -11.843175
0.590 -27.294533
0.600 5.097870
0.610 4.846461
0.620 -0.036837
0.630 8.037751
0.640 3.351329
0.650 -8.476287
0.660 -4.084453
0.670 8.024039
0.680 -2.149723
0.690 -3.820247
0.700 10.206883
0.710 3.053308
0.720 5.352491
0.730 -3.699638
0.740 0.213850
0.750 -4.112574
0.760 -0.037850
0.770 -0.689567
0.780 -1.903094
0.790 12.422783
0.800 9.059838
0.810 -3.560259
0.820 -3.659911
0.830 28.935583
0.840 0.047156
0.850 8.832774
0.860 -3.082498
0.870 -10.995965
0.880 -4.214411
0.890 -2.434481
0.900 -1.494771
0.910 -5.134590
0.920 -4.671178
0.930 21.223062
0.940 -3.398184
0.950 -1.394478
0.960 14.689967
0.970 5.022351
0.980 -2.558603
0.990 -5.863544
