0.000 -2.801322
0.010 -9.227918
0.020 -8.430417
0.030 11.102893
0.040 -7.099358
0.050 -1.316096
0.060 2.030688
0.070 -14.597045
0.080 -13.369278
0.090 -8.579178
0.100 17.420954
0.110 -9.478063
0.120 2.707075
0.130 -13.561551
0.140 13.946686
0.150 2.467398
0.160 -6.129371
0.170 0.873347
0.180 -6.931298
0.190 0.448490
0.200 8.865125
0.210 0.013770
0.220 -4.022100
0.230 -8.276504
0.240 9.958833
0.250 -3.800459
0.260 -8.814363
0.270 -0.380319
0.280 7.118431
0.290 3.723329
0.300 -8.233509
0.310 -9.541413
0.320 6.876751
0.330 -10.063102
0.340 -9.722049
0.350 -1.044133
0.360 0.932288
0.370 6.611579
0.380 -9.619337
0.390 4.304313
0.400 -3.620020
0.410 -5.139803
0.420 -0.211924
0.430 8.629495
0.440 -0.454861
0.450 -4.933235
0.460 -6.959762
0.470 -11.514813
0.480 7.959893
0.490 -2.487982
0.500 2.088497
0.510 2.121207
0.520 9.763460
0.530 -3.492590
0.540 13.454914
0.550 -3.772765
0.560 4.190369
0.570 2.302913
0.580 5.871563
0.590 9.962161
0.600 -7.788322
0.610 -0.314383
0.620 1.201527
0.630 3.866470
0.640 -1.375460
0.650 -12.197141
0.660 -17.136667
0.670 -9.915819
0.680 -3.559905
0.690 -24.331655
0.700 -8.065352
0.710 -7.784736
0.720 5.340195
0.730 8.232520
0.740 -7.906900
0.750 3.877736
0.760 -1.616360
0.770 11.556032
0.780 -9.444698
0.790 -0.944232
0.800 3.664226
0.810 -9.755971
0.820 8.612863
0.830 -6.579086
0.840 -2.225010
0.850 1.176930
0.860 -10.274010
0.870 7.946270
0.880 -4.791790
0.890 10.767988
0.900 -0.567945
0.910 -8.682773
0.920 -7.503673
0.930 -9.337489
0.940 -7.036881
0.950 -13.707444
0.960 -5.104129
0.970 -11.172995
0.980 -3.051182
0.990 -7.688275
