0.000 -9.114154
0.010 3.878831
0.020 -4.640127
0.030 10.885609
0.040 -3.401480
0.050 -14.944784
0.060 -1.461020
0.070 0.437079
0.080 -0.673326
0.090 -1.940993
0.100 -0.020503
0.110 5.316826
0.120 11.067326
0.130 4.196712
0.140 0.037320
0.150 -20.115008
0.160 5.997101
0.170 -4.312415
0.180 1.327802
0.190 15.225246
0.200 -2.991701
0.210 12.818079
0.220 -6.400482
0.230 9.662093
0.240 0.628070
0.250 5.686910
0.260 -3.318046
0.270 13.431850
0.280 -1.957721
0.290 -4.576857
0.300 -5.939465
0.310 0.233294
0.320 -8.407868
0.330 -0.712163
0.340 6.305389
0.350 -1.993658
0.360 -4.242224
0.370 2.873516
0.380 -2.220830
0.390 3.837359
0.400 13.843202
0.410 -0.032143
0.420 7.290616
0.430 -13.318751
0.440 0.382652
0.450 -8.916343
0.460 -9.616116
0.470 5.191089
0.480 -1.857977
0.490 -6.518993
0.500 -3.399548
0.510 -0.068127
0.520 5.548006
0.530 3.878844
0.540 -6.569470
0.550 -6.912762
0.560 2.461915
0.570 17.700263
0.580 6.634834
0.590 -8.545040
0.600 17.046678
0.610 7.510300
0.620 -6.556827
0.630 18.321243
0.640 21.970914
0.650 1.572224
0.660 -7.069031
0.670 3.237543
0.680 3.344707
0.690 5.026361
0.700 -3.922708
0.710 -1.728648
0.720 0.782220
0.730 -18.943787
0.740 1.567642
0.750 -10.066175
0.760 -4.500534
0.770 -17.551221
0.780 3.204584
0.790 9.011045
0.800 21.045837
0.810 5.010086
0.820 -8.874584
0.830 6.715670
0.840 5.534013
0.850 8.023127
0.860 -10.592318
0.870 -1.734671
0.880 8.010658
0.890 -12.493718
0.900 -13.191797
0.910 3.127400
0.920 13.026061
0.930 4.079651
0.940 -11.082222
0.950 7.484915
0.960 -15.752315
0.970 -14.198332
0.980 4.069056
0.990 14.459203
