0.000 4.090881
0.010 -7.730659
0.020 -5.151887
0.030 -26.662564
0.040 2.417551
0.050 7.010781
0.060 -12.716140
0.070 -1.706980
0.080 -8.184504
0.090 4.992174
0.100 9.148810
0.110 -3.744045
0.120 2.501457
0.130 1.282653
0.140 1.084414
0.150 -1.618043
0.160 -10.904600
0.170 -8.229532
0.180 0.633667
0.190 3.032024
0.200 8.775622
0.210 3.182997
0.220 -17.984753
0.230 7.281922
0.240 2.712380
0.250 6.481008
0.260 -1.158208
0.270 -22.272713
0.280 21.496706
0.290 0.226552
0.300 -1.207263
0.310 9.370573
0.320 -0.010677
0.330 -2.059855
0.340 12.617930
0.350 7.820390
0.360 9.032014
0.370 2.631622
0.380 6.400001
0.390 -20.902011
0.400 3.855253
0.410 13.629744
0.420 -0.827760
0.430 0.500334
0.440 -10.360790
0.450 -14.018996
0.460 -2.016300
0.470 -22.242612
0.480 -3.228829
0.490 12.457431
0.500 -9.763427
0.510 5.989739
0.520 -1.940308
0.530 1.068053
0.540 4.858887
0.550 -3.163746
0.560 -0.905158
0.570 -0.975771
0.580 3.521435
0.590 -4.070623
0.600 -2.591958
0.610 0.786706
0.620 5.546263
0.630 -7.840756
0.640 -8.454460
0.650 -8.118296
0.660 -12.119531
0.670 5.892853
0.680 -9.490573
0.690 -14.064856
0.700 -20.346526
0.710 -9.178242
0.720 11.071684
0.730 -9.817690
0.740 -6.003040
0.750 -7.211947
0.760 -2.267186
0.770 5.258595
0.780 -3.761695
0.790 2.639140
0.800 1.442264
0.810 13.065465
0.820 5.118382
0.830 4.499089
0.840 -11.887059
0.850 -8.873506
0.860 5.090332
0.870 -0.205010
0.880 -4.617720
0.890 2.398855
0.900 -0.367272
0.910 -4.913751
0.920 6.918093
0.930 8.804916
0.940 -5.582784
0.950 9.374500
0.960 -3.165228
0.970 0.802871
0.980 -6.441181
0.990 -10.394036
