0.000 4.986748
0.010 3.483288
0.020 6.459692
0.030 5.245148
0.040 3.639778
0.050 5.997358
0.060 4.461904
0.070 -8.492745
0.080 11.690916
0.090 -0.148710
0.100 5.216606
0.110 5.105648
0.120 -14.082320
0.130 3.315387
0.140 -7.243785
0.150 -6.618212
0.160 -1.300613
0.170 1.418843
0.180 15.389762
0.190 -8.351467
0.200 15.053914
0.210 15.639551
0.220 3.208837
0.230 -9.507903
0.240 1.896850
0.250 11.659250
0.260 6.653512
0.270 -12.529372
0.280 -5.896945
0.290 -12.502850
0.300 3.852473
0.310 3.467366
0.320 -1.564700
0.330 -13.477827
0.340 9.069784
0.350 -11.174266
0.360 -3.259331
0.370 3.406389
0.380 0.154893
0.390 -1.112102
0.400 -7.700267
0.410 8.919623
0.420 12.624713
0.430 5.836183
0.440 3.958227
0.450 5.287511
0.460 2.221891
0.470 -1.387247
0.480 5.506306
0.490 2.599170
0.500 2.567179
0.510 -1.026659
0.520 -9.577512
0.530 -5.312786
0.540 -2.029846
0.550 -13.991395
0.560 5.347997
0.570 9.476853
0.580 -15.289764
0.590 2.764401
0.600 5.548010
0.610 5.312470
0.620 2.479135
0.630 -0.022977
0.640 2.351547
0.650 -9.621006
0.660 2.813089
0.670 -14.680429
0.680 6.407164
0.690 -9.365430
0.700 2.240631
0.710 -4.196245
0.720 -3.409992
0.730 16.759569
0.740 10.298525
0.750 -6.395605
0.760 19.407527
0.770 -2.495199
0.780 3.708451
0.790 8.234742
0.800 -13.869755
0.810 -1.833610
0.820 -12.446858
0.830 -0.835524
0.840 11.048018
0.850 2.191538
0.860 6.028370
0.870 -5.452374
0.880 -2.117609
0.890 15.450927
0.900 -10.824334
0.910 -6.407890
0.920 10.747023
0.930 5.681736
0.940 4.601112
0.950 -4.588598
0.960 -0.805315
0.970 7.223876
0.980 1.641568
0.990 17.086030
