0.000 3.033716
0.010 -2.904226
0.020 -0.052680
0.030 8.118066
0.040 -11.083512
0.050 9.716891
0.060 -15.112132
0.070 2.927179
0.080 1.501577
0.090 2.215237
0.100 2.008998
0.110 11.259423
0.120 0.653056
0.130 -10.041522
0.140 -0.273561
0.150 1.199044
0.160 1.684160
0.170 8.119042
0.180 6.659314
0.190 3.266450
0.200 -2.476615
0.210 5.944609
0.220 2.469016
0.230 -9.030446
0.240 -2.474028
0.250 11.054045
0.260 -12.194516
0.270 -8.829195
0.280 7.200062
0.290 2.480087
0.300 -3.534397
0.310 0.698362
0.320 8.853355
0.330 4.349294
0.340 -2.030082
0.350 6.458506
0.360 8.457021
0.370 -0.847509
0.380 13.676004
0.390 4.788439
0.400 5.912158
0.410 -2.381633
0.420 4.034899
0.430 -21.094078
0.440 -5.485620
0.450 2.440898
0.460 -4.424952
0.470 5.366175
0.480 -0.807077
0.490 -16.729809
0.500 -6.037140
0.510 11.460459
0.520 -13.495862
0.530 -4.133675
0.540 -8.653152
0.550 2.011867
0.560 -3.485570
0.570 -1.433692
0.580 -0.746574
0.590 -0.048639
0.600 10.553546
0.610 -6.427179
0.620 6.175881
0.630 7.394517
0.640 5.141820
0.650 4.124034
0.660 -6.768140
0.670 10.259128
0.680 -5.882510
0.690 0.192263
0.700 -3.354052
0.710 -7.024190
0.720 7.505619
0.730 -2.153803
0.740 -10.324036
0.750 10.004046
0.760 3.462896
0.770 8.263540
0.780 -14.341825
0.790 -6.490127
0.800 -16.414160
0.810 -5.791634
0.820 -9.156066
0.830 6.394169
0.840 -4.482669
0.850 -6.872613
0.860 0.677599
0.870 9.242697
0.880 5.565083
0.890 7.390813
0.900 -4.812803
0.910 -5.396340
0.920 -12.756331
0.930 -11.460215
0.940 5.920113
0.950 0.407588
0.960 8.125549
0.970 9.802961
0.980 -6.993819
0.990 -4.032307
