0.000 -0.714807
0.010 0.236049
0.020 18.012998
0.030 6.614969
0.040 -13.292709
0.050 -4.020280
0.060 2.440999
0.070 10.702420
0.080 -2.611004
0.090 -7.826936
0.100 -9.531927
0.110 1.858930
0.120 -8.593508
0.130 2.543283
0.140 10.646022
0.150 12.181743
0.160 7.876301
0.170 -7.014326
0.180 4.127638
0.190 1.853891
0.200 1.788162
0.210 -7.192247
0.220 1.905345
0.230 19.394923
0.240 4.861254
0.250 7.567151
0.260 3.278449
0.270 -14.652772
0.280 -2.580261
0.290 15.160131
0.300 12.403598
0.310 0.903646
0.320 13.607857
0.330 -3.032897
0.340 4.344052
0.350 8.770833
0.360 3.204076
0.370 10.390801
0.380 -25.822215
0.390 -1.603288
0.400 -9.377937
0.410 -0.954569
0.420 -14.109625
0.430 -10.690219
0.440 -0.837992
0.450 -18.029514
0.460 -0.657471
0.470 2.253693
0.480 -1.679404
0.490 7.203698
0.500 -1.452327
0.510 -5.576151
0.520 -6.588796
0.530 -2.878688
0.540 -4.258008
0.550 -4.802254
0.560 -7.572241
0.570 3.838236
0.580 -2.818831
0.590 -14.563253
0.600 -1.038785
0.610 -5.116735
0.620 5.154986
0.630 5.938861
0.640 -5.058149
0.650 -1.431907
0.660 -5.509628
0.670 -0.285912
0.680 15.582202
0.690 0.577790
0.700 5.208694
0.710 -0.649610
0.720 -28.269903
0.730 3.772817
0.740 -11.330190
0.750 -7.028005
0.760 -4.397026
0.770 1.784778
0.780 -0.523421
0.790 -5.922650
0.800 2.971960
0.810 -11.447526
0.820 3.797927
0.830 6.143140
0.840 -6.628043
0.850 6.101218
0.860 2.258164
0.870 -10.767895
0.880 1.622910
0.890 3.478418
0.900 -5.519425
0.910 -4.716692
0.920 7.067245
0.930 -7.220750
0.940 -11.446534
0.950 -3.385247
0.960 -5.313584
0.970 10.844475
0.980 -1.051336
0.990 3.553469
