0.000 -3.236429
0.010 1.692900
0.020 -5.868623
0.030 -11.384680
0.040 9.630980
0.050 -5.035333
0.060 -3.325912
0.070 6.174681
0.080 -6.444549
0.090 0.123482
0.100 8.277265
0.110 4.035548
0.120 -1.806695
0.130 -4.885352
0.140 -0.181497
0.150 -3.490452
0.160 5.254106
0.170 -5.657918
0.180 5.104527
0.190 -3.549977
0.200 2.063995
0.210 -3.158040
0.220 -2.715160
0.230 8.578411
0.240 -4.178430
0.250 3.610907
0.260 3.511768
0.270 -9.718214
0.280 -4.163420
0.290 -7.964851
0.300 -7.413651
0.310 9.835613
0.320 -10.426980
0.330 -6.234031
0.340 6.415753
0.350 1.729614
0.360 14.653259
0.370 -3.671938
0.380 13.491384
0.390 -1.209519
0.400 2.214837
0.410 -0.249737
0.420 -1.184802
0.430 4.393876
0.440 -4.757164
0.450 10.914125
0.460 3.158584
0.470 7.615120
0.480 11.225178
0.490 -0.099462
0.500 -2.047464
0.510 -2.146075
0.520 -19.377324
0.530 7.322021
0.540 -0.911084
0.550 16.226454
0.560 -16.957016
0.570 9.782341
0.580 -1.469041
0.590 -5.279159
0.600 0.102471
0.610 10.427910
0.620 12.497210
0.630 -5.453347
0.640 -14.660537
0.650 1.847448
0.660 -11.806785
0.670 -7.915929
0.680 6.530130
0.690 0.864925
0.700 1.471712
0.710 -1.803567
0.720 11.062847
0.730 4.270368
0.740 -7.153781
0.750 -8.549136
0.760 7.438253
0.770 11.081648
0.780 10.671128
0.790 -4.720666
0.800 0.955942
0.810 -10.392048
0.820 3.300608
0.830 -3.272435
0.840 4.403311
0.850 11.436968
0.860 3.503305
0.870 22.785558
0.880 17.223355
0.890 -3.524350
0.900 -4.028408
0.910 -4.888488
0.920 11.021243
0.930 -5.166365
0.940 1.023068
0.950 -24.335310
0.960 -0.568466
0.970 -5.876508
0.980 -17.445518
0.990 14.436781
