0.000 -1.448771
0.010 3.585241
0.020 -4.262600
0.030 -8.609762
0.040 0.279038
0.050 -10.644155
0.060 -12.950310
0.070 1.642317
0.080 -11.045468
0.090 -1.117114
0.100 16.564221
0.110 -1.328361
0.120 -0.222752
0.130 4.027362
0.140 8.203241
0.150 0.992135
0.160 -1.181779
0.170 6.891260
0.180 -3.815153
0.190 -8.502156
0.200 2.941511
0.210 -5.964612
0.220 10.189671
0.230 5.763165
0.240 0.032672
0.250 -6.784987
0.260 1.483165
0.270 5.150427
0.280 1.766152
0.290 4.840677
0.300 -1.607329
0.310 -6.736276
0.320 -11.265895
0.330 0.423638
0.340 -4.056156
0.350 17.286474
0.360 -9.252536
0.370 -8.782784
0.380 2.604135
0.390 -4.097295
0.400 0.777098
0.410 -1.372266
0.420 -0.734458
0.430 6.931667
0.440 12.826019
0.450 1.096233
0.460 -0.948492
0.470 -1.226180
0.480 -19.295082
0.490 5.675223
0.500 11.496323
0.510 5.680541
0.520 -10.880255
0.530 3.883085
0.540 15.675292
0.550 -1.215856
0.560 -0.202684
0.570 -12.427221
0.580 -4.322154
0.590 5.508278
0.600 -8.502514
0.610 21.538364
0.620 9.556204
0.630 5.318230
0.640 -8.691040
0.650 0.797014
0.660 -3.087824
0.670 -4.851916
0.680 0.548776
0.690 -3.292405
0.700 4.701919
0.710 -4.208696
0.720 -11.951689
0.730 -1.629027
0.740 -4.855090
0.750 -3.101019
0.760 3.691098
0.770 8.251027
0.780 5.728844
0.790 -9.712804
0.800 1.682807
0.810 7.828969
0.820 13.809202
0.830 12.112875
0.840 10.001884
0.850 7.592133
0.860 -12.118552
0.870 3.823226
0.880 2.945610
0.890 -1.987157
0.900 7.561132
0.910 11.917103
0.920 5.675334
0.930 6.530059
0.940 6.205599
0.950 2.992856
0.960 3.272059
0.970 -6.672676
0.980 11.462962
0.990 7.617617
