0.000 -2.101053
0.010 14.507989
0.020 2.379771
0.030 -1.804233
0.040 9.507487
0.050 -6.282416
0.060 5.679768
0.070 3.107181
0.080 2.221897
0.090 7.463786
0.100 -6.468127
0.110 0.834702
0.120 0.053055
0.130 3.463257
0.140 2.521786
0.150 7.406243
0.160 -5.068467
0.170 0.335868
0.180 -16.962093
0.190 -4.078918
0.200 -8.721042
0.210 1.726553
0.220 -1.619912
0.230 -3.762383
0.240 -6.266229
0.250 -2.726580
0.260 4.497082
0.270 -5.343645
0.280 -9.281894
0.290 -5.833326
0.300 9.824865
0.310 -16.047592
0.320 -14.736464
0.330 -6.824647
0.340 -0.783397
0.350 -2.047756
0.360 -2.029085
0.370 8.048141
0.380 6.342203
0.390 -10.520565
0.400 0.184285
0.410 7.488898
0.420 -11.832343
0.430 -3.889212
0.440 5.214571
0.450 -6.073066
0.460 6.032512
0.470 0.057959
0.480 -1.701606
0.490 -11.170263
0.500 -5.102366
0.510 -1.112381
0.520 4.902553
0.530 -10.347766
0.540 0.152721
0.550 3.277881
0.560 -12.973854
0.570 -17.435088
0.580 -1.070535
0.590 3.646355
0.600 -4.097994
0.610 10.612573
0.620 -5.628032
0.630 3.656259
0.640 0.106343
0.650 7.585815
0.660 0.238991
0.670 6.616452
0.680 12.251499
0.690 0.817162
0.700 -10.535362
0.710 10.823657
0.720 0.801361
0.730 9.115910
0.740 3.118369
0.750 11.158190
0.760 -2.899333
0.770 -3.825448
0.780 6.652205
0.790 -3.139093
0.800 8.642633
0.810 4.438265
0.820 -12.197986
0.830 0.644304
0.840 2.713161
0.850 -6.917803
0.860 -10.017008
0.870 8.679602
0.880 7.569815
0.890 -17.490182
0.900 -5.919368
0.910 -5.092661
0.920 1.061211
0.930 -3.782398
0.940 6.084018
0.950 -5.500150
0.960 11.204685
0.970 4.019131
0.980 -2.661702
0.990 0.868220
