0.000 7.181189
0.010 -8.185022
0.020 3.817813
0.030 6.801445
0.040 16.597758
0.050 9.884736
0.060 -14.175561
0.070 9.492784
0.080 -6.484461
0.090 -15.041008
0.100 1.703879
0.110 -5.167123
0.120 2.679188
0.130 -3.475197
0.140 -2.712923
0.150 8.811293
0.160 5.022446
0.170 -1.546033
0.180 -5.680514
0.190 -9.420538
0.200 -0.689732
0.210 1.620383
0.220 -3.367594
0.230 -12.142917
0.240 11.119530
0.250 1.762102
0.260 -6.010972
0.270 -8.723507
0.280 -0.443835
0.290 -4.631992
0.300 6.362850
0.310 -1.100364
0.320 2.399094
0.330 -13.918474
0.340 -0.332515
0.350 4.507393
0.360 -17.371282
0.370 1.677014
0.380 2.718554
0.390 10.946928
0.400 -10.030085
0.410 4.092742
0.420 6.554550
0.430 -8.432602
0.440 1.073565
0.450 -6.266262
0.460 -3.581177
0.470 -11.108958
0.480 9.236637
0.490 3.595166
0.500 -2.760737
0.510 -9.284880
0.520 1.138320
0.530 5.027447
0.540 -7.285496
0.550 -2.461408
0.560 2.275386
0.570 7.105994
0.580 -1.928350
0.590 -0.876112
0.600 -4.302134
0.610 -7.504903
0.620 0.269504
0.630 5.847289
0.640 13.045668
0.650 7.712978
0.660 7.809549
0.670 -2.758352
0.680 0.963676
0.690 0.370041
0.700 0.083808
0.710 7.215771
0.720 14.283780
0.730 -1.572681
0.740 1.276975
0.750 10.467833
0.760 0.790818
0.770 -20.732931
0.780 -8.149671
0.790 -0.669961
0.800 3.869073
0.810 6.914785
0.820 -4.649697
0.830 0.972482
0.840 -7.050208
0.850 6.597492
0.860 -12.980637
0.870 2.989494
0.880 -9.635837
0.890 6.826748
0.900 0.668697
0.910 -3.285785
0.920 -15.256112
0.930 -2.613797
0.940 -8.086647
0.950 10.736536
0.960 -7.563222
0.970 -4.302844
0.980 -4.364513
0.990 1.631905
