0.000 -5.885306
0.010 0.899206
0.020 -9.767656
0.030 4.873572
0.040 13.958110
0.050 -4.967140
0.060 6.549108
0.070 4.871162
0.080 5.403420
0.090 2.417985
0.100 2.651982
0.110 -15.156286
0.120 4.883775
0.130 -7.500905
0.140 -14.371408
0.150 0.149284
0.160 5.139836
0.170 3.766147
0.180 13.614988
0.190 10.808021
0.200 4.190920
0.210 2.059237
0.220 -9.436103
0.230 3.266459
0.240 8.922747
0.250 -1.089520
0.260 7.169669
0.270 -6.414078
0.280 1.240687
0.290 -14.773581
0.300 16.852200
0.310 3.733385
0.320 9.127963
0.330 -17.477242
0.340 3.336839
0.350 2.225442
0.360 -7.749481
0.370 12.765339
0.380 -6.659489
0.390 -5.343498
0.400 1.175199
0.410 20.018719
0.420 0.042606
0.430 0.917717
0.440 -1.459925
0.450 -0.274479
0.460 3.248869
0.470 8.958855
0.480 -2.667803
0.490 -4.696139
0.500 14.555970
0.510 -0.869762
0.520 -5.298782
0.530 6.664675
0.540 4.153403
0.550 5.838617
0.560 1.250360
0.570 13.131441
0.580 15.905210
0.590 3.518829
0.600 -20.616733
0.610 2.245393
0.620 12.279791
0.630 -8.757488
0.640 1.373611
0.650 2.769115
0.660 -0.197315
0.670 -6.247825
0.680 -4.981713
0.690 -8.956288
0.700 -9.302254
0.710 2.927626
0.720 -2.922085
0.730 -0.131310
0.740 13.524147
0.750 2.870028
0.760 -2.221075
0.770 6.016492
0.780 5.019396
0.790 -7.124538
0.800 -5.185410
0.810 -0.834024
0.820 -1.967189
0.830 8.756921
0.840 -0.878427
0.850 -7.920804
0.860 3.675514
0.870 4.662771
0.880 -3.416423
0.890 15.071380
0.900 1.366660
0.910 5.347868
0.920 -3.720071
0.930 2.534608
0.940 -1.263979
0.950 0.268925
0.960 -7.798315
0.970 10.769017
0.980 -2.021797
0.990 5.937256
