0.000 -0.730637
0.010 7.644840
0.020 2.531493
0.030 -13.544848
0.040 3.605619
0.050 -14.489989
0.060 5.982109
0.070 5.870466
0.080 -3.612443
0.090 1.662320
0.100 13.797937
0.110 1.484352
0.120 17.540919
0.130 -1.070095
0.140 -15.753218
0.150 -5.164177
0.160 2.710885
0.170 3.058049
0.180 5.766677
0.190 8.564320
0.200 -20.874803
0.210 12.888125
0.220 10.655113
0.230 8.346622
0.240 -10.413575
0.250 15.378824
0.260 -6.413552
0.270 1.382816
0.280 7.267952
0.290 -1.791684
0.300 -6.351102
0.310 15.206618
0.320 -0.917909
0.330 5.111997
0.340 -3.814913
0.350 -13.081843
0.360 3.661267
0.370 -3.454962
0.380 -2.413727
0.390 2.799904
0.400 17.624937
0.410 -0.818214
0.420 1.138286
0.430 -15.021348
0.440 -3.473577
0.450 -0.079010
0.460 10.285167
0.470 -8.487192
0.480 18.636739
0.490 -8.087698
0.500 1.364787
0.510 -2.996729
0.520 -3.645843
0.530 -1.828306
0.540 -5.002503
0.550 4.673537
0.560 4.598257
0.570 -3.326019
0.580 -5.016473
0.590 -10.976849
0.600 2.788739
0.610 -9.199349
0.620 0.174791
0.630 1.753590
0.640 -6.391237
0.650 -7.725102
0.660 -4.481477
0.670 7.673265
0.680 10.606601
0.690 -16.763167
0.700 4.216640
0.710 -0.881408
0.720 -0.031941
0.730 -1.938493
0.740 -3.058323
0.750 -2.648343
0.760 3.934246
0.770 -17.610161
0.780 -1.733484
0.790 -2.968096
0.800 -3.801906
0.810 -17.715908
0.820 2.132991
0.830 0.991852
0.840 1.754602
0.850 -4.457872
0.860 8.451465
0.870 13.593398
0.880 8.560118
0.890 -7.607511
0.900 -1.829346
0.910 2.680552
0.920 5.081985
0.930 3.019979
0.940 -3.334006
0.950 -3.801201
0.960 -18.956019
0.970 -14.234644
0.980 -2.827820
0.990 -6.837123
