0.000 0.475490
0.010 8.007428
0.020 -1.159199
0.030 7.223330
0.040 15.654910
0.050 -10.890122
0.060 5.436064
0.070 -9.906901
0.080 6.098288
0.090 4.337235
0.100 -1.949094
0.110 -4.378362
0.120 19.690537
0.130 0.432485
0.140 -6.579671
0.150 -9.618215
0.160 2.867691
0.170 15.409358
0.180 4.892391
0.190 3.536364
0.200 -1.747092
0.210 11.104222
0.220 -9.344146
0.230 9.453471
0.240 6.258688
0.250 -5.460847
0.260 4.971173
0.270 17.475818
0.280 -4.996226
0.290 -2.109030
0.300 0.805435
0.310 -15.774078
0.320 6.257664
0.330 -8.653479
0.340 -4.248140
0.350 14.056609
0.360 9.968570
0.370 -12.264961
0.380 -11.021861
0.390 15.821345
0.400 -2.542773
0.410 -10.627810
0.420 -6.594945
0.430 8.908402
0.440 5.978530
0.450 -5.978991
0.460 6.036703
0.470 -4.220370
0.480 2.171823
0.490 -1.855835
0.500 16.512600
0.510 -10.917942
0.520 -1.208667
0.530 0.009741
0.540 -3.527495
0.550 -4.710474
0.560 -5.409188
0.570 -11.323396
0.580 -4.133801
0.590 -8.272557
0.600 3.958798
0.610 -1.334908
0.620 -4.386958
0.630 -9.712818
0.640 -0.249980
0.650 -9.359089
0.660 6.136355
0.670 -3.188571
0.680 -1.846499
0.690 -15.243715
0.700 5.561756
0.710 -4.103049
0.720 2.756809
0.730 7.081431
0.740 -16.688943
0.750 0.852061
0.760 -3.869274
0.770 0.192440
0.780 -2.716725
0.790 -1.935404
0.800 -2.655897
0.810 -4.410110
0.820 -0.178734
0.830 -1.496034
0.840 12.265201
0.850 -12.679750
0.860 -7.548941
0.870 -11.797496
0.880 6.125913
0.890 15.158907
0.900 -6.955824
0.910 15.010028
0.920 6.176344
0.930 -7.731953
0.940 -6.307314
0.950 3.558060
0.960 15.820038
0.970 1.045462
0.980 1.393908
0.990 -0.083082
