0.000 0.610587
0.010 5.457125
0.020 2.798407
0.030 -3.149133
0.040 2.358842
0.050 -15.460450
0.060 -8.645319
0.070 4.491911
0.080 2.440448
0.090 4.494690
0.100 -4.159226
0.110 -5.291305
0.120 4.553243
0.130 2.500499
0.140 -6.806643
0.150 -3.926235
0.160 20.006731
0.170 1.600576
0.180 8.116980
0.190 2.405954
0.200 -11.964859
0.210 -3.103318
0.220 0.684782
0.230 10.447285
0.240 -4.796253
0.250 -9.702865
0.260 9.034190
0.270 2.143008
0.280 -5.713054
0.290 3.653749
0.300 2.989723
0.310 9.568636
0.320 -1.569007
0.330 1.967860
0.340 -6.514018
0.350 2.999822
0.360 20.781120
0.370 0.822801
0.380 -11.627974
0.390 -13.186598
0.400 4.595541
0.410 -4.353654
0.420 0.847720
0.430 9.940142
0.440 -7.128085
0.450 -8.561010
0.460 5.673829
0.470 9.203181
0.480 -5.382157
0.490 -8.913610
0.500 -6.605303
0.510 6.821686
0.520 0.287733
0.530 11.389328
0.540 4.053653
0.550 -0.667242
0.560 16.762236
0.570 -2.932682
0.580 -3.321813
0.590 1.994200
0.600 0.492155
0.610 -0.690595
0.620 7.830805
0.630 -1.982668
0.640 -1.243706
0.650 5.506469
0.660 -15.191191
0.670 5.037664
0.680 -12.424484
0.690 -5.858632
0.700 4.853299
0.710 -21.929755
0.720 -10.607658
0.730 3.869547
0.740 -0.228101
0.750 -19.566946
0.760 5.034933
0.770 -5.859016
0.780 13.798146
0.790 -2.188275
0.800 -7.984112
0.810 -3.020180
0.820 3.367760
0.830 2.179983
0.840 -7.122737
0.850 5.625202
0.860 -4.499129
0.870 8.216212
0.880 -9.505816
0.890 12.240181
0.900 -1.535879
0.910 -25.047269
0.920 -13.227371
0.930 4.876733
0.940 0.047091
0.950 5.028994
0.960 5.321907
0.970 -2.927252
0.980 1.954683
0.990 -7.636355
