0.000 -4.674152
0.010 -8.852585
0.020 5.445471
0.030 -6.658890
0.040 -5.330105
0.050 -6.123464
0.060 -10.241805
0.070 -5.917706
0.080 8.200895
0.090 3.204970
0.100 -8.919992
0.110 0.258962
0.120 -4.290031
0.130 -3.999197
0.140 -16.669634
0.150 -14.468108
0.160 10.247473
0.170 -3.020260
0.180 -5.572007
0.190 -4.647782
0.200 1.154649
0.210 4.820030
0.220 -0.157306
0.230 -8.386634
0.240 -6.707077
0.250 10.570028
0.260 0.406921
0.270 6.567244
0.280 8.817213
0.290 0.131372
0.300 -6.348947
0.310 -11.308924
0.320 4.847131
0.330 0.760877
0.340 -4.577644
0.350 -4.812328
0.360 0.552349
0.370 5.113049
0.380 -6.375202
0.390 -5.511026
0.400 -6.222511
0.410 -4.694894
0.420 -1.166871
0.430 -10.654584
0.440 -0.372623
0.450 1.400509
0.460 -9.508908
0.470 -1.165979
0.480 -0.757856
0.490 3.226490
0.500 -2.712986
0.510 -5.016612
0.520 20.457455
0.530 1.909311
0.540 -8.909637
0.550 -11.026365
0.560 -2.832220
0.570 2.697062
0.580 0.576617
0.590 -7.351799
0.600 10.936502
0.610 -0.490625
0.620 -1.796060
0.630 18.927895
0.640 5.665400
0.650 -0.868593
0.660 7.206846
0.670 -7.099603
0.680 7.412706
0.690 -3.066812
0.700 -6.521876
0.710 3.794832
0.720 9.036148
0.730 0.891518
0.740 9.859145
0.750 -5.823459
0.760 -3.592132
0.770 -5.426538
0.780 -10.088160
0.790 1.277522
0.800 -10.388823
0.810 -8.166575
0.820 3.799327
0.830 -5.052124
0.840 -4.733795
0.850 0.178830
0.860 6.396544
0.870 -9.177221
0.880 -2.830436
0.890 5.163413
0.900 -4.835431
0.910 -9.063046
0.920 0.192912
0.930 -5.749400
0.940 1.440538
0.950 5.583883
0.960 -2.937316
0.970 8.874545
0.980 5.880503
0.990 1.642055
