0.000 10.912781
0.010 -13.076168
0.020 9.001811
0.030 -7.100618
0.040 3.370470
0.050 13.871662
0.060 -4.266088
0.070 -1.972490
0.080 -9.103388
0.090 -5.157558
0.100 2.870141
0.110 -3.922748
0.120 0.419384
0.130 -1.556188
0.140 -2.472250
0.150 -9.648609
0.160 5.074374
0.170 -20.668129
0.180 1.066842
0.190 9.759235
0.200 -6.846164
0.210 -5.801081
0.220 -3.724223
0.230 -5.926560
0.240 -11.919964
0.250 -4.095880
0.260 -17.410642
0.270 -1.834057
0.280 -3.832012
0.290 5.714900
0.300 3.051105
0.310 -1.931756
0.320 -2.300454
0.330 7.217478
0.340 -3.772587
0.350 13.408820
0.360 -8.705138
0.370 2.755274
0.380 -18.877422
0.390 8.018639
0.400 0.289466
0.410 -1.095928
0.420 5.229439
0.430 -5.867743
0.440 3.546616
0.450 -0.092187
0.460 2.156344
0.470 -7.675890
0.480 -12.960419
0.490 1.634230
0.500 3.174837
0.510 -7.108279
0.520 -0.327078
0.530 -3.611375
0.540 9.681934
0.550 -0.880937
0.560 0.775684
0.570 0.869954
0.580 5.619059
0.590 3.403646
0.600 14.388711
0.610 6.478515
0.620 -15.879527
0.630 4.719640
0.640 -4.950439
0.650 3.584532
0.660 -13.942014
0.670 8.561855
0.680 -7.235419
0.690 7.370027
0.700 1.874936
0.710 2.579126
0.720 -2.073813
0.730 -1.967546
0.740 7.124402
0.750 8.777000
0.760 -5.362334
0.770 6.478933
0.780 -20.800036
0.790 4.324384
0.800 -4.980227
0.810 -2.420495
0.820 -0.017438
0.830 -1.939414
0.840 -4.032631
0.850 -4.838854
0.860 -1.705828
0.870 -7.579052
0.880 -4.547105
0.890 3.521320
0.900 1.547255
0.910 12.472817
0.920 -6.275013
0.930 6.117170
0.940 13.877109
0.950 -6.755772
0.960 9.060525
0.970 2.006673
0.980 0.948829
0.990 -2.428281
