0.000 -3.721630
0.010 7.115071
0.020 -5.611273
0.030 6.274856
0.040 -1.524187
0.050 2.246841
0.060 11.045419
0.070 -6.474855
0.080 3.393469
0.090 -1.913835
0.100 -0.495019
0.110 6.897321
0.120 10.052469
0.130 4.169567
0.140 -7.467085
0.150 -4.799676
0.160 -1.508099
0.170 2.520944
0.180 -11.203237
0.190 0.007294
0.200 3.480235
0.210 6.317944
0.220 0.109371
0.230 -9.767559
0.240 -4.863754
0.250 -4.790160
0.260 -0.633082
0.270 6.018161
0.280 -10.551197
0.290 -3.840969
0.300 -2.261885
0.310 11.073819
0.320 -4.969648
0.330 4.784151
0.340 -0.206990
0.350 -5.196238
0.360 -11.215453
0.370 -1.219200
0.380 -11.988020
0.390 8.472273
0.400 -6.329255
0.410 11.257775
0.420 -4.532331
0.430 9.827150
0.440 -4.951384
0.450 6.349628
0.460 11.322618
0.470 2.586822
0.480 4.629335
0.490 0.631921
0.500 -19.518291
0.510 12.527701
0.520 15.417907
0.530 4.797025
0.540 14.354968
0.550 -6.255517
0.560 -3.441724
0.570 7.627059
0.580 -6.651840
0.590 5.402541
0.600 -6.872337
0.610 -15.744593
0.620 -2.725450
0.630 0.706862
0.640 3.738065
0.650 -5.031648
0.660 -1.746753
0.670 -9.603100
0.680 -16.359454
0.690 6.178082
0.700 -5.665728
0.710 9.509916
0.720 14.922432
0.730 -6.369523
0.740 -3.658116
0.750 16.556149
0.760 3.684215
0.770 -13.847500
0.780 6.104147
0.790 4.987589
0.800 4.328248
0.810 1.587971
0.820 -5.207991
0.830 0.425601
0.840 -17.031039
0.850 -1.143238
0.860 3.315705
0.870 -8.853776
0.880 6.780267
0.890 3.563363
0.900 -16.211399
0.910 -4.433300
0.920 -1.051680
0.930 3.247767
0.940 2.713228
0.950 2.246909
0.960 -15.860185
0.970 1.428029
0.980 -9.160586
0.990 -4.614343
