0.000 2.290523
0.010 -6.962394
0.020 18.274225
0.030 1.765005
0.040 0.565226
0.050 4.288043
0.060 -4.183414
0.070 8.119220
0.080 2.136305
0.090 -3.999701
0.100 5.333362
0.110 4.017436
0.120 -8.352401
0.130 -11.940408
0.140 -21.162041
0.150 18.754879
0.160 9.108455
0.170 -2.790857
0.180 6.064761
0.190 -7.764963
0.200 5.397888
0.210 3.989196
0.220 -9.990604
0.230 6.074251
0.240 14.352382
0.250 21.160585
0.260 -2.699797
0.270 1.698515
0.280 -8.818812
0.290 -2.667728
0.300 -9.608484
0.310 7.982348
0.320 6.225050
0.330 3.362341
0.340 1.308403
0.350 2.391793
0.360 2.790433
0.370 2.954760
0.380 -0.559219
0.390 -6.658474
0.400 -7.219176
0.410 -7.849479
0.420 -7.813709
0.430 2.096756
0.440 0.705065
0.450 -4.227086
0.460 11.082580
0.470 7.311650
0.480 -4.680132
0.490 -7.114369
0.500 6.657954
0.510 -5.101796
0.520 -17.332912
0.530 6.782200
0.540 8.963347
0.550 10.371312
0.560 -5.762270
0.570 -14.835806
0.580 4.694128
0.590 9.485388
0.600 4.812909
0.610 -6.616241
0.620 1.641162
0.630 -8.272066
0.640 -2.551664
0.650 5.844092
0.660 -10.515375
0.670 -7.666268
0.680 -2.140552
0.690 5.206023
0.700 -7.096302
0.710 7.848712
0.720 -11.368497
0.730 10.540702
0.740 -2.416347
0.750 -10.378084
0.760 2.059782
0.770 -3.704174
0.780 0.004855
0.790 -9.586778
0.800 -0.709407
0.810 0.888660
0.820 -9.043262
0.830 -0.832478
0.840 -0.045329
0.850 1.847851
0.860 -0.335154
0.870 -2.641278
0.880 -6.699748
0.890 2.958451
0.900 -7.050839
0.910 4.629384
0.920 -3.139847
0.930 -9.343227
0.940 -5.781165
0.950 11.468368
0.960 0.024258
0.970 8.497951
0.980 -11.852211
0.990 6.306124
