0.000 -3.623683
0.010 -16.146589
0.020 -0.671045
0.030 12.759651
0.040 6.096982
0.050 -0.783073
0.060 -2.575486
0.070 9.772306
0.080 -14.267361
0.090 6.817341
0.100 10.029692
0.110 -4.673214
0.120 1.060648
0.130 13.640813
0.140 -6.445037
0.150 4.073245
0.160 0.573796
0.170 3.962354
0.180 -6.854225
0.190 -1.599030
0.200 -9.676432
0.210 1.424199
0.220 2.844126
0.230 5.614979
0.240 3.253195
0.250 0.760903
0.260 9.429674
0.270 3.051824
0.280 3.131801
0.290 -14.829720
0.300 11.448673
0.310 5.103074
0.320 7.134335
0.330 3.954127
0.340 -5.108927
0.350 13.252477
0.360 8.191997
0.370 -2.219177
0.380 5.261147
0.390 -0.179465
0.400 -4.664135
0.410 -0.526993
0.420 9.888113
0.430 -2.813256
0.440 -5.539825
0.450 7.812578
0.460 3.097195
0.470 -6.121185
0.480 -12.763795
0.490 -0.371032
0.500 0.666283
0.510 5.509117
0.520 -8.080520
0.530 13.345540
0.540 8.481097
0.550 13.567223
0.560 11.205636
0.570 0.433505
0.580 -11.553936
0.590 1.602357
0.600 4.873742
0.610 3.856171
0.620 36.242301
0.630 -5.878294
0.640 2.706516
0.650 1.242427
0.660 16.763373
0.670 17.411111
0.680 21.200512
0.690 5.334541
0.700 -1.828504
0.710 11.450221
0.720 -2.669564
0.730 6.656066
0.740 4.075154
0.750 8.944645
0.760 -10.536330
0.770 1.530214
0.780 -7.068232
0.790 3.971242
0.800 3.679875
0.810 7.023746
0.820 9.199649
0.830 -3.492291
0.840 9.733100
0.850 -27.662868
0.860 -14.101205
0.870 4.270832
0.880 0.934748
0.890 6.854535
0.900 -3.852668
0.910 2.665584
0.920 13.973509
0.930 -1.002316
0.940 3.686211
0.950 -4.347161
0.960 -4.427609
0.970 -1.828094
0.980 -2.396136
0.990 -3.072972
