0.000 3.519199
0.010 7.589702
0.020 -1.000277
0.030 -0.018351
0.040 4.886853
0.050 -1.287018
0.060 -2.862859
0.070 -10.238704
0.080 3.136888
0.090 7.062530
0.100 11.146875
0.110 6.665669
0.120 -4.585874
0.130 0.468009
0.140 3.136845
0.150 4.439047
0.160 -16.451728
0.170 0.326107
0.180 0.712400
0.190 -10.763246
0.200 -3.791641
0.210 5.373283
0.220 2.473779
0.230 2.256119
0.240 -1.973236
0.250 -4.798329
0.260 2.970579
0.270 2.411371
0.280 -6.398819
0.290 9.520057
0.300 -7.503476
0.310 -6.976685
0.320 2.752156
0.330 4.489990
0.340 -5.143142
0.350 -2.441562
0.360 9.589611
0.370 -6.160803
0.380 -0.912429
0.390 -5.549770
0.400 12.652958
0.410 -10.177314
0.420 13.202666
0.430 8.230157
0.440 6.497468
0.450 2.860742
0.460 6.980428
0.470 -1.424837
0.480 -6.432082
0.490 4.314255
0.500 -3.477868
0.510 8.350063
0.520 3.637614
0.530 -5.013918
0.540 -10.680123
0.550 4.944623
0.560 6.601518
0.570 8.354525
0.580 -2.878727
0.590 -2.075385
0.600 2.140900
0.610 -3.315051
0.620 9.121028
0.630 -16.119312
0.640 6.719298
0.650 7.462154
0.660 7.666797
0.670 -1.247645
0.680 -17.139406
0.690 5.467138
0.700 7.809593
0.710 7.352100
0.720 4.221751
0.730 3.568107
0.740 3.818987
0.750 -4.685635
0.760 3.607057
0.770 -0.121291
0.780 4.742609
0.790 -11.870518
0.800 -8.025456
0.810 10.653889
0.820 13.905992
0.830 8.700955
0.840 -0.668279
0.850 -2.301266
0.860 0.154247
0.870 -7.676300
0.880 -1.700978
0.890 -1.500444
0.900 7.742879
0.910 0.342978
0.920 2.113917
0.930 -4.762017
0.940 -11.712046
0.950 0.418077
0.960 -8.645170
0.970 -0.440253
0.980 -4.950449
0.990 -5.900344
