0.000 -7.454192
0.010 19.975563
0.020 3.553823
0.030 3.012783
0.040 -4.329029
0.050 7.431520
0.060 9.839541
0.070 0.809604
0.080 -3.473212
0.090 -2.014897
0.100 -0.920447
0.110 -8.406921
0.120 12.881766
0.130 -7.546449
0.140 2.915267
0.150 -5.614299
0.160 10.969054
0.170 1.312378
0.180 -5.164005
0.190 -16.747411
0.200 -2.231874
0.210 -4.588248
0.220 -15.087981
0.230 2.797346
0.240 2.598592
0.250 3.897184
0.260 7.279037
0.270 8.513708
0.280 2.859652
0.290 1.085874
0.300 -5.361334
0.310 -6.116519
0.320 -10.953747
0.330 -1.193898
0.340 2.196506
0.350 6.822565
0.360 -2.493404
0.370 5.053673
0.380 -6.212218
0.390 -11.340395
0.400 -1.477247
0.410 14.342807
0.420 -9.736963
0.430 4.530877
0.440 -2.800471
0.450 5.523548
0.460 7.685728
0.470 4.464281
0.480 1.040759
0.490 9.781367
0.500 7.398291
0.510 4.711283
0.520 -1.021454
0.530 5.533455
0.540 3.145955
0.550 9.821257
0.560 -10.516669
0.570 -18.046720
0.580 -3.784578
0.590 0.519388
0.600 -2.335939
0.610 -2.465982
0.620 -7.284244
0.630 1.058318
0.640 -12.008241
0.650 3.684611
0.660 12.646104
0.670 -2.513156
0.680 -2.088778
0.690 -18.015937
0.700 -9.081723
0.710 2.045537
0.720 -7.501716
0.730 2.201009
0.740 -6.377695
0.750 8.916451
0.760 -10.193177
0.770 -0.507554
0.780 22.810318
0.790 2.997015
0.800 19.653139
0.810 14.819000
0.820 -1.842727
0.830 -5.422592
0.840 -1.042814
0.850 4.192175
0.860 -12.063665
0.870 0.003285
0.880 0.682668
0.890 11.601400
0.900 -1.649826
0.910 15.858746
0.920 6.514672
0.930 9.742803
0.940 -5.856444
0.950 11.864701
0.960 -15.914211
0.970 1.772751
0.980 3.935260
0.990 -10.933722
