0.000 7.976578
0.010 3.575896
0.020 -3.528717
0.030 -4.876846
0.040 2.926230
0.050 7.662268
0.060 20.646360
0.070 2.250659
0.080 -18.541264
0.090 -0.393194
0.100 -6.857485
0.110 13.742374
0.120 9.767807
0.130 1.807681
0.140 -4.158960
0.150 6.621305
0.160 -1.399058
0.170 1.263898
0.180 1.829727
0.190 5.203914
0.200 7.662087
0.210 3.719381
0.220 -9.070812
0.230 1.037979
0.240 1.929157
0.250 -17.217906
0.260 5.662655
0.270 2.563523
0.280 4.290783
0.290 4.218641
0.300 4.366312
0.310 2.353631
0.320 -8.476503
0.330 4.220872
0.340 -0.195222
0.350 16.194684
0.360 3.620383
0.370 11.572600
0.380 -5.896026
0.390 14.333056
0.400 -2.046209
0.410 6.508901
0.420 2.628584
0.430 11.809308
0.440 0.155810
0.450 10.464426
0.460 8.734613
0.470 9.049433
0.480 -0.436890
0.490 1.992425
0.500 -10.890051
0.510 0.746181
0.520 -2.694123
0.530 1.786146
0.540 10.894595
0.550 1.402155
0.560 -7.697446
0.570 -8.242449
0.580 6.597836
0.590 -0.729567
0.600 -6.112891
0.610 -5.398182
0.620 10.895083
0.630 -1.720092
0.640 3.948824
0.650 0.711412
0.660 -2.774807
0.670 10.361703
0.680 11.364710
0.690 5.098341
0.700 -8.767232
0.710 13.567252
0.720 17.863329
0.730 -7.857876
0.740 -1.482482
0.750 -27.036814
0.760 7.373636
0.770 -3.706922
0.780 -3.437494
0.790 -0.354083
0.800 -12.113957
0.810 2.828987
0.820 0.965318
0.830 -2.354843
0.840 -2.897596
0.850 1.635868
0.860 3.324693
0.870 -3.652145
0.880 5.286007
0.890 -5.374429
0.900 4.897821
0.910 1.097440
0.920 -8.220092
0.930 -15.756365
0.940 3.707638
0.950 4.111544
0.960 0.802271
0.970 -3.921601
0.980 4.747337
0.990 -0.858061
