0.000 12.998617
0.010 -2.614963
0.020 5.832870
0.030 7.558125
0.040 -4.215695
0.050 -0.435792
0.060 -5.173935
0.070 -0.120437
0.080 4.981521
0.090 2.748722
0.100 10.438451
0.110 -3.243802
0.120 -11.289733
0.130 5.494276
0.140 -0.009430
0.150 -3.294581
0.160 0.079076
0.170 -0.408439
0.180 0.339003
0.190 8.863503
0.200 -0.072048
0.210 -7.274212
0.220 -14.567437
0.230 -5.705333
0.240 14.285157
0.250 -7.654565
0.260 3.041137
0.270 2.366264
0.280 1.252446
0.290 4.294092
0.300 4.161558
0.310 -8.464022
0.320 16.684503
0.330 7.914801
0.340 -18.555944
0.350 5.152704
0.360 12.598487
0.370 10.144327
0.380 4.233485
0.390 -0.312968
0.400 6.183930
0.410 -1.404238
0.420 -12.929592
0.430 7.650248
0.440 16.470604
0.450 -4.244012
0.460 -0.404140
0.470 12.366540
0.480 3.320565
0.490 -4.050459
0.500 9.677590
0.510 10.668430
0.520 5.635223
0.530 -5.156852
0.540 11.454766
0.550 -6.513578
0.560 -3.754312
0.570 -0.207830
0.580 -2.815919
0.590 -3.144503
0.600 9.953824
0.610 -8.085391
0.620 -5.175113
0.630 15.126230
0.640 -11.971875
0.650 -3.223479
0.660 9.559343
0.670 16.902994
0.680 6.814991
0.690 -5.010481
0.700 -17.753930
0.710 -2.814202
0.720 1.995171
0.730 -4.226728
0.740 2.960643
0.750 -4.531231
0.760 -19.327564
0.770 3.029374
0.780 -3.464699
0.790 -13.722710
0.800 -1.692266
0.810 0.581990
0.820 -2.467077
0.830 -15.679641
0.840 -5.443978
0.850 11.883948
0.860 -3.183964
0.870 7.800989
0.880 10.925582
0.890 6.449545
0.900 2.956375
0.910 -5.016547
0.920 0.296333
0.930 1.253147
0.940 4.433334
0.950 5.588501
0.960 -9.081110
0.970 -7.224867
0.980 1.074218
0.990 15.225508
