0.000 -5.591482
0.010 1.675302
0.020 -0.252827
0.030 -2.327733
0.040 3.204220
0.050 -4.429316
0.060 11.725251
0.070 -7.896328
0.080 -3.770308
0.090 5.025779
0.100 13.425366
0.110 -2.834891
0.120 -12.876704
0.130 9.513175
0.140 -1.869321
0.150 4.121497
0.160 18.296121
0.170 7.514042
0.180 -0.559717
0.190 -10.551605
0.200 -13.935643
0.210 7.955253
0.220 -8.802166
0.230 -1.781477
0.240 0.840599
0.250 0.790144
0.260 -5.598740
0.270 -1.495913
0.280 -14.496551
0.290 -1.265943
0.300 2.857215
0.310 7.683684
0.320 -1.287105
0.330 -12.654763
0.340 0.131399
0.350 -7.306915
0.360 4.415843
0.370 -17.353514
0.380 -0.770468
0.390 2.762581
0.400 -1.267067
0.410 4.680658
0.420 0.556947
0.430 -0.903592
0.440 -8.005589
0.450 1.507983
0.460 -6.175272
0.470 -3.374954
0.480 8.363309
0.490 10.155691
0.500 -10.882159
0.510 -0.059777
0.520 9.176924
0.530 -3.493731
0.540 3.881296
0.550 5.045914
0.560 2.184731
0.570 -1.697356
0.580 -5.203930
0.590 3.357050
0.600 0.127197
0.610 15.830305
0.620 -0.470742
0.630 -6.087640
0.640 -12.811751
0.650 -10.611995
0.660 19.201180
0.670 2.872491
0.680 13.024590
0.690 -13.736893
0.700 -8.104104
0.710 3.940336
0.720 1.723301
0.730 3.181048
0.740 1.176150
0.750 -4.402142
0.760 3.287905
0.770 -0.187013
0.780 3.095298
0.790 -1.395656
0.800 -2.574461
0.810 1.079626
0.820 3.740214
0.830 2.911861
0.840 -0.565393
0.850 9.739890
0.860 22.404940
0.870 14.887234
0.880 -13.833521
0.890 19.380030
0.900 6.154914
0.910 8.592470
0.920 -9.635993
0.930 -10.616171
0.940 5.357755
0.950 -2.284798
0.960 0.606345
0.970 15.179265
0.980 2.313049
0.990 -4.349745
