0.000 1.170906
0.010 4.816592
0.020 -2.447499
0.030 -13.199682
0.040 0.342379
0.050 1.483695
0.060 0.836897
0.070 -6.675602
0.080 -0.680507
0.090 4.062897
0.100 -0.099612
0.110 0.147958
0.120 0.132645
0.130 10.352720
0.140 -14.233562
0.150 -2.271925
0.160 -6.431969
0.170 -4.306674
0.180 3.414558
0.190 17.374892
0.200 19.294389
0.210 -8.774106
0.220 0.370681
0.230 2.232269
0.240 5.194587
0.250 7.873111
0.260 7.689875
0.270 4.670458
0.280 -4.168390
0.290 11.684132
0.300 2.356490
0.310 1.579117
0.320 0.096549
0.330 6.311007
0.340 7.052068
0.350 5.568007
0.360 -0.120230
0.370 -10.040275
0.380 -2.050313
0.390 6.037895
0.400 13.258279
0.410 -10.052794
0.420 3.369712
0.430 -2.040917
0.440 -7.242640
0.450 6.501044
0.460 -2.695093
0.470 7.044475
0.480 -3.973287
0.490 -18.629997
0.500 11.570336
0.510 -1.349246
0.520 -2.920800
0.530 -2.016004
0.540 2.143962
0.550 1.717006
0.560 -5.000723
0.570 16.932044
0.580 -16.131494
0.590 2.387933
0.600 8.691085
0.610 1.252739
0.620 12.201930
0.630 8.857768
0.640 -11.522509
0.650 8.638840
0.660 9.771884
0.670 -0.746076
0.680 -11.566478
0.690 7.606108
0.700 -0.749796
0.710 -9.872287
0.720 7.566325
0.730 12.360252
0.740 4.066650
0.750 6.251379
0.760 -5.897055
0.770 13.572952
0.780 -1.642124
0.790 2.093832
0.800 -3.492348
0.810 6.480048
0.820 -1.575880
0.830 -0.725049
0.840 21.425846
0.850 3.067771
0.860 7.051602
0.870 5.916895
0.880 0.136423
0.890 -7.857876
0.900 -7.636271
0.910 -0.612077
0.920 -12.226992
0.930 -5.809950
0.940 -4.687104
0.950 -7.528559
0.960 -7.781385
0.970 -0.772748
0.980 -16.274226
0.990 6.167232
