0.000 -6.728805
0.010 -1.633276
0.020 -4.613856
0.030 -1.725432
0.040 10.035517
0.050 3.173885
0.060 -19.012580
0.070 -11.894163
0.080 4.203768
0.090 -1.751778
0.100 -7.012725
0.110 1.882791
0.120 1.213111
0.130 -9.332427
0.140 -24.845580
0.150 -2.918637
0.160 4.571491
0.170 -9.238217
0.180 -10.896258
0.190 -3.207302
0.200 7.417334
0.210 3.745055
0.220 -4.130823
0.230 -4.630240
0.240 2.934170
0.250 -1.388066
0.260 -0.799672
0.270 -16.578201
0.280 11.852323
0.290 -4.385312
0.300 -0.124057
0.310 -0.869252
0.320 3.283931
0.330 -11.328161
0.340 9.327531
0.350 -6.199096
0.360 -7.694874
0.370 20.763706
0.380 9.838990
0.390 -0.275235
0.400 6.524798
0.410 -7.687194
0.420 5.467080
0.430 3.221090
0.440 -14.215035
0.450 -2.909955
0.460 2.439795
0.470 5.704058
0.480 2.182193
0.490 15.897129
0.500 -6.239685
0.510 11.476574
0.520 -2.606916
0.530 -2.753872
0.540 6.385972
0.550 2.812641
0.560 1.094379
0.570 -3.247820
0.580 -5.448585
0.590 13.361751
0.600 -10.209641
0.610 -7.618931
0.620 -1.383469
0.630 -6.368857
0.640 10.655880
0.650 -13.655110
0.660 -4.851294
0.670 -11.596452
0.680 1.056076
0.690 2.957196
0.700 3.770842
0.710 9.378961
0.720 10.991343
0.730 0.917430
0.740 10.070005
0.750 -6.785419
0.760 11.514572
0.770 -2.843845
0.780 6.014723
0.790 -10.453792
0.800 4.685749
0.810 15.113413
0.820 -2.895260
0.830 12.447302
0.840 8.149243
0.850 8.910404
0.860 18.987768
0.870 11.008541
0.880 2.757380
0.890 20.294879
0.900 7.603257
0.910 7.361176
0.920 -13.330239
0.930 -12.982898
0.940 -16.753911
0.950 -6.158633
0.960 5.052012
0.970 -6.076973
0.980 0.401605
0.990 -0.407105
