0.000 0.532142
0.010 -1.119254
0.020 -5.337201
0.030 -12.496383
0.040 -6.508798
0.050 6.760973
0.060 -5.094145
0.070 -4.685667
0.080 11.327862
0.090 2.683107
0.100 11.598657
0.110 -11.572307
0.120 -4.177369
0.130 0.431683
0.140 4.554963
0.150 -8.048482
0.160 -6.723225
0.170 2.261090
0.180 8.912316
0.190 4.420506
0.200 11.446462
0.210 -0.268219
0.220 7.714901
0.230 3.551330
0.240 2.259557
0.250 4.246809
0.260 9.802866
0.270 -5.356175
0.280 -7.621755
0.290 -2.729850
0.300 -10.897837
0.310 5.280025
0.320 0.736706
0.330 -9.070675
0.340 -9.665224
0.350 3.290625
0.360 10.979011
0.370 -1.025228
0.380 -18.791098
0.390 4.152084
0.400 -14.913100
0.410 7.783856
0.420 -3.652961
0.430 4.079101
0.440 9.415485
0.450 9.714107
0.460 7.972993
0.470 -5.065681
0.480 0.604104
0.490 5.897017
0.500 -10.274988
0.510 -12.450013
0.520 -1.672810
0.530 -3.454848
0.540 2.171333
0.550 7.423390
0.560 10.361561
0.570 -1.044057
0.580 -3.834577
0.590 -9.409426
0.600 1.749270
0.610 14.656100
0.620 2.819544
0.630 5.741484
0.640 7.869515
0.650 -0.556548
0.660 -0.687511
0.670 -0.148482
0.680 10.250377
0.690 13.883964
0.700 -4.555157
0.710 -4.571706
0.720 -9.018538
0.730 -8.389214
0.740 17.180871
0.750 -1.345148
0.760 5.967419
0.770 -2.082358
0.780 -3.312032
0.790 -12.489281
0.800 -6.211261
0.810 -3.447947
0.820 14.845152
0.830 5.570703
0.840 -0.528479
0.850 11.316303
0.860 -9.986948
0.870 7.865086
0.880 -3.116671
0.890 14.136517
0.900 2.900148
0.910 2.345228
0.920 -10.830975
0.930 6.952893
0.940 4.907733
0.950 2.954289
0.960 1.862574
0.970 -6.373377
0.980 -3.857299
0.990 -7.607251
