0.000 -2.197454
0.010 18.127884
0.020 3.470714
0.030 -2.289480
0.040 -3.412986
0.050 10.190415
0.060 0.768784
0.070 -11.192919
0.080 11.292764
0.090 -10.369150
0.100 -2.521588
0.110 11.791020
0.120 1.592853
0.130 -12.166525
0.140 -3.530184
0.150 -2.042816
0.160 -8.971116
0.170 10.855352
0.180 0.688604
0.190 11.735730
0.200 5.124061
0.210 3.744754
0.220 -3.097308
0.230 3.316432
0.240 8.230006
0.250 15.409028
0.260 -5.675814
0.270 30.726702
0.280 8.379638
0.290 -0.936199
0.300 1.856120
0.310 -3.606078
0.320 0.838706
0.330 4.405351
0.340 -8.630549
0.350 -14.654984
0.360 7.345696
0.370 -11.375166
0.380 -0.084158
0.390 -10.137236
0.400 5.660108
0.410 -7.421668
0.420 -11.488837
0.430 10.498825
0.440 -7.721596
0.450 11.040647
0.460 14.748059
0.470 5.469129
0.480 17.565870
0.490 -4.635341
0.500 1.036393
0.510 0.626522
0.520 0.902133
0.530 -13.055483
0.540 8.882096
0.550 0.744679
0.560 -1.702499
0.570 2.011592
0.580 -1.374135
0.590 1.309859
0.600 8.535649
0.610 4.892244
0.620 -4.359115
0.630 -2.196332
0.640 -9.422663
0.650 -7.920133
0.660 -6.575110
0.670 3.520150
0.680 -7.883353
0.690 2.644106
0.700 17.200894
0.710 -2.891563
0.720 -5.387432
0.730 -4.761933
0.740 -6.468509
0.750 7.763222
0.760 -1.205892
0.770 -5.906288
0.780 3.474260
0.790 6.271978
0.800 -14.079391
0.810 2.180414
0.820 -7.679497
0.830 7.044776
0.840 -10.881286
0.850 4.848860
0.860 -4.957174
0.870 12.203070
0.880 -2.921678
0.890 -4.090825
0.900 -8.998327
0.910 -10.501952
0.920 -14.764395
0.930 0.250254
0.940 -10.962063
0.950 9.132900
0.960 -5.396706
0.970 -9.082666
0.980 -3.637599
0.990 20.727848
