0.000 -5.403346
0.010 -2.975858
0.020 -5.696238
0.030 3.502290
0.040 -14.703994
0.050 -2.463392
0.060 9.647017
0.070 16.727535
0.080 3.135035
0.090 -4.845789
0.100 6.415492
0.110 -0.495963
0.120 0.551596
0.130 -10.706844
0.140 -6.646838
0.150 -1.017368
0.160 -7.601140
0.170 -1.215773
0.180 7.188627
0.190 9.975729
0.200 -0.130182
0.210 -9.013765
0.220 -9.972415
0.230 -9.693434
0.240 10.434332
0.250 8.825917
0.260 5.638200
0.270 -7.226305
0.280 -15.680823
0.290 -7.478854
0.300 5.603500
0.310 8.943337
0.320 8.131058
0.330 2.459190
0.340 5.049261
0.350 -1.011610
0.360 1.978870
0.370 1.299442
0.380 -10.087188
0.390 -8.399026
0.400 -7.667453
0.410 4.551367
0.420 11.254295
0.430 7.794144
0.440 -6.447937
0.450 4.150517
0.460 -2.995004
0.470 3.488871
0.480 -0.685035
0.490 -16.483681
0.500 -13.618053
0.510 -3.975101
0.520 6.598633
0.530 -4.888652
0.540 8.413169
0.550 -3.465089
0.560 -6.897735
0.570 -13.521500
0.580 -0.236303
0.590 10.908450
0.600 -12.026421
0.610 -4.894781
0.620 3.289710
0.630 8.417264
0.640 -4.431329
0.650 -7.814485
0.660 -0.866531
0.670 -13.522873
0.680 -13.622871
0.690 10.037063
0.700 6.555754
0.710 2.055859
0.720 2.317020
0.730 -5.244732
0.740 9.027280
0.750 0.816338
0.760 -2.598080
0.770 -2.690803
0.780 8.790767
0.790 2.134317
0.800 -7.138075
0.810 6.951146
0.820 9.180926
0.830 6.083285
0.840 -0.184601
0.850 -6.325981
0.860 -2.550487
0.870 -1.119800
0.880 4.234550
0.890 18.464952
0.900 2.819193
0.910 4.796430
0.920 -3.654869
0.930 14.300953
0.940 -3.741695
0.950 14.441825
0.960 0.408119
0.970 5.241510
0.980 6.564460
0.990 -8.015765
