0.000 7.893250
0.010 -2.578399
0.020 4.402097
0.030 12.870897
0.040 1.497245
0.050 22.996439
0.060 -1.208301
0.070 -16.982952
0.080 2.923396
0.090 1.127963
0.100 7.534332
0.110 11.475404
0.120 9.542193
0.130 -7.343406
0.140 -0.923852
0.150 5.856686
0.160 -9.660485
0.170 9.221304
0.180 4.357007
0.190 0.167176
0.200 22.585340
0.210 12.904191
0.220 5.359916
0.230 -18.433107
0.240 0.404956
0.250 -3.509712
0.260 6.667222
0.270 -5.319744
0.280 21.040272
0.290 -17.657752
0.300 -16.475474
0.310 -6.730347
0.320 6.945966
0.330 4.075876
0.340 4.021032
0.350 -13.260669
0.360 2.343438
0.370 1.639127
0.380 -2.590315
0.390 6.309211
0.400 -8.836678
0.410 7.602675
0.420 6.738450
0.430 1.993408
0.440 -4.378001
0.450 -3.028509
0.460 1.782523
0.470 -1.101384
0.480 8.514178
0.490 8.527721
0.500 -0.026234
0.510 -7.686484
0.520 -6.502671
0.530 3.619392
0.540 3.086792
0.550 -3.417312
0.560 -2.059308
0.570 -22.282462
0.580 -5.938400
0.590 0.775278
0.600 -2.617544
0.610 -0.615211
0.620 -0.800923
0.630 -8.841441
0.640 3.568954
0.650 12.953501
0.660 -8.774959
0.670 0.677866
0.680 10.925180
0.690 2.278517
0.700 3.330616
0.710 -6.391902
0.720 4.457582
0.730 0.805253
0.740 5.021245
0.750 14.416759
0.760 2.191102
0.770 -1.829551
0.780 4.258660
0.790 0.746057
0.800 0.676319
0.810 4.668624
0.820 -2.294718
0.830 -8.000596
0.840 8.350695
0.850 -0.970264
0.860 3.630197
0.870 12.607381
0.880 7.829815
0.890 -11.492406
0.900 10.133559
0.910 2.576029
0.920 -1.145222
0.930 2.890384
0.940 4.123379
0.950 -0.952645
0.960 -7.772905
0.970 0.221417
0.980 1.019978
0.990 -12.083662
