0.000 3.964014
0.010 -7.767902
0.020 -2.318668
0.030 -0.087473
0.040 -1.394305
0.050 -3.329969
0.060 5.032476
0.070 14.921312
0.080 1.150545
0.090 6.182138
0.100 -18.625740
0.110 -10.180670
0.120 6.191635
0.130 12.547299
0.140 3.923442
0.150 -5.022305
0.160 3.927894
0.170 13.697954
0.180 3.931864
0.190 -16.848637
0.200 6.225468
0.210 0.526168
0.220 15.757657
0.230 16.656018
0.240 7.097487
0.250 -2.102570
0.260 10.793122
0.270 5.570717
0.280 -5.755105
0.290 4.058676
0.300 -4.237499
0.310 -0.671881
0.320 8.075123
0.330 -7.854486
0.340 11.938716
0.350 0.484412
0.360 4.451487
0.370 5.298030
0.380 -5.806821
0.390 -10.837981
0.400 -1.362225
0.410 1.503832
0.420 -2.775243
0.430 -11.085042
0.440 -1.046076
0.450 3.391997
0.460 -1.480938
0.470 4.912149
0.480 8.723399
0.490 5.825418
0.500 -20.707888
0.510 0.522254
0.520 7.230827
0.530 -6.799100
0.540 2.455245
0.550 -6.573047
0.560 -2.666975
0.570 2.836041
0.580 1.065267
0.590 2.697410
0.600 14.505215
0.610 -8.046163
0.620 -5.819170
0.630 -18.023026
0.640 11.254635
0.650 6.372485
0.660 -6.737047
0.670 -12.259978
0.680 0.411780
0.690 13.396846
0.700 -9.715618
0.710 -5.289997
0.720 8.549051
0.730 3.842033
0.740 -2.315345
0.750 -8.448982
0.760 -4.703617
0.770 2.630858
0.780 -11.263319
0.790 -4.509522
0.800 -4.009052
0.810 -0.635332
0.820 6.285625
0.830 15.991264
0.840 -17.784512
0.850 -3.695228
0.860 6.222064
0.870 3.171618
0.880 -6.043377
0.890 -1.058999
0.900 -2.022616
0.910 12.975567
0.920 -12.756222
0.930 7.832496
0.940 -9.011948
0.950 -0.346827
0.960 -1.053539
0.970 -15.844566
0.980 -4.628927
0.990 -3.920329
