0.000 -1.206667
0.010 9.651128
0.020 3.840348
0.030 2.151751
0.040 8.939240
0.050 -7.614438
0.060 -0.793724
0.070 -8.246760
0.080 4.993318
0.090 0.016809
0.100 1.036557
0.110 15.505096
0.120 -14.826730
0.130 -9.309106
0.140 23.039397
0.150 1.844450
0.160 -3.998301
0.170 -6.401621
0.180 8.783260
0.190 5.321716
0.200 10.400494
0.210 9.990801
0.220 -11.531542
0.230 0.609335
0.240 12.947825
0.250 0.564915
0.260 -7.106790
0.270 6.302663
0.280 -1.835145
0.290 -6.296222
0.300 7.117093
0.310 5.108665
0.320 -1.383428
0.330 -0.999589
0.340 2.158776
0.350 -12.190982
0.360 8.497434
0.370 6.135973
0.380 3.270391
0.390 14.026153
0.400 -7.700376
0.410 1.789350
0.420 2.944996
0.430 -0.259333
0.440 -6.481478
0.450 -11.420968
0.460 9.862210
0.470 -3.254294
0.480 -5.513695
0.490 -1.474408
0.500 -0.745272
0.510 -9.026923
0.520 5.913134
0.530 -6.001524
0.540 -4.950120
0.550 5.152627
0.560 -8.293742
0.570 -4.639193
0.580 -7.948840
0.590 -6.164418
0.600 6.207317
0.610 -3.870519
0.620 0.202477
0.630 13.905793
0.640 15.883493
0.650 -2.750081
0.660 8.483892
0.670 -6.222135
0.680 5.581304
0.690 6.334582
0.700 9.219210
0.710 6.802075
0.720 0.531596
0.730 0.770235
0.740 -7.609913
0.750 -12.997149
0.760 23.614457
0.770 -3.249007
0.780 9.149293
0.790 -2.557523
0.800 -3.722471
0.810 5.377376
0.820 2.004424
0.830 7.506160
0.840 9.745378
0.850 -8.939023
0.860 9.354241
0.870 -14.266906
0.880 -6.535841
0.890 17.963047
0.900 -2.310042
0.910 -7.810186
0.920 3.130470
0.930 2.858324
0.940 4.582940
0.950 -10.993850
0.960 -2.602694
0.970 4.659912
0.980 9.260443
0.990 7.834530
