0.000 -15.244665
0.010 3.893286
0.020 7.877169
0.030 0.350787
0.040 11.989464
0.050 -4.980486
0.060 -0.166020
0.070 -3.478625
0.080 -4.778345
0.090 3.993090
0.100 0.186730
0.110 0.404313
0.120 -0.301253
0.130 0.917188
0.140 -1.491940
0.150 -3.716461
0.160 -3.945224
0.170 0.165152
0.180 -4.087595
0.190 -1.798218
0.200 16.790172
0.210 3.712778
0.220 1.630188
0.230 2.167826
0.240 2.515986
0.250 11.641508
0.260 6.136503
0.270 6.630327
0.280 6.171561
0.290 8.247417
0.300 -3.142860
0.310 6.912859
0.320 0.551016
0.330 7.886724
0.340 12.987223
0.350 -0.772397
0.360 -9.019917
0.370 10.973004
0.380 -23.008228
0.390 -3.212421
0.400 -0.581144
0.410 5.393701
0.420 1.248436
0.430 -6.009538
0.440 -4.746691
0.450 -5.564558
0.460 8.374192
0.470 8.426310
0.480 11.462515
0.490 -13.184636
0.500 -1.658530
0.510 6.316011
0.520 -8.776995
0.530 -2.438471
0.540 4.043031
0.550 -1.493263
0.560 -3.101371
0.570 15.790092
0.580 -5.691019
0.590 -5.458212
0.600 2.753122
0.610 5.236072
0.620 7.402384
0.630 -2.612118
0.640 -20.072028
0.650 -3.594131
0.660 5.214485
0.670 8.989423
0.680 8.248286
0.690 2.214169
0.700 -4.469365
0.710 -0.380050
0.720 -1.661410
0.730 -2.295166
0.740 4.296717
0.750 -4.984616
0.760 4.445251
0.770 -1.187313
0.780 8.681248
0.790 27.781253
0.800 7.659439
0.810 9.688909
0.820 0.897910
0.830 -7.606562
0.840 6.286666
0.850 3.914920
0.860 8.446187
0.870 3.395613
0.880 14.167616
0.890 10.849609
0.900 0.748962
0.910 10.118862
0.920 16.937142
0.930 8.038213
0.940 -5.856999
0.950 6.194039
0.960 -3.668435
0.970 -2.576344
0.980 21.295973
0.990 9.677429
