0.000 8.425576
0.010 -3.388168
0.020 -1.313762
0.030 6.822683
0.040 2.182433
0.050 -1.140501
0.060 6.019402
0.070 0.298665
0.080 6.302424
0.090 10.197073
0.100 -6.919872
0.110 7.980948
0.120 9.829764
0.130 7.146138
0.140 -2.424373
0.150 13.339580
0.160 4.182892
0.170 3.731135
0.180 16.246491
0.190 9.025790
0.200 -12.221671
0.210 -9.926751
0.220 1.316179
0.230 -4.545344
0.240 2.409513
0.250 9.489666
0.260 -0.039548
0.270 12.586992
0.280 4.637515
0.290 -5.285237
0.300 -7.365012
0.310 8.874137
0.320 -2.685090
0.330 -17.010377
0.340 -6.626611
0.350 0.314638
0.360 -13.864744
0.370 -7.016662
0.380 -1.074785
0.390 -0.881455
0.400 4.036935
0.410 3.271436
0.420 0.736802
0.430 -11.378198
0.440 -4.908311
0.450 1.545345
0.460 -3.849055
0.470 3.508206
0.480 -0.741604
0.490 1.677027
0.500 -2.028956
0.510 -0.016310
0.520 3.930114
0.530 -11.511412
0.540 1.850956
0.550 -7.306790
0.560 4.264651
0.570 11.574621
0.580 -9.191715
0.590 -2.995851
0.600 -11.597199
0.610 -7.618577
0.620 4.859539
0.630 1.234592
0.640 -6.790543
0.650 -1.514190
0.660 2.818514
0.670 -2.454092
0.680 -6.834113
0.690 7.521433
0.700 -19.742311
0.710 0.499685
0.720 -13.480112
0.730 -12.032020
0.740 -6.906973
0.750 -9.135243
0.760 2.641340
0.770 1.368748
0.780 -0.522331
0.790 -5.411482
0.800 2.376783
0.810 -1.146724
0.820 -8.683106
0.830 2.371419
0.840 17.834801
0.850 6.661819
0.860 6.422214
0.870 -1.406920
0.880 12.447954
0.890 -10.700529
0.900 8.130287
0.910 18.373839
0.920 -5.937462
0.930 -8.231428
0.940 -0.432148
0.950 4.260280
0.960 9.259771
0.970 0.421671
0.980 0.678633
0.990 -6.867556
