0.000 -5.370881
0.010 -3.415356
0.020 -2.317121
0.030 11.206553
0.040 2.680032
0.050 -7.469980
0.060 -1.218787
0.070 21.559283
0.080 -4.200397
0.090 11.638655
0.100 -2.592862
0.110 -0.518956
0.120 -1.912104
0.130 8.434899
0.140 -10.054601
0.150 -1.514376
0.160 -7.633149
0.170 3.786445
0.180 16.595803
0.190 3.292169
0.200 -13.184845
0.210 -11.057293
0.220 -13.521390
0.230 -7.165739
0.240 -0.897836
0.250 -0.109904
0.260 23.500449
0.270 7.548629
0.280 5.463682
0.290 13.691818
0.300 -4.056675
0.310 4.794199
0.320 4.118579
0.330 5.980663
0.340 -2.190234
0.350 6.064687
0.360 11.287600
0.370 0.078161
0.380 4.837390
0.390 8.303332
0.400 -5.465017
0.410 1.197944
0.420 7.539570
0.430 -1.812050
0.440 2.423266
0.450 7.061669
0.460 9.096866
0.470 -1.181649
0.480 1.969884
0.490 -3.134340
0.500 -17.415343
0.510 -5.343544
0.520 -4.854121
0.530 -4.546890
0.540 10.948412
0.550 2.248720
0.560 -6.098159
0.570 2.427447
0.580 13.272810
0.590 10.169229
0.600 5.070280
0.610 13.766612
0.620 7.541483
0.630 10.690084
0.640 -9.944896
0.650 4.334082
0.660 4.110303
0.670 4.948101
0.680 -2.914821
0.690 0.195927
0.700 -12.824973
0.710 -20.901842
0.720 -2.669427
0.730 -2.709225
0.740 10.548464
0.750 -12.246996
0.760 3.449746
0.770 4.750365
0.780 -4.202438
0.790 -4.790843
0.800 3.134928
0.810 2.074704
0.820 -0.636750
0.830 -0.737327
0.840 11.431895
0.850 -0.391501
0.860 -15.920617
0.870 6.725217
0.880 -6.103863
0.890 -4.754207
0.900 -13.441302
0.910 -5.830305
0.920 -1.775710
0.930 -0.268258
0.940 4.192287
0.950 9.914253
0.960 7.589345
0.970 6.261014
0.980 0.252522
0.990 3.266476
