0.000 0.527813
0.010 -6.851425
0.020 3.833400
0.030 -8.099781
0.040 0.275389
0.050 -14.697040
0.060 3.573042
0.070 0.212083
0.080 -7.238145
0.090 4.199706
0.100 -13.864725
0.110 -12.968687
0.120 11.675637
0.130 4.507514
0.140 4.997907
0.150 13.699561
0.160 2.381179
0.170 9.753903
0.180 -8.016227
0.190 9.967280
0.200 -14.912503
0.210 -5.547712
0.220 -2.271770
0.230 3.707444
0.240 -5.710590
0.250 1.518825
0.260 3.241655
0.270 0.788767
0.280 -0.538829
0.290 1.278255
0.300 -2.018914
0.310 -9.773104
0.320 0.788056
0.330 12.670776
0.340 6.222368
0.350 -8.875676
0.360 11.234492
0.370 -12.709954
0.380 14.045782
0.390 -5.351668
0.400 4.908199
0.410 4.007032
0.420 -2.999850
0.430 3.314173
0.440 -7.996891
0.450 -4.663095
0.460 -15.674130
0.470 -5.710198
0.480 2.098495
0.490 -4.346671
0.500 1.524304
0.510 6.527546
0.520 -2.708869
0.530 -0.873320
0.540 0.067634
0.550 6.537871
0.560 -15.228933
0.570 -7.957849
0.580 13.507130
0.590 -7.167704
0.600 13.310395
0.610 -13.808245
0.620 -10.187122
0.630 0.175337
0.640 -9.990124
0.650 2.725527
0.660 -0.612237
0.670 -4.483876
0.680 -1.565562
0.690 -6.781335
0.700 1.392201
0.710 8.163175
0.720 -10.114683
0.730 -8.296679
0.740 -10.273735
0.750 1.968515
0.760 -5.683936
0.770 -5.268989
0.780 4.215528
0.790 10.502347
0.800 3.152259
0.810 -2.377311
0.820 8.051188
0.830 -10.309785
0.840 1.895142
0.850 3.746884
0.860 -3.759456
0.870 -2.459985
0.880 1.632050
0.890 7.886730
0.900 5.266432
0.910 -3.046487
0.920 -8.985849
0.930 7.235613
0.940 -11.491222
0.950 -9.778054
0.960 9.880752
0.970 -20.100623
0.980 2.995083
0.990 -4.715558
