0.000 -13.624126
0.010 6.126041
0.020 -1.546532
0.030 -0.774638
0.040 14.922921
0.050 -7.884524
0.060 -4.068100
0.070 -3.282665
0.080 7.026517
0.090 -11.387114
0.100 16.059825
0.110 -2.770235
0.120 1.495341
0.130 1.737392
0.140 -3.511174
0.150 -6.245845
0.160 11.390392
0.170 -3.704321
0.180 1.493832
0.190 -3.946606
0.200 9.565892
0.210 -8.005194
0.220 -6.182490
0.230 4.716517
0.240 10.663368
0.250 7.158514
0.260 8.900478
0.270 4.764156
0.280 1.174258
0.290 9.068363
0.300 -7.471710
0.310 -7.099718
0.320 1.971887
0.330 11.602454
0.340 3.706306
0.350 6.434675
0.360 -1.799511
0.370 -6.691125
0.380 4.555138
0.390 1.954189
0.400 -7.366900
0.410 5.958318
0.420 5.074803
0.430 0.023939
0.440 -3.861689
0.450 4.954116
0.460 2.782239
0.470 6.196694
0.480 -11.203507
0.490 -14.756399
0.500 -0.385412
0.510 -8.221697
0.520 1.442683
0.530 -1.343461
0.540 -7.205041
0.550 4.919136
0.560 -12.824418
0.570 -10.070607
0.580 -3.784514
0.590 -6.538442
0.600 -6.191709
0.610 -9.210938
0.620 8.720702
0.630 1.584125
0.640 6.173981
0.650 -4.230578
0.660 -0.891768
0.670 1.241784
0.680 7.996705
0.690 -1.590647
0.700 7.823326
0.710 -3.864472
0.720 -7.503038
0.730 -8.252035
0.740 1.838693
0.750 14.816572
0.760 -1.250996
0.770 -6.550494
0.780 -10.660642
0.790 -8.510921
0.800 4.795420
0.810 0.706641
0.820 3.376902
0.830 -3.155926
0.840 2.557406
0.850 -0.161946
0.860 -11.385895
0.870 3.663730
0.880 19.458997
0.890 -6.393853
0.900 -8.708132
0.910 -2.335230
0.920 1.642406
0.930 2.414420
0.940 8.878315
0.950 -4.689493
0.960 -0.632655
0.970 9.459136
0.980 -10.279761
0.990 9.429864
