0.000 1.459278
0.010 2.937146
0.020 1.154769
0.030 1.292782
0.040 -11.967666
0.050 3.026952
0.060 -23.732336
0.070 -1.451710
0.080 -19.671839
0.090 -3.559927
0.100 -0.186206
0.110 -5.458484
0.120 -8.698546
0.130 0.448818
0.140 7.389291
0.150 10.405573
0.160 1.306202
0.170 3.008873
0.180 -0.561124
0.190 9.384882
0.200 -1.798762
0.210 10.255541
0.220 0.369348
0.230 0.635441
0.240 2.540728
0.250 -4.014251
0.260 -3.074061
0.270 0.759932
0.280 6.844840
0.290 -2.116465
0.300 4.174087
0.310 -6.694794
0.320 -0.750010
0.330 -9.932647
0.340 -5.609866
0.350 -11.818561
0.360 1.112325
0.370 5.759397
0.380 10.832859
0.390 11.694736
0.400 -1.991171
0.410 -9.600667
0.420 -6.492236
0.430 9.848501
0.440 2.686267
0.450 11.345848
0.460 5.793962
0.470 -5.063712
0.480 -5.651328
0.490 9.313625
0.500 -2.742143
0.510 2.187528
0.520 -11.687526
0.530 -6.682364
0.540 21.237685
0.550 10.098528
0.560 -4.917858
0.570 12.355617
0.580 -9.733169
0.590 -1.747490
0.600 -15.248457
0.610 4.692975
0.620 1.993837
0.630 -0.344418
0.640 -2.796425
0.650 -1.897511
0.660 -10.357534
0.670 -2.999448
0.680 1.494906
0.690 1.209879
0.700 -4.404925
0.710 13.378366
0.720 15.172675
0.730 -6.367782
0.740 2.303393
0.750 -1.465743
0.760 9.252131
0.770 -0.739281
0.780 -1.926742
0.790 3.289690
0.800 2.639953
0.810 1.889075
0.820 -1.287922
0.830 -1.543865
0.840 -10.453697
0.850 -2.112404
0.860 -15.006151
0.870 -17.477891
0.880 9.269062
0.890 1.616914
0.900 10.715800
0.910 7.322720
0.920 -3.934937
0.930 -12.862328
0.940 -9.321382
0.950 -8.166521
0.960 -4.577471
0.970 -22.252833
0.980 -15.039094
0.990 -0.735632
