0.000 1.634912
0.010 -6.312558
0.020 7.020735
0.030 -9.344190
0.040 -1.584236
0.050 23.204125
0.060 -0.388769
0.070 -5.391275
0.080 -3.060324
0.090 -8.577850
0.100 3.832474
0.110 -10.331387
0.120 1.753509
0.130 6.053663
0.140 3.275870
0.150 -1.138071
0.160 1.070309
0.170 2.516322
0.180 9.210529
0.190 -3.347843
0.200 7.324621
0.210 8.606399
0.220 -13.596909
0.230 0.004538
0.240 -0.923354
0.250 -0.148520
0.260 4.411718
0.270 2.442952
0.280 -4.774361
0.290 -10.479212
0.300 16.429367
0.310 9.148209
0.320 -0.805264
0.330 -3.587406
0.340 2.826704
0.350 8.383768
0.360 1.963148
0.370 10.294234
0.380 -9.293470
0.390 1.829001
0.400 5.212363
0.410 -3.874285
0.420 5.738698
0.430 2.403901
0.440 -2.845542
0.450 7.337350
0.460 -8.495111
0.470 4.758791
0.480 3.494521
0.490 -4.045632
0.500 -0.721895
0.510 -6.902743
0.520 -2.772721
0.530 -14.143530
0.540 4.854177
0.550 9.345174
0.560 -0.056179
0.570 -2.570668
0.580 -3.101512
0.590 5.895682
0.600 3.585750
0.610 -2.007299
0.620 1.452601
0.630 5.667662
0.640 -14.104590
0.650 4.316228
0.660 -0.000761
0.670 -2.080338
0.680 -3.882100
0.690 -7.998031
0.700 -1.153324
0.710 -4.483604
0.720 -4.593838
0.730 4.215594
0.740 6.557835
0.750 6.913902
0.760 3.570428
0.770 -20.934504
0.780 6.495167
0.790 2.592250
0.800 7.278514
0.810 2.254204
0.820 5.198663
0.830 -2.297189
0.840 5.977663
0.850 2.337703
0.860 -6.352822
0.870 4.822244
0.880 -6.811009
0.890 3.367900
0.900 -0.983625
0.910 9.797865
0.920 -12.150896
0.930 -4.261502
0.940 16.962327
0.950 -5.194372
0.960 4.095196
0.970 -7.846366
0.980 -0.887844
0.990 2.132635
