0.000 3.114468
0.010 4.566819
0.020 -4.361693
0.030 -4.478102
0.040 -11.704537
0.050 -4.964982
0.060 4.576642
0.070 3.325153
0.080 -17.743704
0.090 7.754894
0.100 -0.620526
0.110 -10.070017
0.120 1.342800
0.130 -8.075922
0.140 10.322177
0.150 -3.439754
0.160 12.270434
0.170 -5.947011
0.180 11.637852
0.190 -9.202315
0.200 9.036385
0.210 -0.277624
0.220 2.006524
0.230 4.514336
0.240 16.502194
0.250 8.584555
0.260 6.032720
0.270 5.305494
0.280 3.972447
0.290 -3.462280
0.300 3.808193
0.310 -0.840702
0.320 7.550002
0.330 -3.909755
0.340 24.523186
0.350 -3.675540
0.360 1.064701
0.370 -0.227247
0.380 -6.114319
0.390 10.969087
0.400 -1.251618
0.410 6.787903
0.420 -4.303908
0.430 7.481132
0.440 -5.149064
0.450 8.190461
0.460 3.577026
0.470 14.631192
0.480 -1.018214
0.490 1.939305
0.500 -12.838568
0.510 3.847742
0.520 6.485782
0.530 5.421521
0.540 8.275209
0.550 -9.521927
0.560 -4.340502
0.570 4.220903
0.580 9.565217
0.590 13.750063
0.600 -1.586935
0.610 -6.884201
0.620 12.959301
0.630 -16.391392
0.640 7.276618
0.650 1.476380
0.660 -6.806526
0.670 -15.828169
0.680 1.490661
0.690 19.110397
0.700 -8.922651
0.710 1.898323
0.720 1.427982
0.730 4.372511
0.740 -8.493279
0.750 5.765927
0.760 11.657472
0.770 -9.114711
0.780 -21.830329
0.790 14.390026
0.800 13.005077
0.810 11.481637
0.820 -8.982780
0.830 -6.240640
0.840 -8.254476
0.850 -2.029595
0.860 -0.948019
0.870 -9.762154
0.880 -0.160851
0.890 5.407797
0.900 8.003693
0.910 1.362316
0.920 3.043974
0.930 -0.771811
0.940 -4.739897
0.950 -2.874545
0.960 -13.263662
0.970 6.374429
0.980 -6.151865
0.990 6.449602
