0.000 -1.710268
0.010 3.707638
0.020 4.049687
0.030 -0.888582
0.040 8.759902
0.050 2.675423
0.060 -12.735559
0.070 0.789911
0.080 -5.226804
0.090 -3.309902
0.100 0.846193
0.110 3.596812
0.120 0.034715
0.130 8.976703
0.140 -6.513457
0.150 -12.047384
0.160 5.869087
0.170 15.778403
0.180 6.237264
0.190 4.770137
0.200 15.371340
0.210 8.153009
0.220 -1.032253
0.230 5.191709
0.240 -8.994149
0.250 -2.691240
0.260 -4.707888
0.270 -14.099258
0.280 -14.079791
0.290 1.259096
0.300 -3.712648
0.310 7.883097
0.320 1.526969
0.330 0.807580
0.340 -9.304430
0.350 -4.671727
0.360 -10.881697
0.370 -5.175060
0.380 12.432114
0.390 1.834202
0.400 -3.819246
0.410 13.621173
0.420 -6.197107
0.430 -3.204820
0.440 -1.555557
0.450 -0.273622
0.460 -7.244443
0.470 -7.951663
0.480 12.715761
0.490 -10.037939
0.500 9.303697
0.510 3.332958
0.520 6.281826
0.530 1.298020
0.540 8.622276
0.550 -8.830535
0.560 18.309752
0.570 4.161496
0.580 6.387491
0.590 3.649490
0.600 -8.125259
0.610 -4.836474
0.620 12.325267
0.630 -3.708771
0.640 0.812530
0.650 -10.913218
0.660 -1.882489
0.670 -5.245942
0.680 -11.821949
0.690 -16.470882
0.700 -15.798149
0.710 4.885067
0.720 -9.365865
0.730 0.616419
0.740 -4.903940
0.750 -7.621254
0.760 -4.742770
0.770 -12.994150
0.780 -4.418916
0.790 1.117242
0.800 -0.165119
0.810 -10.287541
0.820 0.352089
0.830 13.213984
0.840 -7.476852
0.850 0.842766
0.860 0.959877
0.870 -3.726914
0.880 0.824940
0.890 2.549599
0.900 -8.906806
0.910 5.087262
0.920 -3.967331
0.930 5.814202
0.940 0.041745
0.950 5.164314
0.960 8.857629
0.970 -3.490655
0.980 6.673194
0.990 9.036650
