0.000 6.773772
0.010 -8.835626
0.020 -3.115057
0.030 -11.589351
0.040 -0.766209
0.050 2.774310
0.060 8.537680
0.070 8.698933
0.080 -8.949889
0.090 6.588711
0.100 -15.638180
0.110 0.503269
0.120 8.709654
0.130 -2.385261
0.140 0.772347
0.150 7.535711
0.160 4.370461
0.170 3.270127
0.180 -9.142219
0.190 -10.476985
0.200 7.405502
0.210 6.614947
0.220 6.162803
0.230 5.545072
0.240 2.335626
0.250 -3.048986
0.260 -6.622196
0.270 4.262808
0.280 -7.440433
0.290 -1.154607
0.300 -7.071604
0.310 -1.973262
0.320 -5.183878
0.330 7.703329
0.340 -9.336781
0.350 -5.663880
0.360 -1.549624
0.370 -0.245858
0.380 0.187667
0.390 10.391374
0.400 6.649518
0.410 2.544656
0.420 -0.910002
0.430 -12.083151
0.440 9.966401
0.450 9.882598
0.460 -3.438190
0.470 2.659019
0.480 -9.718189
0.490 11.350370
0.500 -5.583725
0.510 -3.227883
0.520 0.780611
0.530 -4.640072
0.540 8.967720
0.550 -4.541318
0.560 5.301992
0.570 11.540655
0.580 -8.241521
0.590 -2.236068
0.600 -1.297739
0.610 3.034706
0.620 -7.197236
0.630 3.016408
0.640 -1.771315
0.650 -13.487337
0.660 -2.049606
0.670 -1.254522
0.680 -2.678730
0.690 -1.320791
0.700 -3.587724
0.710 -3.408725
0.720 12.576563
0.730 -14.740470
0.740 -9.702869
0.750 -13.253100
0.760 -9.168351
0.770 5.068097
0.780 5.369203
0.790 -3.993297
0.800 10.197076
0.810 -7.549074
0.820 0.143400
0.830 2.281488
0.840 -1.649042
0.850 11.310807
0.860 15.285342
0.870 -8.738796
0.880 0.671770
0.890 11.466490
0.900 14.174651
0.910 1.377461
0.920 -2.963398
0.930 -6.182837
0.940 9.589361
0.950 7.964764
0.960 -7.250019
0.970 1.602094
0.980 3.377761
0.990 -5.083375
