0.000 6.082362
0.010 -2.938569
0.020 2.122063
0.030 3.353228
0.040 -23.488817
0.050 8.944030
0.060 12.033886
0.070 -4.954327
0.080 1.536388
0.090 -6.494942
0.100 4.883263
0.110 6.293290
0.120 3.856067
0.130 -16.518896
0.140 -16.607302
0.150 0.424513
0.160 1.300311
0.170 1.706510
0.180 -5.519654
0.190 9.613876
0.200 -11.025925
0.210 -1.410883
0.220 -4.606400
0.230 -7.568022
0.240 -10.625365
0.250 -0.056733
0.260 -19.814161
0.270 0.956353
0.280 4.550818
0.290 -4.064662
0.300 -5.626838
0.310 1.929203
0.320 4.080637
0.330 -21.136308
0.340 4.027422
0.350 6.063197
0.360 3.794677
0.370 -4.501506
0.380 -12.113251
0.390 1.842389
0.400 6.422385
0.410 22.864869
0.420 -1.389765
0.430 15.195262
0.440 -5.720460
0.450 -17.505239
0.460 -23.013789
0.470 1.086676
0.480 -17.548127
0.490 9.563371
0.500 0.881056
0.510 12.787136
0.520 18.906385
0.530 -11.284810
0.540 -3.415275
0.550 -6.264193
0.560 -0.730650
0.570 -2.019386
0.580 2.515906
0.590 18.335424
0.600 2.665779
0.610 -5.315125
0.620 -2.155604
0.630 11.615724
0.640 -9.018986
0.650 -1.137196
0.660 0.178740
0.670 -0.909530
0.680 2.637494
0.690 5.608536
0.700 9.032937
0.710 -10.919276
0.720 3.545034
0.730 -9.349710
0.740 7.048316
0.750 2.099474
0.760 -11.614471
0.770 -6.791832
0.780 9.727770
0.790 -2.725527
0.800 8.893347
0.810 8.117253
0.820 3.684235
0.830 0.353724
0.840 4.456322
0.850 5.155003
0.860 7.068431
0.870 5.072394
0.880 14.488479
0.890 -4.604834
0.900 0.608307
0.910 0.002841
0.920 -3.293026
0.930 7.746422
0.940 2.511586
0.950 5.339305
0.960 -0.655698
0.970 -0.612092
0.980 1.932570
0.990 3.134938
