0.000 -14.445985
0.010 -6.382148
0.020 -10.333557
0.030 -5.465795
0.040 3.245035
0.050 -1.625160
0.060 -3.348378
0.070 -8.553842
0.080 0.563412
0.090 17.006561
0.100 0.080660
0.110 10.414427
0.120 -2.826549
0.130 -7.069274
0.140 1.714663
0.150 4.152913
0.160 -10.770980
0.170 6.618428
0.180 1.457183
0.190 5.272529
0.200 -3.461277
0.210 5.691845
0.220 -8.514754
0.230 6.084465
0.240 -8.328890
0.250 -7.738634
0.260 6.822130
0.270 -3.424049
0.280 -10.085403
0.290 -15.564951
0.300 11.612322
0.310 -4.065765
0.320 -0.780165
0.330 -4.826155
0.340 9.748539
0.350 -0.305138
0.360 -4.749478
0.370 -0.730424
0.380 -7.962793
0.390 14.556794
0.400 -1.216378
0.410 6.475385
0.420 5.609821
0.430 4.168591
0.440 10.022400
0.450 17.202962
0.460 0.753945
0.470 -2.632640
0.480 6.284603
0.490 0.449854
0.500 -13.293433
0.510 5.340697
0.520 -8.167498
0.530 -12.948468
0.540 8.194481
0.550 -0.703099
0.560 -10.177274
0.570 9.362804
0.580 -2.612059
0.590 17.064935
0.600 -5.589310
0.610 -1.868791
0.620 -10.473768
0.630 -12.123605
0.640 -7.396846
0.650 -9.194653
0.660 1.395985
0.670 -7.092722
0.680 -8.243986
0.690 3.360751
0.700 5.062911
0.710 -2.234685
0.720 -8.517147
0.730 -13.493597
0.740 7.085242
0.750 -2.068652
0.760 18.463952
0.770 18.114097
0.780 -3.404561
0.790 4.170567
0.800 3.613340
0.810 2.148402
0.820 -2.219539
0.830 1.575471
0.840 -11.512412
0.850 1.100925
0.860 -10.810347
0.870 1.233025
0.880 -0.245083
0.890 3.818351
0.900 9.045950
0.910 12.567335
0.920 3.222008
0.930 6.311829
0.940 5.854952
0.950 6.529084
0.960 -5.560605
0.970 1.011016
0.980 -0.033365
0.990 -3.212049
