0.000 4.138447
0.010 0.844884
0.020 -6.863695
0.030 -3.887650
0.040 -12.758452
0.050 -2.406135
0.060 9.181882
0.070 5.946876
0.080 13.010098
0.090 -10.813923
0.100 22.082476
0.110 -9.510974
0.120 -5.067881
0.130 10.378112
0.140 -1.077962
0.150 9.257021
0.160 -0.725336
0.170 -3.937219
0.180 -13.762671
0.190 16.734703
0.200 -2.728773
0.210 -5.272441
0.220 -9.836529
0.230 8.502955
0.240 1.543327
0.250 -15.187263
0.260 -3.430017
0.270 1.397909
0.280 -3.196745
0.290 15.538039
0.300 1.238219
0.310 11.101437
0.320 0.846216
0.330 -6.237647
0.340 -9.057052
0.350 4.901233
0.360 -7.499955
0.370 0.601359
0.380 -0.102309
0.390 1.265934
0.400 1.084707
0.410 -16.629059
0.420 7.632016
0.430 2.334888
0.440 -12.453254
0.450 -6.255231
0.460 18.088679
0.470 -18.724475
0.480 -5.411762
0.490 5.568598
0.500 -6.738013
0.510 8.722685
0.520 7.019569
0.530 -1.482818
0.540 -1.053682
0.550 -2.460761
0.560 -12.529036
0.570 7.927017
0.580 -5.913283
0.590 4.665571
0.600 -1.844828
0.610 3.718959
0.620 11.351783
0.630 7.802624
0.640 2.692204
0.650 15.120048
0.660 -5.769105
0.670 -3.178363
0.680 -2.694358
0.690 -7.535668
0.700 -15.471581
0.710 6.735660
0.720 0.534941
0.730 4.755741
0.740 -1.752779
0.750 -2.054168
0.760 -11.317846
0.770 9.931435
0.780 4.994590
0.790 -0.704950
0.800 -2.618527
0.810 -2.173278
0.820 -6.749343
0.830 -5.799133
0.840 -7.822702
0.850 11.416218
0.860 12.246927
0.870 -13.089062
0.880 4.529764
0.890 -4.497841
0.900 -5.051696
0.910 1.475287
0.920 7.221685
0.930 -8.947776
0.940 -8.308706
0.950 -3.005477
0.960 -2.175428
0.970 -3.194924
0.980 5.613167
0.990 -5.539117
