0.000 3.874608
0.010 -5.369169
0.020 8.243451
0.030 -12.611677
0.040 -2.692433
0.050 -9.397830
0.060 -14.444184
0.070 -4.167890
0.080 8.035454
0.090 5.375342
0.100 -9.997539
0.110 10.740153
0.120 10.977712
0.130 2.845253
0.140 -8.404279
0.150 1.880883
0.160 4.260917
0.170 -17.193635
0.180 3.024455
0.190 7.670021
0.200 3.487218
0.210 -1.022218
0.220 14.725477
0.230 1.415809
0.240 5.330918
0.250 -13.116838
0.260 -8.554040
0.270 -6.426805
0.280 13.915292
0.290 -4.751881
0.300 -10.262674
0.310 0.570041
0.320 -2.366636
0.330 -6.609430
0.340 1.327092
0.350 -10.022266
0.360 8.296281
0.370 -10.983799
0.380 -7.982327
0.390 -15.771583
0.400 5.252040
0.410 2.679754
0.420 4.788842
0.430 -5.003960
0.440 -7.089681
0.450 -6.954102
0.460 4.670258
0.470 2.889546
0.480 1.645287
0.490 5.868031
0.500 -3.440460
0.510 9.773738
0.520 -4.948448
0.530 12.054971
0.540 21.838576
0.550 3.738961
0.560 1.901166
0.570 1.573195
0.580 -5.806716
0.590 -0.842260
0.600 4.009566
0.610 -5.339854
0.620 21.080457
0.630 -2.853170
0.640 10.102199
0.650 -0.525880
0.660 12.253664
0.670 1.459329
0.680 -8.727854
0.690 -14.259105
0.700 -5.158090
0.710 7.619043
0.720 -1.705304
0.730 12.460553
0.740 4.081829
0.750 1.801688
0.760 -14.914909
0.770 8.955474
0.780 10.586767
0.790 -12.265263
0.800 -1.544184
0.810 -2.095659
0.820 5.156842
0.830 -9.489779
0.840 -4.904060
0.850 -14.395284
0.860 4.606326
0.870 14.175992
0.880 11.000928
0.890 2.851960
0.900 -7.651870
0.910 4.631096
0.920 3.498123
0.930 6.780682
0.940 -0.109965
0.950 13.254634
0.960 9.306800
0.970 4.125991
0.980 8.341990
0.990 -2.571183
