0.000 2.790150
0.010 1.893436
0.020 0.822791
0.030 17.242498
0.040 12.428583
0.050 6.438961
0.060 10.213000
0.070 -7.514172
0.080 -2.168636
0.090 -8.111896
0.100 -2.867810
0.110 -7.609436
0.120 0.777041
0.130 -8.609484
0.140 -9.533848
0.150 -0.922420
0.160 -1.926427
0.170 3.654902
0.180 -9.307548
0.190 -0.579849
0.200 -2.472696
0.210 10.803008
0.220 9.276684
0.230 0.647301
0.240 4.654477
0.250 -2.196218
0.260 18.954340
0.270 8.290019
0.280 -5.638216
0.290 8.142048
0.300 -3.940807
0.310 3.266382
0.320 -1.181029
0.330 -2.708381
0.340 8.187996
0.350 11.364649
0.360 -4.412231
0.370 -4.135881
0.380 -0.052681
0.390 -14.828402
0.400 10.098401
0.410 -1.678718
0.420 7.145862
0.430 -4.773090
0.440 0.681101
0.450 -10.491620
0.460 -10.487480
0.470 -11.728795
0.480 -0.315538
0.490 2.744427
0.500 0.234593
0.510 -8.745575
0.520 1.470943
0.530 11.260273
0.540 -7.381238
0.550 -0.194103
0.560 -7.655022
0.570 7.893895
0.580 10.080413
0.590 -8.937963
0.600 -15.823740
0.610 10.514839
0.620 -7.777969
0.630 0.037003
0.640 -19.228379
0.650 0.697485
0.660 -3.429294
0.670 -23.550258
0.680 0.048051
0.690 20.617503
0.700 3.718595
0.710 -14.281510
0.720 12.277966
0.730 -9.470386
0.740 2.112033
0.750 -10.212866
0.760 5.655743
0.770 3.766982
0.780 1.905109
0.790 5.049960
0.800 -0.009331
0.810 -5.595845
0.820 10.246546
0.830 -13.202571
0.840 10.425264
0.850 -12.819116
0.860 -0.593110
0.870 7.674073
0.880 -3.462250
0.890 1.682931
0.900 -7.602107
0.910 8.570486
0.920 -7.293984
0.930 -11.085321
0.940 -9.017202
0.950 -3.751355
0.960 4.577926
0.970 3.451375
0.980 9.167092
0.990 15.354512
