0.000 2.228359
0.010 2.917216
0.020 14.891058
0.030 0.547979
0.040 7.468138
0.050 15.995626
0.060 -4.735153
0.070 -9.121066
0.080 7.154025
0.090 2.025059
0.100 5.145343
0.110 13.389236
0.120 -2.986288
0.130 -6.843612
0.140 8.226247
0.150 -0.946823
0.160 -15.595724
0.170 2.141323
0.180 -8.828275
0.190 -3.362574
0.200 -11.427632
0.210 -4.163401
0.220 -5.995074
0.230 -9.689818
0.240 6.366939
0.250 -17.411582
0.260 2.058670
0.270 5.006237
0.280 2.980665
0.290 6.494591
0.300 2.866952
0.310 2.195237
0.320 6.787515
0.330 -16.115310
0.340 7.586417
0.350 1.413563
0.360 -2.088331
0.370 4.048505
0.380 -8.335034
0.390 0.632703
0.400 -16.741313
0.410 -1.949973
0.420 -6.248518
0.430 -4.886406
0.440 -6.143893
0.450 -4.580961
0.460 5.491886
0.470 -9.103229
0.480 5.865332
0.490 1.973557
0.500 2.776807
0.510 3.491913
0.520 -8.568263
0.530 11.316857
0.540 -8.941137
0.550 0.001258
0.560 0.731723
0.570 -2.108866
0.580 10.822420
0.590 6.921959
0.600 -4.803980
0.610 -5.364879
0.620 -0.107681
0.630 -4.295913
0.640 -7.596920
0.650 14.357837
0.660 -14.426064
0.670 -5.672240
0.680 5.888259
0.690 -0.265243
0.700 9.646336
0.710 -15.333721
0.720 3.008217
0.730 5.463544
0.740 -10.355473
0.750 -8.927339
0.760 1.268680
0.770 5.115535
0.780 -3.991811
0.790 7.975129
0.800 -19.575063
0.810 -7.999087
0.820 -2.258438
0.830 4.176012
0.840 11.242347
0.850 1.777856
0.860 -2.718596
0.870 10.737005
0.880 1.660168
0.890 -12.504100
0.900 -1.857682
0.910 5.645745
0.920 -11.790765
0.930 -7.208702
0.940 10.640851
0.950 -1.002510
0.960 9.350817
0.970 -1.842495
0.980 11.943497
0.990 -0.113781
