0.000 2.288547
0.010 2.227105
0.020 0.963149
0.030 10.339378
0.040 5.962465
0.050 -11.795920
0.060 -8.496330
0.070 -2.434247
0.080 -2.126876
0.090 -4.780029
0.100 -4.349730
0.110 17.358758
0.120 10.155620
0.130 -8.754423
0.140 -1.600587
0.150 -7.243328
0.160 0.822938
0.170 2.798538
0.180 3.729442
0.190 1.581984
0.200 3.716568
0.210 -4.080032
0.220 6.074832
0.230 -5.503530
0.240 0.741701
0.250 3.284549
0.260 4.730862
0.270 -6.773322
0.280 -2.855583
0.290 -2.375882
0.300 7.592393
0.310 15.439240
0.320 5.750111
0.330 16.163018
0.340 2.706587
0.350 12.117070
0.360 -1.997356
0.370 15.180545
0.380 -16.580747
0.390 3.719093
0.400 9.425114
0.410 19.122503
0.420 7.606185
0.430 -0.417215
0.440 4.222392
0.450 -8.676622
0.460 -2.777726
0.470 4.639745
0.480 5.075814
0.490 -2.455962
0.500 -4.017948
0.510 10.296044
0.520 8.130255
0.530 2.517412
0.540 8.660664
0.550 -4.718295
0.560 3.247358
0.570 -8.112121
0.580 -6.143630
0.590 -9.386828
0.600 11.746899
0.610 8.454053
0.620 14.640704
0.630 -15.575584
0.640 -8.406310
0.650 11.609685
0.660 1.974995
0.670 -4.619451
0.680 1.867819
0.690 10.787567
0.700 -9.179040
0.710 0.159211
0.720 -1.236831
0.730 -4.078475
0.740 -0.308132
0.750 7.339903
0.760 -8.797364
0.770 -1.953631
0.780 -7.321847
0.790 2.555271
0.800 5.240318
0.810 -3.191815
0.820 -4.480808
0.830 -20.720504
0.840 0.908077
0.850 -0.163347
0.860 -5.621400
0.870 -0.830262
0.880 1.895801
0.890 -6.784895
0.900 8.398544
0.910 12.501632
0.920 4.633252
0.930 -11.488160
0.940 8.528367
0.950 -2.280852
0.960 -1.684408
0.970 10.495359
0.980 -0.922227
0.990 -17.228468
