0.000 3.841454
0.010 -3.600634
0.020 -0.238465
0.030 5.272348
0.040 -0.712085
0.050 -2.362958
0.060 3.286853
0.070 -8.417536
0.080 -7.919038
0.090 -15.916878
0.100 -3.577437
0.110 -10.347550
0.120 -4.936921
0.130 6.944000
0.140 19.558169
0.150 -18.848075
0.160 2.177522
0.170 -4.097330
0.180 -1.625117
0.190 -6.255053
0.200 -9.847504
0.210 3.993900
0.220 -3.126174
0.230 2.099707
0.240 -2.610224
0.250 0.248787
0.260 -4.685353
0.270 -5.010965
0.280 0.564799
0.290 0.096610
0.300 -6.285570
0.310 1.861916
0.320 -0.262576
0.330 -1.016668
0.340 -1.382487
0.350 -6.006453
0.360 -6.127240
0.370 -7.765892
0.380 -4.231657
0.390 3.606677
0.400 -3.694747
0.410 15.462055
0.420 8.973905
0.430 -15.077345
0.440 -3.022873
0.450 -11.319771
0.460 19.212952
0.470 -5.272897
0.480 0.629768
0.490 2.725091
0.500 -2.967794
0.510 -7.406052
0.520 -15.665868
0.530 -11.107509
0.540 12.115003
0.550 9.746761
0.560 -0.206982
0.570 3.721142
0.580 4.403230
0.590 8.264410
0.600 -3.986861
0.610 -15.097210
0.620 -3.532090
0.630 -4.203235
0.640 4.608642
0.650 -7.122470
0.660 -5.961252
0.670 -3.986899
0.680 0.295978
0.690 0.671099
0.700 -4.656867
0.710 0.339266
0.720 -8.005539
0.730 8.819234
0.740 -7.911793
0.750 0.058646
0.760 -6.625190
0.770 -3.625486
0.780 -0.946153
0.790 -2.760279
0.800 6.571533
0.810 6.944776
0.820 -11.313294
0.830 4.580002
0.840 7.312878
0.850 16.302190
0.860 18.356459
0.870 -3.148999
0.880 9.871879
0.890 7.035819
0.900 5.004654
0.910 -2.142292
0.920 0.092088
0.930 -7.154887
0.940 -10.380019
0.950 -4.740369
0.960 -10.543839
0.970 -4.467745
0.980 -3.539089
0.990 -5.463386
