0.000 -0.599348
0.010 3.932459
0.020 -3.537690
0.030 1.654080
0.040 -13.088913
0.050 -6.792866
0.060 7.853104
0.070 -3.280773
0.080 16.361831
0.090 1.308434
0.100 -1.920099
0.110 12.576451
0.120 -3.364837
0.130 9.797158
0.140 -4.059065
0.150 -4.736363
0.160 8.348534
0.170 1.062947
0.180 -5.164152
0.190 -7.426964
0.200 5.650934
0.210 2.906118
0.220 -8.443281
0.230 3.474095
0.240 2.796315
0.250 8.635620
0.260 -3.264973
0.270 0.147454
0.280 10.143750
0.290 4.655480
0.300 -4.605789
0.310 -11.809924
0.320 1.150113
0.330 -6.756382
0.340 2.054048
0.350 19.179290
0.360 -12.049007
0.370 9.417963
0.380 -0.608116
0.390 8.006264
0.400 -10.451188
0.410 -5.809749
0.420 3.358054
0.430 16.745642
0.440 -6.076360
0.450 12.635496
0.460 -0.522548
0.470 0.355802
0.480 -1.056919
0.490 1.929556
0.500 -2.042742
0.510 5.109678
0.520 -14.918185
0.530 0.026781
0.540 -0.571504
0.550 8.414240
0.560 6.420973
0.570 -17.724136
0.580 -4.950437
0.590 11.535166
0.600 -8.872910
0.610 -5.156024
0.620 -10.356414
0.630 5.104449
0.640 -4.473177
0.650 7.112253
0.660 -9.174381
0.670 -2.526788
0.680 1.941346
0.690 -0.260113
0.700 -14.680426
0.710 -7.330930
0.720 -2.016000
0.730 -0.041639
0.740 3.611397
0.750 -6.217889
0.760 -0.830890
0.770 -7.012647
0.780 9.202178
0.790 -9.274995
0.800 9.302615
0.810 -18.455903
0.820 -10.903063
0.830 -1.257355
0.840 -9.268708
0.850 -5.472924
0.860 14.303511
0.870 -0.553754
0.880 -5.497905
0.890 -0.524521
0.900 4.379341
0.910 -6.100202
0.920 -8.923071
0.930 9.272538
0.940 -10.867633
0.950 -15.979498
0.960 -0.227591
0.970 -9.644032
0.980 13.992401
0.990 3.861735
