0.000 -2.027155
0.010 -13.322656
0.020 -4.369622
0.030 -5.005237
0.040 -1.797077
0.050 -17.652756
0.060 10.418144
0.070 -3.044017
0.080 -1.989741
0.090 -7.725566
0.100 -0.496600
0.110 0.397619
0.120 -3.470211
0.130 -10.495729
0.140 -0.668065
0.150 1.647782
0.160 3.408235
0.170 -6.376226
0.180 -4.814245
0.190 -7.304894
0.200 16.957298
0.210 12.174710
0.220 3.545831
0.230 5.869646
0.240 0.960938
0.250 5.608099
0.260 9.380604
0.270 7.104251
0.280 -9.798555
0.290 -2.764116
0.300 7.275206
0.310 1.437805
0.320 -1.611913
0.330 -10.367780
0.340 -4.421498
0.350 -17.426516
0.360 -2.282259
0.370 0.084300
0.380 -4.276053
0.390 5.918803
0.400 -5.398215
0.410 -1.393502
0.420 -9.845042
0.430 9.014285
0.440 4.042636
0.450 -4.996351
0.460 -3.343298
0.470 -7.458222
0.480 -2.939431
0.490 -5.894309
0.500 -1.595648
0.510 2.458411
0.520 -2.468831
0.530 -3.901473
0.540 -1.609565
0.550 -3.514648
0.560 -6.172189
0.570 5.973769
0.580 0.477715
0.590 -2.901355
0.600 -6.903997
0.610 15.885692
0.620 -9.580087
0.630 -12.422431
0.640 7.739017
0.650 2.125249
0.660 0.633511
0.670 -3.709550
0.680 -7.163452
0.690 6.552194
0.700 -2.982420
0.710 -6.973214
0.720 17.237611
0.730 -15.545797
0.740 0.871125
0.750 -2.998895
0.760 -1.661068
0.770 -1.935467
0.780 -0.493131
0.790 -7.344632
0.800 -3.901632
0.810 -6.739908
0.820 -2.008734
0.830 -7.021657
0.840 1.710717
0.850 -6.218966
0.860 -8.474140
0.870 11.137732
0.880 6.700051
0.890 16.603504
0.900 3.805189
0.910 3.472361
0.920 -0.260500
0.930 7.825280
0.940 2.390206
0.950 11.665823
0.960 -8.924789
0.970 -7.695285
0.980 -3.852981
0.990 -11.446761
