0.000 -0.394154
0.010 -0.353504
0.020 2.576092
0.030 0.871621
0.040 -2.273604
0.050 21.599072
0.060 -5.181142
0.070 4.915059
0.080 6.150372
0.090 -18.184494
0.100 -10.598677
0.110 7.772874
0.120 7.088211
0.130 -1.602984
0.140 3.856420
0.150 0.134114
0.160 2.803323
0.170 2.361535
0.180 1.977130
0.190 -8.354981
0.200 6.903917
0.210 4.872017
0.220 -0.410457
0.230 5.764427
0.240 1.469805
0.250 24.860314
0.260 -1.219157
0.270 9.722830
0.280 -17.726866
0.290 6.074633
0.300 -16.466619
0.310 2.527254
0.320 11.800258
0.330 0.420713
0.340 12.471728
0.350 -8.919225
0.360 -6.226163
0.370 -2.127439
0.380 -2.456263
0.390 10.193452
0.400 -1.705362
0.410 -0.978807
0.420 11.969078
0.430 2.974476
0.440 4.210853
0.450 -5.809868
0.460 4.910411
0.470 -3.321379
0.480 2.845968
0.490 -2.159983
0.500 -3.757387
0.510 -0.061123
0.520 -1.988352
0.530 -3.919419
0.540 -5.899099
0.550 3.053437
0.560 2.331715
0.570 -7.093359
0.580 -4.707052
0.590 -3.213015
0.600 8.668893
0.610 3.499118
0.620 -2.460792
0.630 2.314911
0.640 9.516607
0.650 13.651177
0.660 -0.172947
0.670 -5.209002
0.680 12.220421
0.690 4.489148
0.700 5.147585
0.710 10.165939
0.720 -15.085322
0.730 18.252893
0.740 -8.094451
0.750 7.064305
0.760 -9.447619
0.770 2.875663
0.780 -13.110135
0.790 -4.780331
0.800 -3.988030
0.810 9.056997
0.820 1.927444
0.830 17.906411
0.840 0.685280
0.850 12.461039
0.860 -7.028310
0.870 -7.291377
0.880 -2.285468
0.890 -6.389398
0.900 7.177681
0.910 7.010471
0.920 2.090440
0.930 -7.360305
0.940 -4.040887
0.950 10.260348
0.960 -13.785218
0.970 8.374331
0.980 4.833001
0.990 -4.614305
