0.000 -7.006154
0.010 -0.495343
0.020 -0.865812
0.030 -9.455128
0.040 -5.016168
0.050 15.681546
0.060 -0.172567
0.070 -0.990171
0.080 1.449592
0.090 -9.429613
0.100 -5.039345
0.110 9.726041
0.120 -3.508611
0.130 0.439932
0.140 -4.851184
0.150 7.351845
0.160 13.370024
0.170 -3.224394
0.180 8.739486
0.190 4.464924
0.200 4.778280
0.210 2.139609
0.220 -10.652716
0.230 0.565586
0.240 -12.909527
0.250 2.841340
0.260 15.284566
0.270 -2.825926
0.280 -3.257331
0.290 1.480443
0.300 4.545061
0.310 -7.161684
0.320 -8.717597
0.330 -0.139920
0.340 1.146016
0.350 -8.152329
0.360 2.567960
0.370 -0.432767
0.380 12.884730
0.390 -0.973815
0.400 -1.426993
0.410 -4.254249
0.420 -1.641665
0.430 5.894602
0.440 2.650941
0.450 -3.806210
0.460 9.593243
0.470 -10.700208
0.480 -0.282874
0.490 0.650332
0.500 2.745061
0.510 -14.202304
0.520 -6.419376
0.530 1.010923
0.540 -4.052097
0.550 9.752951
0.560 -1.427470
0.570 4.505610
0.580 2.642390
0.590 6.503937
0.600 -5.447218
0.610 4.474462
0.620 -4.382228
0.630 5.685570
0.640 0.223999
0.650 -6.127554
0.660 -6.501417
0.670 -18.102367
0.680 -11.327227
0.690 -1.714999
0.700 3.333846
0.710 -10.162079
0.720 -1.670815
0.730 6.061871
0.740 9.774319
0.750 1.947402
0.760 4.377571
0.770 3.807115
0.780 5.061658
0.790 -6.812029
0.800 6.723028
0.810 -2.739339
0.820 2.845345
0.830 -1.010831
0.840 8.016615
0.850 -2.953882
0.860 1.623277
0.870 17.197494
0.880 -14.546250
0.890 3.329783
0.900 -0.752836
0.910 -0.049084
0.920 -5.551973
0.930 -14.902329
0.940 2.640581
0.950 -8.745444
0.960 -9.577093
0.970 -0.803550
0.980 1.191616
0.990 -2.716131
