0.000 13.718120
0.010 -9.144375
0.020 4.656491
0.030 8.391718
0.040 -10.623051
0.050 1.709660
0.060 5.793061
0.070 -12.126585
0.080 15.057955
0.090 -6.989861
0.100 4.025645
0.110 0.862925
0.120 5.403855
0.130 -5.947518
0.140 -6.751683
0.150 -9.192514
0.160 6.304634
0.170 -0.371204
0.180 -2.059175
0.190 11.850157
0.200 -1.786668
0.210 -2.598703
0.220 -7.242308
0.230 6.304336
0.240 1.737220
0.250 6.430250
0.260 0.618491
0.270 5.380037
0.280 -5.613748
0.290 -9.244935
0.300 3.258882
0.310 16.885148
0.320 -11.916713
0.330 -8.707497
0.340 -2.670435
0.350 -1.802330
0.360 -2.040788
0.370 -2.216152
0.380 5.890757
0.390 3.554234
0.400 -10.677368
0.410 4.082346
0.420 -0.019921
0.430 10.496564
0.440 0.392111
0.450 -12.528192
0.460 8.413528
0.470 -3.295344
0.480 5.334222
0.490 1.580981
0.500 9.496527
0.510 3.023370
0.520 5.039255
0.530 7.986157
0.540 4.414282
0.550 4.307996
0.560 -5.160180
0.570 17.919698
0.580 15.197727
0.590 -6.107189
0.600 7.701254
0.610 0.623130
0.620 -2.272997
0.630 -14.462708
0.640 2.857646
0.650 -8.203631
0.660 -8.762285
0.670 -3.148547
0.680 1.433943
0.690 3.561246
0.700 7.497545
0.710 14.763780
0.720 14.625083
0.730 -1.938809
0.740 7.865855
0.750 14.721530
0.760 -11.195844
0.770 -10.522109
0.780 -1.844408
0.790 -15.659602
0.800 -14.024767
0.810 3.801368
0.820 -1.119489
0.830 1.894573
0.840 11.806926
0.850 -11.720239
0.860 -1.765484
0.870 7.032477
0.880 -6.336498
0.890 -5.946050
0.900 6.166134
0.910 1.176023
0.920 -0.611632
0.930 4.837600
0.940 8.157498
0.950 -0.713550
0.960 20.431678
0.970 -0.198960
0.980 -3.492375
0.990 7.114148
