0.000 -3.582082
0.010 -7.330296
0.020 -16.781234
0.030 -5.397718
0.040 -2.016836
0.050 -3.506895
0.060 6.766798
0.070 -6.367790
0.080 3.237703
0.090 3.848453
0.100 8.715493
0.110 -1.453571
0.120 -8.691977
0.130 2.348039
0.140 18.820852
0.150 13.810887
0.160 -9.550948
0.170 0.826291
0.180 2.525662
0.190 -1.731244
0.200 -3.939695
0.210 -6.754652
0.220 -5.516904
0.230 5.056005
0.240 -7.065284
0.250 -4.437794
0.260 -3.660033
0.270 3.339685
0.280 9.420725
0.290 -0.988970
0.300 -2.314973
0.310 -16.494041
0.320 9.449003
0.330 4.831572
0.340 -6.886085
0.350 16.547711
0.360 -6.381132
0.370 4.829887
0.380 7.356247
0.390 3.770943
0.400 5.849620
0.410 -0.300722
0.420 13.370996
0.430 14.432313
0.440 0.932150
0.450 1.236605
0.460 0.019383
0.470 -5.225753
0.480 -1.827857
0.490 -5.557379
0.500 -5.611316
0.510 -4.143065
0.520 -5.230907
0.530 19.455581
0.540 -0.660363
0.550 -5.239756
0.560 4.079610
0.570 13.823353
0.580 18.048577
0.590 -1.093986
0.600 7.890604
0.610 0.027638
0.620 5.784051
0.630 5.456795
0.640 9.638716
0.650 4.061852
0.660 6.700804
0.670 -8.496325
0.680 7.893420
0.690 -6.800927
0.700 -7.764027
0.710 5.142364
0.720 -4.514683
0.730 -9.829835
0.740 -5.049225
0.750 5.824715
0.760 0.634825
0.770 9.198777
0.780 8.798939
0.790 2.695012
0.800 -7.168094
0.810 -1.862703
0.820 -3.491539
0.830 9.545112
0.840 0.728266
0.850 17.328692
0.860 4.723492
0.870 7.763196
0.880 11.193087
0.890 23.255708
0.900 12.732201
0.910 -0.938187
0.920 -1.938366
0.930 1.183860
0.940 14.285246
0.950 -1.255066
0.960 -5.173562
0.970 -7.355703
0.980 5.107226
0.990 3.412021
