0.000 -5.715136
0.010 -3.298090
0.020 3.214426
0.030 4.321013
0.040 -7.063729
0.050 -5.266557
0.060 0.679854
0.070 7.429596
0.080 -9.753736
0.090 -3.594392
0.100 6.924747
0.110 10.508340
0.120 -5.936435
0.130 0.269095
0.140 1.492209
0.150 10.351923
0.160 8.551939
0.170 -1.282276
0.180 3.081445
0.190 -5.668144
0.200 -23.711224
0.210 -3.590620
0.220 -6.699202
0.230 5.687891
0.240 8.870397
0.250 -6.981099
0.260 1.043059
0.270 -2.383149
0.280 10.447849
0.290 1.550822
0.300 7.127875
0.310 -7.905877
0.320 3.505654
0.330 3.198349
0.340 -2.488713
0.350 3.110881
0.360 -12.238731
0.370 2.516455
0.380 -3.593300
0.390 -17.631105
0.400 9.123788
0.410 -5.376329
0.420 4.853764
0.430 1.897238
0.440 -12.036378
0.450 17.607997
0.460 -1.702745
0.470 -6.941959
0.480 -8.602937
0.490 -12.183162
0.500 -10.594975
0.510 2.006933
0.520 6.975930
0.530 0.008289
0.540 9.279519
0.550 3.430715
0.560 0.240630
0.570 -0.221455
0.580 -1.837961
0.590 -9.206476
0.600 9.824910
0.610 -2.803076
0.620 -5.278846
0.630 -2.338060
0.640 -2.425148
0.650 3.493867
0.660 7.195321
0.670 -7.709522
0.680 1.065081
0.690 2.756580
0.700 8.479269
0.710 -1.238612
0.720 5.626509
0.730 3.565384
0.740 -12.609129
0.750 5.038664
0.760 -1.479206
0.770 -4.717303
0.780 -1.870029
0.790 10.028364
0.800 -1.129914
0.810 3.085911
0.820 0.117116
0.830 1.264409
0.840 0.320827
0.850 1.938678
0.860 -3.246350
0.870 3.024507
0.880 -1.671050
0.890 12.841702
0.900 3.253484
0.910 -3.618657
0.920 -0.276439
0.930 -7.636179
0.940 13.603661
0.950 -3.183580
0.960 4.145766
0.970 -9.684982
0.980 3.739583
0.990 -1.530868
