0.000 8.290998
0.010 -4.466029
0.020 -13.280467
0.030 15.455952
0.040 -11.683636
0.050 -8.533478
0.060 11.699834
0.070 -7.980529
0.080 5.375962
0.090 12.479082
0.100 3.560348
0.110 -0.620745
0.120 -16.519212
0.130 -16.565695
0.140 -3.673114
0.150 -8.840926
0.160 -8.632324
0.170 8.933637
0.180 -2.738220
0.190 6.600309
0.200 1.374732
0.210 3.659782
0.220 -1.531606
0.230 2.279344
0.240 2.697241
0.250 8.009012
0.260 -2.984830
0.270 0.019872
0.280 -3.422048
0.290 13.849016
0.300 -12.837512
0.310 -16.085936
0.320 3.025913
0.330 -9.799242
0.340 -1.081200
0.350 -0.293757
0.360 14.969131
0.370 -0.444847
0.380 -7.194016
0.390 -4.552456
0.400 -6.944520
0.410 -6.469818
0.420 1.974792
0.430 -8.402383
0.440 11.010633
0.450 -6.629816
0.460 1.742026
0.470 -8.983160
0.480 -3.234338
0.490 -1.837401
0.500 1.319371
0.510 -10.398815
0.520 -0.776625
0.530 4.969493
0.540 -4.227755
0.550 2.278842
0.560 8.158979
0.570 0.057819
0.580 11.911085
0.590 -7.078838
0.600 1.199666
0.610 -3.424034
0.620 4.913821
0.630 -2.266274
0.640 1.640179
0.650 -1.509790
0.660 3.585907
0.670 10.647736
0.680 -0.844113
0.690 -6.125170
0.700 16.825734
0.710 -9.843094
0.720 -16.401365
0.730 -1.262069
0.740 11.783172
0.750 -3.967684
0.760 -5.229069
0.770 4.988403
0.780 0.150936
0.790 -2.286264
0.800 3.638133
0.810 11.042010
0.820 5.393675
0.830 1.500611
0.840 11.257843
0.850 -0.825497
0.860 3.572242
0.870 -5.316460
0.880 -7.623044
0.890 0.658503
0.900 13.982853
0.910 1.547982
0.920 -4.022850
0.930 -4.411986
0.940 -5.783455
0.950 -6.825124
0.960 12.245381
0.970 6.278942
0.980 3.703557
0.990 -0.623028
