0.000 -14.655807
0.010 1.762876
0.020 4.212344
0.030 -0.774877
0.040 -0.467907
0.050 -7.758795
0.060 2.384827
0.070 3.099782
0.080 3.422383
0.090 -4.551626
0.100 5.913902
0.110 -5.308201
0.120 -7.532667
0.130 7.597575
0.140 12.317158
0.150 1.268943
0.160 6.361052
0.170 -2.252849
0.180 -1.357839
0.190 -5.860648
0.200 -15.105357
0.210 0.683935
0.220 -3.269876
0.230 3.197854
0.240 0.271993
0.250 -15.186192
0.260 3.382710
0.270 0.386824
0.280 -10.311581
0.290 9.823952
0.300 -1.618641
0.310 4.874231
0.320 -3.686739
0.330 0.719087
0.340 -5.221908
0.350 -6.842222
0.360 -7.144607
0.370 -1.031209
0.380 -15.013295
0.390 0.017514
0.400 5.300339
0.410 2.158941
0.420 -0.857518
0.430 -6.301898
0.440 12.116803
0.450 7.091625
0.460 -3.923561
0.470 -7.122421
0.480 -8.027563
0.490 9.025519
0.500 7.398895
0.510 3.054009
0.520 -1.716685
0.530 -13.952723
0.540 5.614858
0.550 -2.504906
0.560 7.766630
0.570 -5.719598
0.580 6.996566
0.590 -10.154986
0.600 4.643126
0.610 6.974318
0.620 -16.798081
0.630 -5.624446
0.640 10.286727
0.650 8.099011
0.660 4.926935
0.670 -1.939946
0.680 12.373018
0.690 1.615744
0.700 1.172254
0.710 -1.103497
0.720 -2.462315
0.730 2.566929
0.740 1.836116
0.750 5.092842
0.760 20.678333
0.770 -9.444992
0.780 -4.017457
0.790 -2.551034
0.800 3.272421
0.810 -15.099800
0.820 -4.073714
0.830 -7.508417
0.840 -8.291803
0.850 3.405763
0.860 5.145236
0.870 17.369381
0.880 -3.082809
0.890 -9.637649
0.900 -0.898379
0.910 -13.252329
0.920 3.799125
0.930 -4.338751
0.940 -1.655008
0.950 15.845772
0.960 -3.204331
0.970 8.379707
0.980 1.156627
0.990 11.319100
