0.000 1.646408
0.010 -4.494934
0.020 1.668242
0.030 -7.535098
0.040 0.035852
0.050 -2.268553
0.060 2.384016
0.070 -3.177029
0.080 8.653686
0.090 -1.453953
0.100 -10.872161
0.110 -1.432951
0.120 8.192386
0.130 -9.790757
0.140 2.800357
0.150 -6.110566
0.160 -13.012000
0.170 -10.966355
0.180 3.400543
0.190 3.015507
0.200 -3.442556
0.210 -0.762300
0.220 3.391570
0.230 -7.577267
0.240 -4.797425
0.250 -3.620986
0.260 -6.375930
0.270 5.090989
0.280 1.607425
0.290 -6.736879
0.300 -5.227345
0.310 3.834694
0.320 -5.465896
0.330 3.073130
0.340 7.120886
0.350 4.129304
0.360 7.946444
0.370 -16.892542
0.380 -1.695023
0.390 -6.852505
0.400 2.050173
0.410 -6.276849
0.420 5.957760
0.430 9.443120
0.440 9.584967
0.450 0.541057
0.460 -0.428186
0.470 3.620755
0.480 5.620920
0.490 -4.992076
0.500 -10.994217
0.510 9.212506
0.520 1.793066
0.530 -1.306362
0.540 -7.958717
0.550 -5.095917
0.560 -1.906793
0.570 17.112649
0.580 -2.313644
0.590 -3.044758
0.600 -5.271430
0.610 -3.572397
0.620 -4.684159
0.630 6.674230
0.640 3.392965
0.650 -2.915795
0.660 17.094582
0.670 2.792083
0.680 2.934121
0.690 2.093840
0.700 -3.673250
0.710 -6.063825
0.720 -9.907201
0.730 5.811448
0.740 -15.637509
0.750 -3.218308
0.760 -2.023117
0.770 9.808914
0.780 0.440598
0.790 0.180713
0.800 -18.313653
0.810 3.474911
0.820 -3.131043
0.830 -4.444168
0.840 2.419680
0.850 -9.063046
0.860 -2.776598
0.870 -4.042630
0.880 -0.256377
0.890 -2.105791
0.900 -22.518419
0.910 4.947023
0.920 8.619177
0.930 -23.419857
0.940 -0.039383
0.950 -6.919463
0.960 -11.684983
0.970 0.828376
0.980 -15.929902
0.990 0.934013
