0.000 8.712202
0.010 -2.069397
0.020 17.478307
0.030 -6.140649
0.040 0.284713
0.050 -1.698329
0.060 4.919379
0.070 2.276805
0.080 -10.400460
0.090 6.496062
0.100 -8.362998
0.110 -14.185010
0.120 6.293378
0.130 4.729682
0.140 -15.598761
0.150 -0.375562
0.160 6.100385
0.170 -7.277054
0.180 -20.691297
0.190 -4.019006
0.200 12.333904
0.210 9.344574
0.220 11.100055
0.230 -3.506277
0.240 -3.614200
0.250 8.392883
0.260 -8.886696
0.270 8.904481
0.280 -1.342760
0.290 -7.529069
0.300 6.800476
0.310 6.066623
0.320 6.877932
0.330 4.430172
0.340 -7.020689
0.350 1.275032
0.360 -16.466370
0.370 17.913042
0.380 0.109320
0.390 4.971105
0.400 0.510114
0.410 6.615461
0.420 -10.437862
0.430 -3.855243
0.440 -10.373801
0.450 -8.553611
0.460 6.296674
0.470 -7.490352
0.480 -11.350915
0.490 -4.595369
0.500 0.303105
0.510 -13.655799
0.520 1.296987
0.530 3.650735
0.540 6.733769
0.550 5.203535
0.560 -14.263568
0.570 -4.970859
0.580 -3.426248
0.590 7.785012
0.600 -9.195240
0.610 -0.247235
0.620 -9.182275
0.630 5.293722
0.640 -2.427176
0.650 -8.028753
0.660 -6.309346
0.670 -11.540398
0.680 -3.375473
0.690 -4.091120
0.700 12.705048
0.710 -21.898020
0.720 -4.214233
0.730 -4.107161
0.740 5.861459
0.750 6.286312
0.760 -0.686215
0.770 6.247084
0.780 -1.634852
0.790 11.003801
0.800 5.359980
0.810 7.980043
0.820 1.634674
0.830 1.014030
0.840 0.058866
0.850 -4.859770
0.860 -2.666519
0.870 5.415953
0.880 -10.419630
0.890 -6.486793
0.900 11.499361
0.910 -10.529670
0.920 -5.305113
0.930 -8.637692
0.940 2.934137
0.950 -3.674168
0.960 -21.095203
0.970 -9.919990
0.980 -18.354320
0.990 -4.273896
