0.000 -8.288172
0.010 -6.904560
0.020 10.861489
0.030 6.147686
0.040 -14.940790
0.050 -4.273472
0.060 6.009882
0.070 -14.620357
0.080 -1.426733
0.090 -4.224392
0.100 1.589364
0.110 0.020761
0.120 -1.343669
0.130 -0.437902
0.140 2.706788
0.150 5.222820
0.160 3.420187
0.170 -13.494877
0.180 2.174495
0.190 -5.615570
0.200 -2.855522
0.210 -0.266050
0.220 3.504378
0.230 -4.023359
0.240 -1.172060
0.250 -4.310962
0.260 2.561581
0.270 0.964236
0.280 -12.137357
0.290 0.036379
0.300 15.093880
0.310 8.023962
0.320 11.956460
0.330 11.259595
0.340 3.215960
0.350 -2.468116
0.360 -8.656717
0.370 12.493481
0.380 7.531738
0.390 1.612988
0.400 -8.060437
0.410 -10.478583
0.420 7.274332
0.430 -4.377892
0.440 -8.348659
0.450 1.801877
0.460 6.752041
0.470 -21.249560
0.480 -7.340595
0.490 -1.681833
0.500 -9.528033
0.510 -8.583485
0.520 -1.093657
0.530 -4.681826
0.540 7.710026
0.550 -13.238769
0.560 -11.885091
0.570 -9.996331
0.580 -8.564197
0.590 -10.417003
0.600 1.728737
0.610 -14.463819
0.620 12.332749
0.630 10.070126
0.640 -5.957540
0.650 -25.341545
0.660 4.111718
0.670 9.313372
0.680 0.942192
0.690 9.501837
0.700 11.199673
0.710 -8.255847
0.720 7.462589
0.730 0.265495
0.740 7.299862
0.750 14.167857
0.760 9.059400
0.770 -6.362724
0.780 -1.601934
0.790 -4.795678
0.800 -12.052338
0.810 -13.175937
0.820 -0.379083
0.830 -16.413365
0.840 9.578416
0.850 0.379059
0.860 4.840040
0.870 10.057694
0.880 -10.840349
0.890 -3.571240
0.900 -13.447459
0.910 -4.459172
0.920 9.431414
0.930 -3.947724
0.940 -2.782150
0.950 7.299659
0.960 -0.796726
0.970 11.657630
0.980 -6.282908
0.990 3.051560
