0.000 10.166235
0.010 5.905463
0.020 6.272884
0.030 16.452017
0.040 11.037768
0.050 2.938849
0.060 2.670023
0.070 -2.756645
0.080 -2.547519
0.090 -8.122267
0.100 8.995589
0.110 15.443293
0.120 -0.213951
0.130 -4.614027
0.140 18.728348
0.150 14.764868
0.160 0.344794
0.170 13.927644
0.180 -1.370968
0.190 12.970821
0.200 -8.240742
0.210 3.667007
0.220 -1.013724
0.230 0.959606
0.240 3.061233
0.250 20.644404
0.260 -7.251890
0.270 3.149423
0.280 1.295821
0.290 -6.405300
0.300 -6.371660
0.310 0.750688
0.320 -13.381578
0.330 -22.719189
0.340 -6.072268
0.350 -7.419777
0.360 2.939917
0.370 -4.073384
0.380 -8.606395
0.390 -2.772760
0.400 0.799881
0.410 -5.044269
0.420 -4.558095
0.430 -3.573424
0.440 -11.986377
0.450 -14.051594
0.460 -14.995294
0.470 7.000698
0.480 -3.197645
0.490 -7.879541
0.500 -8.905161
0.510 -4.563215
0.520 -0.284024
0.530 -1.383686
0.540 6.566669
0.550 -14.954137
0.560 2.178916
0.570 7.963759
0.580 -12.625456
0.590 1.404422
0.600 0.508384
0.610 -1.527296
0.620 -6.552663
0.630 -9.368179
0.640 -9.828200
0.650 -11.418642
0.660 6.310026
0.670 1.224293
0.680 -3.417368
0.690 -8.076181
0.700 22.820178
0.710 -2.408655
0.720 -2.523938
0.730 -2.560465
0.740 -2.248916
0.750 4.262912
0.760 -5.139762
0.770 3.647399
0.780 -13.878921
0.790 8.002098
0.800 3.691109
0.810 3.143462
0.820 16.264016
0.830 3.472203
0.840 3.440994
0.850 6.766851
0.860 -6.498112
0.870 -3.389812
0.880 5.961974
0.890 2.248892
0.900 -13.717132
0.910 19.227487
0.920 2.840660
0.930 4.349379
0.940 9.519663
0.950 -4.908138
0.960 -10.006695
0.970 5.868089
0.980 -9.323011
0.990 18.465607
