0.000 -6.759016
0.010 -21.145242
0.020 18.274951
0.030 -6.733239
0.040 10.446268
0.050 3.698208
0.060 -14.389231
0.070 -0.307419
0.080 -17.034112
0.090 -1.406099
0.100 1.371000
0.110 -4.264861
0.120 2.549943
0.130 2.659959
0.140 10.119032
0.150 -8.624959
0.160 -7.281722
0.170 5.807189
0.180 -9.092401
0.190 -1.079916
0.200 13.098936
0.210 11.724235
0.220 3.293858
0.230 -12.875196
0.240 -9.721275
0.250 3.570118
0.260 -12.237054
0.270 4.818770
0.280 -4.775409
0.290 6.263745
0.300 11.405528
0.310 -11.821536
0.320 8.682674
0.330 -2.534434
0.340 6.050169
0.350 9.545451
0.360 14.986556
0.370 -3.946878
0.380 7.339676
0.390 13.635943
0.400 -0.143047
0.410 -2.951434
0.420 -2.607137
0.430 2.282905
0.440 -0.884543
0.450 -8.839524
0.460 -5.046232
0.470 -10.459849
0.480 4.096331
0.490 0.631778
0.500 2.831928
0.510 -7.695472
0.520 -1.877841
0.530 1.426154
0.540 -3.889724
0.550 -13.232119
0.560 4.191047
0.570 2.842534
0.580 -4.562404
0.590 3.317680
0.600 -1.083219
0.610 -3.542953
0.620 3.105632
0.630 -20.807453
0.640 14.681228
0.650 4.904239
0.660 -18.373843
0.670 2.976835
0.680 1.527334
0.690 -1.475578
0.700 -4.259403
0.710 -15.744678
0.720 -0.344265
0.730 -1.416109
0.740 -9.496474
0.750 5.091649
0.760 -3.932598
0.770 -5.261075
0.780 1.396996
0.790 -2.606454
0.800 -6.409670
0.810 6.470104
0.820 3.790290
0.830 4.097094
0.840 -4.115557
0.850 2.902028
0.860 3.250928
0.870 2.748107
0.880 -2.163330
0.890 -6.187566
0.900 -4.928030
0.910 -4.148710
0.920 -0.240717
0.930 -2.213897
0.940 2.838714
0.950 -4.151738
0.960 5.481346
0.970 1.987723
0.980 6.564994
0.990 -9.355887
