0.000 -18.781025
0.010 -5.485797
0.020 -3.014797
0.030 14.738918
0.040 -2.593949
0.050 3.940598
0.060 -7.815830
0.070 -3.429007
0.080 -2.937079
0.090 -4.098768
0.100 -1.687016
0.110 2.017979
0.120 -3.678255
0.130 17.780166
0.140 3.548101
0.150 0.013935
0.160 -9.769601
0.170 -0.697545
0.180 -4.598331
0.190 7.204810
0.200 4.908354
0.210 -3.326083
0.220 0.580338
0.230 -6.011550
0.240 2.596079
0.250 -6.582258
0.260 2.736060
0.270 -1.302565
0.280 7.923138
0.290 16.952313
0.300 13.888408
0.310 5.332986
0.320 12.581223
0.330 -2.196103
0.340 -7.850347
0.350 3.319390
0.360 -11.261816
0.370 16.169999
0.380 6.745748
0.390 1.091277
0.400 -6.372426
0.410 15.931653
0.420 -18.414095
0.430 -5.913918
0.440 1.862378
0.450 -8.011734
0.460 -9.474638
0.470 -3.109811
0.480 -2.766370
0.490 -1.194956
0.500 3.954641
0.510 4.514252
0.520 4.910044
0.530 6.955752
0.540 -10.673958
0.550 -4.046056
0.560 -0.523582
0.570 0.811309
0.580 0.721156
0.590 -2.600325
0.600 -8.819494
0.610 1.061254
0.620 0.941996
0.630 -5.388148
0.640 2.584225
0.650 -2.513878
0.660 2.883053
0.670 -6.119970
0.680 11.318942
0.690 -21.533836
0.700 1.214348
0.710 -1.652558
0.720 -3.857991
0.730 -3.375382
0.740 12.633811
0.750 -6.592027
0.760 4.141093
0.770 -12.848533
0.780 4.487480
0.790 11.046719
0.800 14.378516
0.810 -1.387887
0.820 -4.613887
0.830 -5.623215
0.840 -2.460658
0.850 1.312303
0.860 -7.991175
0.870 3.882896
0.880 7.975136
0.890 8.524319
0.900 -2.730444
0.910 23.055292
0.920 15.198858
0.930 -8.574041
0.940 14.999545
0.950 -9.601227
0.960 -1.467266
0.970 1.176651
0.980 -0.891768
0.990 -17.378814
