0.000 -0.304361
0.010 14.158250
0.020 -2.777074
0.030 0.497209
0.040 -8.151707
0.050 -4.902283
0.060 -1.908411
0.070 -3.650019
0.080 1.082181
0.090 -7.990973
0.100 0.759047
0.110 -1.712543
0.120 -8.197879
0.130 -7.500297
0.140 5.096283
0.150 6.021040
0.160 2.596808
0.170 -13.043608
0.180 7.403219
0.190 -2.804554
0.200 -15.163038
0.210 3.167783
0.220 -6.117885
0.230 -8.784628
0.240 9.169614
0.250 0.970694
0.260 11.231713
0.270 -0.099387
0.280 -8.016960
0.290 -7.061598
0.300 8.858308
0.310 -8.324166
0.320 3.661545
0.330 -2.317498
0.340 -8.341031
0.350 -4.428821
0.360 -14.638215
0.370 -1.863461
0.380 -1.030636
0.390 -0.783977
0.400 -1.613808
0.410 -5.628058
0.420 -14.111786
0.430 1.994438
0.440 2.577597
0.450 -5.945012
0.460 -7.287227
0.470 2.218375
0.480 -4.448886
0.490 -7.748794
0.500 3.385997
0.510 7.457684
0.520 3.083877
0.530 -11.390639
0.540 10.152936
0.550 -5.810896
0.560 -6.871230
0.570 -1.798944
0.580 1.607396
0.590 4.046628
0.600 0.461670
0.610 0.258561
0.620 6.254161
0.630 3.707573
0.640 6.326518
0.650 4.370555
0.660 4.968584
0.670 -8.904356
0.680 7.709627
0.690 1.753118
0.700 -0.747555
0.710 4.638442
0.720 -3.973187
0.730 -5.672707
0.740 10.765395
0.750 -3.127223
0.760 -4.509638
0.770 -7.950725
0.780 -6.376418
0.790 -2.919470
0.800 3.274234
0.810 -7.320103
0.820 -6.798342
0.830 -3.605837
0.840 3.212785
0.850 5.769108
0.860 14.233430
0.870 -1.527663
0.880 -7.516744
0.890 -2.626550
0.900 3.035668
0.910 -5.820830
0.920 9.301108
0.930 1.049514
0.940 -0.495891
0.950 -18.992554
0.960 -1.628671
0.970 -9.145902
0.980 3.076948
0.990 -12.647135
