0.000 -5.948725
0.010 -1.786616
0.020 21.756649
0.030 1.365767
0.040 -9.732367
0.050 -8.045398
0.060 -19.071638
0.070 -10.449818
0.080 0.243659
0.090 -0.234089
0.100 2.655302
0.110 -16.842139
0.120 -0.293255
0.130 -14.102732
0.140 -10.962788
0.150 5.756748
0.160 7.524398
0.170 -12.071472
0.180 6.235986
0.190 1.402253
0.200 2.715080
0.210 10.456704
0.220 -16.569282
0.230 13.702573
0.240 1.896412
0.250 5.073467
0.260 -1.890045
0.270 -1.518158
0.280 5.498146
0.290 -0.907852
0.300 8.324068
0.310 -11.131424
0.320 -13.187735
0.330 9.512887
0.340 -6.961888
0.350 -6.589148
0.360 13.886855
0.370 1.627297
0.380 -1.623828
0.390 -6.933394
0.400 6.292644
0.410 9.155766
0.420 -0.445562
0.430 3.352382
0.440 7.133118
0.450 -1.629631
0.460 -2.521018
0.470 -12.569453
0.480 -0.643106
0.490 4.958637
0.500 10.657364
0.510 -12.493202
0.520 -6.768836
0.530 3.554376
0.540 0.108753
0.550 -0.057911
0.560 13.203876
0.570 -13.322438
0.580 0.872525
0.590 0.635774
0.600 -7.455547
0.610 -0.506287
0.620 -0.818190
0.630 -6.939947
0.640 -3.917132
0.650 -12.692113
0.660 11.049975
0.670 10.900870
0.680 2.304793
0.690 6.266736
0.700 -8.784069
0.710 -8.461178
0.720 -3.541562
0.730 -0.378529
0.740 -2.628874
0.750 0.392808
0.760 3.312508
0.770 -7.526323
0.780 -5.871898
0.790 -2.043587
0.800 9.407082
0.810 -6.447406
0.820 -6.318959
0.830 9.761509
0.840 -4.253968
0.850 -6.794080
0.860 -11.309784
0.870 0.499668
0.880 6.621810
0.890 0.031174
0.900 0.336681
0.910 -0.787365
0.920 22.371326
0.930 13.411775
0.940 5.750198
0.950 -4.044531
0.960 -4.662462
0.970 1.986861
0.980 -1.039738
0.990 4.783278
