0.000 0.619301
0.010 -3.948652
0.020 -3.922518
0.030 -8.279351
0.040 -1.104597
0.050 6.475552
0.060 -1.235254
0.070 4.985343
0.080 0.293333
0.090 3.022514
0.100 -8.982794
0.110 -5.527977
0.120 -15.327010
0.130 -4.809989
0.140 -0.649587
0.150 -7.701689
0.160 6.886658
0.170 2.918533
0.180 4.170242
0.190 10.814797
0.200 -7.036469
0.210 -7.050980
0.220 -2.129039
0.230 2.720425
0.240 -7.402172
0.250 -4.517318
0.260 14.331456
0.270 12.045680
0.280 -1.660359
0.290 0.156049
0.300 8.571941
0.310 -9.733857
0.320 -0.554320
0.330 -10.162885
0.340 8.871492
0.350 -1.569306
0.360 -19.321091
0.370 0.757793
0.380 1.838417
0.390 6.300072
0.400 -8.826382
0.410 2.902031
0.420 -4.011042
0.430 6.506442
0.440 15.336321
0.450 -8.769012
0.460 -0.407593
0.470 5.774604
0.480 17.415345
0.490 -5.526602
0.500 -2.171000
0.510 -2.692075
0.520 1.623155
0.530 -2.114055
0.540 -9.746208
0.550 16.260112
0.560 5.645306
0.570 2.327865
0.580 -6.267973
0.590 6.022688
0.600 -4.176000
0.610 -20.273210
0.620 6.275057
0.630 -4.137461
0.640 10.054765
0.650 2.923334
0.660 2.950879
0.670 7.760659
0.680 -3.227548
0.690 5.045573
0.700 3.844016
0.710 -0.212994
0.720 -5.527785
0.730 15.365516
0.740 1.647599
0.750 -4.595861
0.760 -3.850948
0.770 -8.254888
0.780 7.534406
0.790 -16.787002
0.800 8.693674
0.810 -1.174413
0.820 -11.017713
0.830 8.155645
0.840 -8.689469
0.850 -2.037068
0.860 0.437803
0.870 -2.049087
0.880 6.296598
0.890 3.219653
0.900 -7.679910
0.910 -3.798463
0.920 -12.034534
0.930 -1.355423
0.940 -8.761032
0.950 16.865465
0.960 6.877399
0.970 5.665153
0.980 1.516105
0.990 -6.653002
