0.000 1.543184
0.010 10.924283
0.020 -12.639608
0.030 -3.468482
0.040 0.381003
0.050 -3.799153
0.060 15.383618
0.070 9.601317
0.080 3.163154
0.090 -4.263968
0.100 -11.386813
0.110 -6.613841
0.120 -1.006550
0.130 -4.945623
0.140 13.239303
0.150 -1.593626
0.160 -13.948198
0.170 -13.527726
0.180 -8.784321
0.190 3.199782
0.200 -0.842873
0.210 1.534318
0.220 12.025985
0.230 -0.822815
0.240 8.673107
0.250 -9.779371
0.260 10.515782
0.270 -8.810519
0.280 -2.436367
0.290 -2.235320
0.300 -0.159811
0.310 3.370220
0.320 -13.155370
0.330 5.060891
0.340 4.633212
0.350 -7.990473
0.360 -0.336512
0.370 0.797978
0.380 -1.010778
0.390 17.621106
0.400 5.148713
0.410 9.589266
0.420 -5.731445
0.430 -4.248223
0.440 -3.495185
0.450 9.968996
0.460 -3.390951
0.470 4.413034
0.480 -4.881347
0.490 -1.465580
0.500 -9.878104
0.510 -9.218963
0.520 -3.606568
0.530 -2.323377
0.540 -6.500786
0.550 -7.164281
0.560 0.270644
0.570 10.926084
0.580 4.740572
0.590 6.557566
0.600 13.707518
0.610 1.375386
0.620 -13.090785
0.630 8.045579
0.640 6.787855
0.650 -0.505582
0.660 -15.872795
0.670 8.265581
0.680 -14.461392
0.690 -14.098722
0.700 1.290288
0.710 1.652438
0.720 -5.164609
0.730 -1.333004
0.740 -10.196593
0.750 3.557823
0.760 4.443954
0.770 10.603194
0.780 -5.400577
0.790 -3.749191
0.800 10.215056
0.810 2.110100
0.820 11.814148
0.830 -1.900112
0.840 -2.818177
0.850 2.294250
0.860 7.114465
0.870 8.539054
0.880 1.588167
0.890 6.237870
0.900 -7.177825
0.910 -5.140908
0.920 -7.262953
0.930 16.800738
0.940 1.961718
0.950 3.613077
0.960 7.915773
0.970 -11.806132
0.980 -0.056555
0.990 4.237801
