0.000 -15.873542
0.010 -11.336698
0.020 -2.535175
0.030 -3.219429
0.040 4.399723
0.050 -7.258673
0.060 -9.228082
0.070 -0.088412
0.080 4.538130
0.090 -6.870142
0.100 15.797317
0.110 -1.673482
0.120 -3.307232
0.130 -1.815968
0.140 -16.343292
0.150 18.390140
0.160 -4.416227
0.170 -18.292317
0.180 -11.446963
0.190 -3.100576
0.200 -4.719691
0.210 5.599952
0.220 6.862618
0.230 -8.888233
0.240 -10.145520
0.250 6.208118
0.260 15.992368
0.270 -6.398462
0.280 -5.141553
0.290 17.395974
0.300 -5.526595
0.310 2.056057
0.320 4.828634
0.330 13.056861
0.340 -1.758498
0.350 5.278120
0.360 -6.379838
0.370 12.425415
0.380 8.354179
0.390 5.808815
0.400 -4.081301
0.410 4.457619
0.420 -2.566853
0.430 4.458839
0.440 4.042788
0.450 14.210858
0.460 -4.790223
0.470 10.193316
0.480 -14.401199
0.490 0.993388
0.500 4.804750
0.510 9.939156
0.520 14.136358
0.530 -5.699671
0.540 7.406119
0.550 -0.663619
0.560 5.361094
0.570 2.979123
0.580 -1.190743
0.590 -5.280594
0.600 -1.937016
0.610 5.378109
0.620 3.328048
0.630 3.867217
0.640 -9.186673
0.650 -7.383882
0.660 10.206459
0.670 -8.755557
0.680 9.544793
0.690 -2.892147
0.700 1.395339
0.710 19.524222
0.720 7.662484
0.730 -2.591741
0.740 -10.118548
0.750 3.665320
0.760 4.929321
0.770 6.959106
0.780 5.865953
0.790 -7.231917
0.800 7.514306
0.810 -3.981949
0.820 -9.201553
0.830 -0.143468
0.840 13.491066
0.850 5.598496
0.860 -21.062449
0.870 13.115930
0.880 3.734601
0.890 16.817684
0.900 -8.790219
0.910 -4.562784
0.920 -7.340362
0.930 6.618632
0.940 0.574376
0.950 -3.245855
0.960 6.964857
0.970 -7.246393
0.980 4.325397
0.990 -8.144132
