0.000 -17.022439
0.010 -11.269073
0.020 -0.946111
0.030 10.497882
0.040 13.954752
0.050 -12.879417
0.060 -10.999549
0.070 8.062337
0.080 0.755584
0.090 -1.721820
0.100 2.479014
0.110 8.657705
0.120 -14.083196
0.130 -10.152502
0.140 3.896469
0.150 0.610913
0.160 -8.330804
0.170 -8.555198
0.180 -0.901767
0.190 -5.064857
0.200 8.834988
0.210 5.074814
0.220 -4.432274
0.230 0.168357
0.240 -3.226729
0.250 6.120109
0.260 0.392056
0.270 3.742537
0.280 -10.625879
0.290 2.215721
0.300 -0.113727
0.310 -1.906883
0.320 6.137281
0.330 -1.202935
0.340 -0.250866
0.350 10.876949
0.360 -0.811270
0.370 1.635349
0.380 -1.146204
0.390 6.911640
0.400 8.319613
0.410 -9.379690
0.420 6.216344
0.430 9.349266
0.440 9.372584
0.450 2.027344
0.460 1.088609
0.470 0.308066
0.480 -4.012850
0.490 6.293832
0.500 -1.055640
0.510 13.061353
0.520 -6.693668
0.530 2.960162
0.540 -6.484059
0.550 -2.879321
0.560 -10.247072
0.570 0.939647
0.580 15.853280
0.590 2.946698
0.600 6.784260
0.610 6.201601
0.620 -11.980680
0.630 -3.454072
0.640 0.756718
0.650 -11.403170
0.660 -6.360589
0.670 -4.524657
0.680 8.999817
0.690 -7.669333
0.700 4.806877
0.710 -0.647091
0.720 -9.638976
0.730 -11.930477
0.740 4.517975
0.750 0.664928
0.760 4.500377
0.770 3.506211
0.780 9.422037
0.790 4.533140
0.800 5.772423
0.810 0.075860
0.820 1.560696
0.830 -3.511233
0.840 -3.831570
0.850 -13.567960
0.860 -9.836121
0.870 -3.021728
0.880 -4.329527
0.890 -7.853485
0.900 -3.978880
0.910 0.698306
0.920 1.368266
0.930 -11.246516
0.940 -13.920889
0.950 -7.977935
0.960 -3.738869
0.970 -10.308946
0.980 4.149732
0.990 0.720681
