0.000 -4.593938
0.010 -9.858216
0.020 -10.781534
0.030 9.516872
0.040 -4.727677
0.050 6.480326
0.060 -3.191241
0.070 7.239790
0.080 11.810291
0.090 12.858933
0.100 13.925375
0.110 0.761193
0.120 -5.751174
0.130 -11.452913
0.140 6.554766
0.150 -6.970825
0.160 1.735294
0.170 -6.729746
0.180 4.903655
0.190 4.301653
0.200 6.751733
0.210 -0.622697
0.220 6.776821
0.230 0.739904
0.240 -3.992801
0.250 9.000569
0.260 6.292679
0.270 0.583283
0.280 -2.083149
0.290 -7.591193
0.300 4.567673
0.310 -1.349103
0.320 -8.640731
0.330 -3.654772
0.340 1.901008
0.350 -10.335755
0.360 2.331886
0.370 -5.393854
0.380 -6.507062
0.390 0.877912
0.400 -11.810891
0.410 4.213225
0.420 -1.763847
0.430 10.060182
0.440 -17.766576
0.450 2.633096
0.460 6.362300
0.470 -5.201589
0.480 8.466173
0.490 -7.112498
0.500 7.072947
0.510 -0.944285
0.520 10.321836
0.530 26.734226
0.540 0.112430
0.550 -0.361447
0.560 9.912655
0.570 2.051816
0.580 -9.129563
0.590 5.357941
0.600 1.748286
0.610 -0.125413
0.620 3.361985
0.630 6.737456
0.640 5.136731
0.650 -1.057828
0.660 -1.470507
0.670 7.554465
0.680 -8.016523
0.690 7.448628
0.700 1.700503
0.710 -0.546049
0.720 8.121473
0.730 -10.938077
0.740 1.291162
0.750 2.353511
0.760 -0.045908
0.770 -8.284365
0.780 1.787102
0.790 -17.319783
0.800 -9.738824
0.810 -14.977584
0.820 8.976798
0.830 -0.548301
0.840 10.986173
0.850 -7.050836
0.860 0.895546
0.870 -12.258327
0.880 16.419750
0.890 -6.771902
0.900 -5.861733
0.910 0.326044
0.920 -18.901340
0.930 12.236247
0.940 -19.952358
0.950 -3.473753
0.960 5.251940
0.970 -2.619905
0.980 -0.508965
0.990 14.327170
