0.000 -1.906255
0.010 0.593155
0.020 3.755580
0.030 3.766830
0.040 9.356148
0.050 -4.800416
0.060 -9.184019
0.070 -3.535295
0.080 -3.628341
0.090 -11.735585
0.100 4.209186
0.110 0.816495
0.120 6.055463
0.130 -2.076286
0.140 4.489280
0.150 -3.098236
0.160 4.613394
0.170 -3.723855
0.180 4.497109
0.190 -0.364259
0.200 0.919645
0.210 5.977570
0.220 -0.726295
0.230 11.456682
0.240 -1.931712
0.250 12.652735
0.260 6.706558
0.270 -9.513575
0.280 -14.255661
0.290 -17.784854
0.300 14.663287
0.310 3.971880
0.320 0.547984
0.330 -10.616151
0.340 5.368620
0.350 7.081873
0.360 -3.961920
0.370 -1.601458
0.380 -2.564529
0.390 -19.705906
0.400 7.270574
0.410 -9.442678
0.420 -16.518127
0.430 -10.055751
0.440 5.876027
0.450 11.499668
0.460 -2.654488
0.470 5.685911
0.480 4.124739
0.490 0.276696
0.500 6.454702
0.510 8.210495
0.520 1.054908
0.530 -3.126829
0.540 -8.635004
0.550 -2.235636
0.560 -4.295957
0.570 1.561543
0.580 -10.917459
0.590 2.976687
0.600 -10.435064
0.610 -11.814984
0.620 1.622462
0.630 2.615703
0.640 2.479977
0.650 -0.614871
0.660 -5.759244
0.670 -3.400271
0.680 -4.518913
0.690 -6.380891
0.700 -8.243831
0.710 -3.368287
0.720 3.723092
0.730 17.777543
0.740 -4.798557
0.750 -6.203798
0.760 9.233786
0.770 0.333463
0.780 -5.471460
0.790 4.677723
0.800 11.751767
0.810 -9.464550
0.820 0.618590
0.830 8.333567
0.840 6.886182
0.850 -2.768759
0.860 -7.640860
0.870 -9.884018
0.880 -3.007510
0.890 11.343182
0.900 -4.835597
0.910 4.628089
0.920 -11.174996
0.930 8.976923
0.940 -14.456048
0.950 -9.054540
0.960 -8.467161
0.970 9.943573
0.980 -8.188906
0.990 -6.340008
