0.000 5.685680
0.010 -3.449011
0.020 -6.997860
0.030 2.599481
0.040 -9.572178
0.050 17.546662
0.060 9.318804
0.070 -11.040585
0.080 3.769072
0.090 -7.700594
0.100 -6.442065
0.110 4.732115
0.120 2.170668
0.130 9.071795
0.140 -10.506579
0.150 10.118732
0.160 17.844005
0.170 27.359176
0.180 -6.727646
0.190 6.354429
0.200 2.798478
0.210 3.746796
0.220 13.375441
0.230 -20.448120
0.240 -3.346424
0.250 3.430458
0.260 10.709013
0.270 1.585217
0.280 -9.218613
0.290 7.880835
0.300 1.990022
0.310 -1.988493
0.320 8.705873
0.330 -0.308953
0.340 4.649272
0.350 5.401233
0.360 12.271531
0.370 1.015101
0.380 2.314565
0.390 -1.839194
0.400 -7.167485
0.410 4.254838
0.420 11.044611
0.430 -7.103487
0.440 -12.836816
0.450 3.427986
0.460 -6.765040
0.470 -11.869646
0.480 -2.524133
0.490 -6.905155
0.500 2.673322
0.510 -12.867111
0.520 -0.998573
0.530 4.332479
0.540 10.292275
0.550 -4.417678
0.560 3.936869
0.570 6.691625
0.580 8.993112
0.590 8.640144
0.600 -0.065867
0.610 -6.425136
0.620 0.333833
0.630 1.714558
0.640 0.595728
0.650 2.256936
0.660 4.873038
0.670 -9.943961
0.680 -6.927185
0.690 -0.278738
0.700 6.425786
0.710 -5.639589
0.720 -13.735661
0.730 -5.670556
0.740 0.648628
0.750 -14.078945
0.760 8.836287
0.770 -8.653729
0.780 12.578498
0.790 14.746492
0.800 -0.741965
0.810 5.194991
0.820 -2.733204
0.830 4.638101
0.840 -13.673758
0.850 11.082855
0.860 -2.832588
0.870 1.341944
0.880 -10.727365
0.890 8.471023
0.900 -2.705924
0.910 -9.008001
0.920 9.329948
0.930 -1.759233
0.940 -5.160090
0.950 -10.502516
0.960 0.190776
0.970 -18.713742
0.980 9.601972
0.990 -10.521546
