0.000 -0.668591
0.010 -2.596088
0.020 12.712160
0.030 -5.300477
0.040 1.201856
0.050 4.725084
0.060 -9.469094
0.070 -12.074872
0.080 -7.004536
0.090 -9.771680
0.100 1.290897
0.110 4.282211
0.120 -2.416154
0.130 -22.993084
0.140 -7.296261
0.150 6.998772
0.160 -3.066652
0.170 0.911463
0.180 0.041144
0.190 5.315262
0.200 -1.354207
0.210 -4.428196
0.220 0.352501
0.230 -10.582189
0.240 -11.736101
0.250 8.983817
0.260 -4.428110
0.270 10.381584
0.280 -4.547739
0.290 0.475099
0.300 -5.183784
0.310 1.278959
0.320 6.990270
0.330 9.400758
0.340 9.641902
0.350 -7.408439
0.360 -10.666372
0.370 5.144384
0.380 3.344468
0.390 -15.966991
0.400 1.777026
0.410 -7.260515
0.420 0.250524
0.430 -3.712421
0.440 -4.005133
0.450 21.403502
0.460 12.486633
0.470 -1.783196
0.480 -4.902045
0.490 -16.527684
0.500 -3.333997
0.510 -5.373601
0.520 5.876595
0.530 -9.884515
0.540 -0.015111
0.550 -8.032634
0.560 3.796225
0.570 8.313356
0.580 -13.162125
0.590 -2.254952
0.600 -7.847611
0.610 -3.409176
0.620 -2.758000
0.630 -1.212773
0.640 -0.572634
0.650 -3.758931
0.660 -6.893059
0.670 -8.959214
0.680 -2.346687
0.690 8.501278
0.700 -2.363593
0.710 -4.203690
0.720 14.941409
0.730 -7.413059
0.740 -4.374527
0.750 -7.090952
0.760 -6.465418
0.770 -1.869079
0.780 6.884460
0.790 9.721016
0.800 8.219277
0.810 -1.715436
0.820 7.726379
0.830 5.698574
0.840 2.517187
0.850 0.303386
0.860 10.162603
0.870 -7.054156
0.880 1.810284
0.890 -14.107224
0.900 3.738826
0.910 -4.258070
0.920 -3.275814
0.930 6.230760
0.940 0.498941
0.950 18.193592
0.960 -3.590337
0.970 -5.959547
0.980 -9.217369
0.990 5.866049
