0.000 -0.842031
0.010 0.615770
0.020 -0.104926
0.030 9.363608
0.040 1.557839
0.050 -10.602117
0.060 -7.147429
0.070 -6.593997
0.080 4.570524
0.090 1.742567
0.100 4.329110
0.110 -0.788280
0.120 -0.464835
0.130 2.232413
0.140 13.254387
0.150 0.281870
0.160 -5.628832
0.170 7.826017
0.180 -13.429087
0.190 9.090532
0.200 -7.931535
0.210 21.342305
0.220 -4.106885
0.230 -8.485479
0.240 8.559173
0.250 4.862354
0.260 0.050759
0.270 5.594662
0.280 -6.020993
0.290 6.360806
0.300 4.524070
0.310 4.438412
0.320 6.271661
0.330 -12.076820
0.340 14.765037
0.350 -4.873071
0.360 -6.901974
0.370 -21.332306
0.380 21.203188
0.390 6.907604
0.400 2.019666
0.410 3.088553
0.420 -10.279631
0.430 -2.703482
0.440 -6.020352
0.450 3.707044
0.460 -1.036670
0.470 -2.155496
0.480 3.196632
0.490 9.628076
0.500 6.283431
0.510 7.122768
0.520 4.341274
0.530 -5.528356
0.540 -5.886878
0.550 -1.511192
0.560 10.173643
0.570 5.171370
0.580 2.399246
0.590 4.569776
0.600 -14.266243
0.610 -11.839759
0.620 -5.336250
0.630 2.741732
0.640 -6.488042
0.650 11.719248
0.660 -6.555879
0.670 -10.097463
0.680 5.638821
0.690 -3.374458
0.700 8.414491
0.710 2.434101
0.720 6.977343
0.730 -2.286973
0.740 -9.778650
0.750 1.773442
0.760 2.473881
0.770 -5.636358
0.780 -8.002052
0.790 -2.163220
0.800 -13.052968
0.810 -2.942075
0.820 -4.570397
0.830 6.487179
0.840 -4.627004
0.850 2.167552
0.860 0.102909
0.870 0.776105
0.880 -12.561600
0.890 13.147912
0.900 -8.079284
0.910 5.661208
0.920 18.126492
0.930 -8.928793
0.940 8.456444
0.950 -10.530677
0.960 0.103659
0.970 -5.571606
0.980 -11.498255
0.990 -1.186128
