0.000 -3.290890
0.010 13.338291
0.020 3.825874
0.030 3.538270
0.040 -3.405445
0.050 -14.339065
0.060 9.277321
0.070 -8.905766
0.080 17.453519
0.090 10.534900
0.100 8.780364
0.110 -8.970030
0.120 7.780296
0.130 3.964682
0.140 -1.081836
0.150 -1.778454
0.160 3.396005
0.170 -9.360303
0.180 10.397259
0.190 10.716095
0.200 -1.030514
0.210 0.210870
0.220 -4.710270
0.230 -10.583385
0.240 -10.684394
0.250 -9.957014
0.260 2.853837
0.270 1.192880
0.280 11.084363
0.290 -4.142297
0.300 -10.194633
0.310 -13.848871
0.320 15.998839
0.330 -11.209484
0.340 -7.152454
0.350 -21.179596
0.360 1.930327
0.370 5.272398
0.380 0.746422
0.390 -2.635830
0.400 -3.313005
0.410 13.678423
0.420 -0.859734
0.430 7.118419
0.440 -2.182442
0.450 -8.228105
0.460 5.657030
0.470 2.512413
0.480 -7.498329
0.490 18.898179
0.500 4.583701
0.510 -10.547279
0.520 -9.155289
0.530 4.480793
0.540 -0.452140
0.550 -10.262169
0.560 -1.527536
0.570 -13.206796
0.580 -14.703095
0.590 6.496895
0.600 6.107415
0.610 4.857944
0.620 4.296291
0.630 -3.977185
0.640 -13.630850
0.650 9.325951
0.660 11.548558
0.670 -7.014274
0.680 6.630670
0.690 9.653391
0.700 2.684306
0.710 7.983491
0.720 4.189908
0.730 2.379045
0.740 -12.687235
0.750 0.855795
0.760 -13.154419
0.770 -1.041381
0.780 -8.534859
0.790 19.018558
0.800 -2.327988
0.810 -6.151228
0.820 -7.901212
0.830 -1.055683
0.840 3.574848
0.850 -21.022328
0.860 4.748135
0.870 1.173998
0.880 -2.408717
0.890 1.186309
0.900 -13.341120
0.910 4.385481
0.920 -4.691922
0.930 -7.930906
0.940 5.490315
0.950 -1.387424
0.960 -1.215146
0.970 -9.793642
0.980 -0.251412
0.990 12.101166
