0.000 10.620040
0.010 4.871712
0.020 -6.548756
0.030 -9.168949
0.040 9.078295
0.050 0.468079
0.060 8.705133
0.070 -2.687387
0.080 -6.809163
0.090 2.544266
0.100 -8.523508
0.110 -5.462166
0.120 3.193109
0.130 -0.471882
0.140 -3.489458
0.150 -3.472558
0.160 11.339303
0.170 14.041300
0.180 1.596602
0.190 0.869369
0.200 0.423070
0.210 11.243478
0.220 5.756353
0.230 -0.981823
0.240 0.106948
0.250 -8.152485
0.260 -1.520990
0.270 -4.115388
0.280 -7.589974
0.290 22.475891
0.300 5.757379
0.310 -0.554550
0.320 -12.291953
0.330 -10.271558
0.340 7.597720
0.350 9.810824
0.360 -10.858336
0.370 -6.912963
0.380 -7.127108
0.390 -16.803684
0.400 -12.727854
0.410 -3.088908
0.420 -10.070605
0.430 -1.074171
0.440 -6.785881
0.450 15.482423
0.460 -6.772651
0.470 -8.373134
0.480 -7.139280
0.490 -7.012829
0.500 9.746299
0.510 -2.675817
0.520 -7.094140
0.530 1.643754
0.540 6.932938
0.550 7.574411
0.560 -6.305186
0.570 -4.973743
0.580 -23.842046
0.590 0.146558
0.600 0.131287
0.610 0.693449
0.620 7.131535
0.630 5.714786
0.640 3.077411
0.650 2.479381
0.660 6.679859
0.670 4.801178
0.680 6.106485
0.690 -5.287691
0.700 -1.725187
0.710 19.209515
0.720 2.110904
0.730 -12.341195
0.740 -5.343791
0.750 2.156425
0.760 18.880900
0.770 -13.019053
0.780 5.427625
0.790 6.351169
0.800 -1.126004
0.810 -8.053805
0.820 -10.654519
0.830 -4.014253
0.840 5.177880
0.850 -4.622519
0.860 -14.113920
0.870 -6.998045
0.880 -4.436815
0.890 -9.992545
0.900 4.685839
0.910 2.105149
0.920 -3.243597
0.930 3.973658
0.940 7.538293
0.950 8.312022
0.960 16.778218
0.970 -0.903316
0.980 3.545226
0.990 0.125259
