0.000 -6.302614
0.010 -8.930789
0.020 -7.411705
0.030 4.567246
0.040 1.438310
0.050 -9.411141
0.060 14.418365
0.070 -0.863201
0.080 3.524256
0.090 -5.862139
0.100 10.616142
0.110 1.298113
0.120 -4.901194
0.130 5.379045
0.140 -3.833970
0.150 0.446661
0.160 8.084532
0.170 6.843423
0.180 -11.060614
0.190 -6.315819
0.200 -13.679935
0.210 -2.698574
0.220 8.769158
0.230 7.702450
0.240 -1.567574
0.250 6.722355
0.260 -10.265973
0.270 -4.111534
0.280 -0.620892
0.290 6.810808
0.300 -5.543597
0.310 -13.148462
0.320 10.067007
0.330 13.878957
0.340 12.304378
0.350 0.469232
0.360 -6.070247
0.370 7.252666
0.380 2.876961
0.390 6.353554
0.400 2.021298
0.410 6.981062
0.420 10.046178
0.430 4.199929
0.440 9.088706
0.450 -3.684501
0.460 -1.292092
0.470 -7.210076
0.480 4.070284
0.490 4.537342
0.500 -5.351254
0.510 -0.642933
0.520 12.988175
0.530 12.227521
0.540 -0.504842
0.550 6.095948
0.560 12.511720
0.570 -3.774013
0.580 -4.185597
0.590 2.630876
0.600 2.769472
0.610 -0.734786
0.620 1.696292
0.630 -21.912233
0.640 3.136511
0.650 9.328282
0.660 3.199973
0.670 -14.227277
0.680 -0.866003
0.690 -1.273967
0.700 -0.991484
0.710 -2.793542
0.720 1.131888
0.730 3.724065
0.740 -0.134784
0.750 -1.784700
0.760 -7.022710
0.770 8.707917
0.780 5.325057
0.790 -18.982592
0.800 7.927534
0.810 -2.921490
0.820 0.239318
0.830 -7.334336
0.840 16.687544
0.850 0.427029
0.860 5.164886
0.870 3.470976
0.880 1.178165
0.890 -7.198942
0.900 6.230112
0.910 -2.801933
0.920 9.587072
0.930 -1.156777
0.940 3.669048
0.950 -11.405168
0.960 4.697204
0.970 0.138100
0.980 -2.074396
0.990 3.743895
