0.000 2.828945
0.010 -17.046717
0.020 -6.623440
0.030 -3.530328
0.040 -0.762377
0.050 -7.257903
0.060 -12.731955
0.070 5.165289
0.080 -3.424901
0.090 2.254301
0.100 8.973879
0.110 6.813417
0.120 6.234799
0.130 2.201630
0.140 -3.842825
0.150 -19.212942
0.160 -8.663400
0.170 -16.184152
0.180 9.432337
0.190 10.844597
0.200 -2.555518
0.210 1.568472
0.220 -0.375667
0.230 -12.269038
0.240 -4.716944
0.250 15.964463
0.260 1.637504
0.270 -1.978870
0.280 5.146553
0.290 -8.607824
0.300 9.893201
0.310 -4.746264
0.320 0.564937
0.330 -1.106691
0.340 -11.785780
0.350 -5.037475
0.360 -8.463405
0.370 23.766968
0.380 3.247405
0.390 10.687747
0.400 5.740152
0.410 7.407712
0.420 -6.267978
0.430 -5.888347
0.440 3.524894
0.450 0.919235
0.460 -3.727940
0.470 -8.295290
0.480 -1.747745
0.490 -1.897659
0.500 -17.332809
0.510 -2.230670
0.520 -13.130979
0.530 -4.564673
0.540 5.065575
0.550 -2.418267
0.560 -11.895619
0.570 6.722221
0.580 -0.801238
0.590 9.055246
0.600 -6.424064
0.610 6.732816
0.620 1.555712
0.630 0.239759
0.640 2.213368
0.650 -5.506558
0.660 -6.297257
0.670 3.769405
0.680 4.571018
0.690 -5.603536
0.700 -3.997198
0.710 3.110464
0.720 0.420103
0.730 4.169330
0.740 -6.335495
0.750 7.611137
0.760 -1.185954
0.770 4.534466
0.780 -3.761740
0.790 -3.438271
0.800 0.015784
0.810 4.771638
0.820 -11.598442
0.830 9.182882
0.840 -11.264338
0.850 0.306651
0.860 1.064742
0.870 -12.130580
0.880 -10.443430
0.890 -6.785476
0.900 -4.730082
0.910 -5.272362
0.920 10.783198
0.930 -5.469285
0.940 5.716495
0.950 4.249775
0.960 -1.819156
0.970 -2.095204
0.980 -0.197924
0.990 12.588602
