0.000 18.791295
0.010 0.759256
0.020 -16.705110
0.030 1.136707
0.040 -8.169076
0.050 -5.999388
0.060 10.418968
0.070 7.323879
0.080 -0.350534
0.090 4.614166
0.100 -5.488846
0.110 -9.587838
0.120 7.586172
0.130 -4.734018
0.140 -1.152825
0.150 13.121581
0.160 -8.465923
0.170 12.221908
0.180 -6.933830
0.190 3.290786
0.200 -9.236311
0.210 -2.102381
0.220 6.410972
0.230 3.925923
0.240 5.641324
0.250 12.693002
0.260 -0.216397
0.270 -9.530957
0.280 -3.325773
0.290 10.367062
0.300 -0.335941
0.310 16.457234
0.320 10.575828
0.330 3.366150
0.340 -6.555817
0.350 10.482760
0.360 -10.927560
0.370 -0.709885
0.380 -2.227814
0.390 2.937683
0.400 -9.803197
0.410 6.309350
0.420 12.601273
0.430 4.373539
0.440 -3.057841
0.450 -5.745011
0.460 3.813588
0.470 0.917983
0.480 2.974275
0.490 5.128119
0.500 4.361489
0.510 -1.614447
0.520 -11.277308
0.530 1.417255
0.540 3.077136
0.550 -3.767169
0.560 7.716646
0.570 7.769950
0.580 -9.253532
0.590 -1.381435
0.600 -0.352420
0.610 -19.725582
0.620 -23.246204
0.630 -1.609752
0.640 -8.175916
0.650 -11.176781
0.660 -3.930168
0.670 1.357654
0.680 -8.577843
0.690 11.551840
0.700 7.153346
0.710 -6.514062
0.720 0.989714
0.730 16.030221
0.740 -23.350611
0.750 6.831216
0.760 -5.806675
0.770 -7.963908
0.780 11.119817
0.790 -3.650188
0.800 4.410908
0.810 1.764906
0.820 -11.096711
0.830 -2.875019
0.840 8.355978
0.850 5.602981
0.860 12.381588
0.870 12.402697
0.880 -11.794621
0.890 -7.849148
0.900 9.558333
0.910 0.836975
0.920 -11.859523
0.930 -5.322187
0.940 1.621961
0.950 7.434657
0.960 -17.243829
0.970 1.108205
0.980 2.081341
0.990 0.653809
