0.000 8.021967
0.010 -10.275857
0.020 -10.472754
0.030 -5.400234
0.040 3.510744
0.050 3.291051
0.060 7.481685
0.070 16.523690
0.080 6.060023
0.090 14.102989
0.100 6.342442
0.110 3.237953
0.120 2.584173
0.130 -2.684225
0.140 10.584740
0.150 -6.246996
0.160 -6.364375
0.170 -2.992386
0.180 -7.332281
0.190 4.026798
0.200 -4.194513
0.210 -4.217726
0.220 0.948729
0.230 6.629473
0.240 -3.630607
0.250 -8.728865
0.260 -5.105052
0.270 -5.135338
0.280 -5.692410
0.290 14.194215
0.300 -20.289661
0.310 1.439814
0.320 18.475567
0.330 -20.745420
0.340 3.245768
0.350 0.558414
0.360 9.321158
0.370 -8.805101
0.380 8.648721
0.390 2.105621
0.400 -4.415250
0.410 12.465999
0.420 -1.477123
0.430 -6.736547
0.440 1.177688
0.450 -2.660926
0.460 -10.904724
0.470 4.713016
0.480 8.438212
0.490 0.522119
0.500 -0.920538
0.510 24.506610
0.520 7.716025
0.530 -1.987207
0.540 -0.238988
0.550 5.985786
0.560 -0.061342
0.570 1.264687
0.580 10.377721
0.590 0.240693
0.600 -2.083728
0.610 7.924171
0.620 2.805993
0.630 -8.408579
0.640 -2.092249
0.650 -2.556970
0.660 5.700253
0.670 1.459185
0.680 -7.631584
0.690 -3.944464
0.700 -11.503329
0.710 5.487236
0.720 5.588548
0.730 1.539317
0.740 -7.114927
0.750 6.962068
0.760 3.704100
0.770 7.639595
0.780 -5.884123
0.790 4.844760
0.800 19.273862
0.810 -5.033391
0.820 5.048548
0.830 -2.153096
0.840 1.249155
0.850 10.004351
0.860 -10.361274
0.870 -19.145973
0.880 7.019448
0.890 4.619821
0.900 -0.805363
0.910 3.869991
0.920 -10.517936
0.930 -3.117950
0.940 1.963532
0.950 3.855895
0.960 -6.216721
0.970 6.901933
0.980 3.716830
0.990 1.470395
