0.000 3.333647
0.010 -4.099704
0.020 -9.221895
0.030 6.373407
0.040 3.171899
0.050 9.730495
0.060 0.123492
0.070 4.149999
0.080 -18.055562
0.090 1.207890
0.100 3.808410
0.110 -2.826665
0.120 -9.697207
0.130 -4.905237
0.140 -3.459661
0.150 2.840196
0.160 5.661645
0.170 2.725900
0.180 -7.976528
0.190 -6.648049
0.200 0.005905
0.210 -3.615422
0.220 -1.137685
0.230 -3.199005
0.240 0.725530
0.250 -3.830765
0.260 8.630461
0.270 -14.221988
0.280 4.499790
0.290 -5.236691
0.300 -2.181677
0.310 -3.221868
0.320 2.950617
0.330 3.523093
0.340 -0.645717
0.350 -1.463925
0.360 -0.142771
0.370 8.689823
0.380 -1.625446
0.390 7.270557
0.400 13.147812
0.410 -3.786085
0.420 -2.756981
0.430 0.487398
0.440 1.983921
0.450 13.959399
0.460 -5.286601
0.470 -0.436468
0.480 9.872618
0.490 -11.184737
0.500 5.032372
0.510 4.385435
0.520 14.686614
0.530 3.880732
0.540 2.892529
0.550 5.719685
0.560 14.778936
0.570 14.087981
0.580 -0.551340
0.590 -2.472340
0.600 -4.912837
0.610 7.975167
0.620 8.299692
0.630 15.263077
0.640 10.701825
0.650 -1.550288
0.660 -8.226763
0.670 6.167174
0.680 9.790807
0.690 -13.374557
0.700 -9.656254
0.710 -2.682449
0.720 -7.869213
0.730 -6.632545
0.740 1.740723
0.750 2.494515
0.760 -3.208520
0.770 3.340352
0.780 -6.882230
0.790 -5.301926
0.800 -13.657079
0.810 -9.427293
0.820 6.610992
0.830 -5.002810
0.840 -2.241429
0.850 3.860032
0.860 4.488092
0.870 12.286762
0.880 24.941942
0.890 -4.456716
0.900 5.361988
0.910 -5.757536
0.920 3.962211
0.930 6.829658
0.940 -18.117640
0.950 -0.478739
0.960 5.139771
0.970 10.373678
0.980 -3.396173
0.990 -5.573058
