0.000 0.919300
0.010 3.539745
0.020 6.764927
0.030 12.488461
0.040 -3.034566
0.050 -6.864870
0.060 1.712420
0.070 -2.356973
0.080 15.007074
0.090 3.004115
0.100 -3.616089
0.110 -1.367504
0.120 -12.558631
0.130 -5.103196
0.140 7.372712
0.150 -5.641772
0.160 -11.498211
0.170 8.489997
0.180 -10.761904
0.190 10.056591
0.200 0.373692
0.210 8.487851
0.220 4.751550
0.230 -0.365137
0.240 -7.113201
0.250 9.917578
0.260 10.502309
0.270 -6.758494
0.280 -7.277377
0.290 -3.183843
0.300 -1.646179
0.310 5.380445
0.320 13.976088
0.330 4.748118
0.340 -8.312193
0.350 3.467908
0.360 -19.178438
0.370 -0.867907
0.380 3.921147
0.390 2.942946
0.400 11.032583
0.410 10.166005
0.420 6.674502
0.430 0.475398
0.440 2.093331
0.450 -15.690372
0.460 4.282342
0.470 -6.460005
0.480 1.056735
0.490 -2.471727
0.500 -6.338435
0.510 -3.987853
0.520 -6.654267
0.530 -4.132774
0.540 -14.171371
0.550 -10.523992
0.560 -8.871867
0.570 -3.305419
0.580 -2.445610
0.590 -1.749173
0.600 13.026107
0.610 -1.075376
0.620 -5.003834
0.630 -8.447160
0.640 16.334472
0.650 6.069509
0.660 -5.876542
0.670 -24.191183
0.680 3.635591
0.690 8.312974
0.700 -6.297483
0.710 8.094654
0.720 -17.690653
0.730 13.346584
0.740 -5.048217
0.750 -11.334059
0.760 -5.955526
0.770 4.715986
0.780 -1.826448
0.790 9.642573
0.800 -1.120823
0.810 -7.475950
0.820 -1.103314
0.830 -2.483533
0.840 -15.728426
0.850 -9.245908
0.860 -8.509300
0.870 -4.384431
0.880 -13.945459
0.890 -14.075399
0.900 -2.342410
0.910 1.964060
0.920 2.664836
0.930 6.036646
0.940 -4.138029
0.950 2.918828
0.960 9.195517
0.970 3.831778
0.980 -1.138574
0.990 11.380272
