0.000 9.689290
0.010 11.630039
0.020 -4.761096
0.030 2.451523
0.040 0.727669
0.050 12.414800
0.060 -3.740503
0.070 -1.701237
0.080 2.525231
0.090 -5.708439
0.100 -12.552804
0.110 7.445726
0.120 7.082717
0.130 -11.845701
0.140 2.165329
0.150 -2.485194
0.160 -4.686913
0.170 3.245575
0.180 3.809473
0.190 7.245047
0.200 3.636681
0.210 2.411844
0.220 -2.284667
0.230 -10.374697
0.240 9.921398
0.250 0.732678
0.260 0.947401
0.270 -8.098855
0.280 2.459966
0.290 -10.933910
0.300 3.940223
0.310 4.896188
0.320 2.575413
0.330 5.101667
0.340 3.154994
0.350 -3.674820
0.360 9.230740
0.370 0.937105
0.380 7.009086
0.390 1.723592
0.400 -0.546409
0.410 -1.064760
0.420 -16.185585
0.430 1.012103
0.440 6.740648
0.450 0.068794
0.460 1.151001
0.470 0.934916
0.480 7.637111
0.490 2.456618
0.500 3.843792
0.510 1.626590
0.520 10.323531
0.530 6.783688
0.540 -5.318177
0.550 10.808131
0.560 7.060275
0.570 -4.447914
0.580 -6.582107
0.590 4.740478
0.600 7.612412
0.610 -7.008584
0.620 -1.934397
0.630 3.983507
0.640 3.945148
0.650 -6.968854
0.660 18.169218
0.670 -9.245668
0.680 -1.421837
0.690 8.096664
0.700 2.256328
0.710 -8.467867
0.720 12.244729
0.730 -4.036960
0.740 5.463123
0.750 3.259827
0.760 -13.020566
0.770 -14.220220
0.780 -12.641741
0.790 -11.404048
0.800 6.139780
0.810 -7.649105
0.820 -15.561660
0.830 -11.128797
0.840 10.524434
0.850 -2.523894
0.860 1.474413
0.870 -8.396227
0.880 -7.383116
0.890 9.363697
0.900 5.802644
0.910 -9.149700
0.920 8.099381
0.930 -13.270172
0.940 -0.320412
0.950 -11.913322
0.960 6.448090
0.970 -1.438087
0.980 -13.566893
0.990 0.268150
