0.000 9.751293
0.010 -18.541823
0.020 -17.814224
0.030 9.468927
0.040 10.054283
0.050 -7.633062
0.060 -12.833472
0.070 3.411567
0.080 -4.846166
0.090 4.321284
0.100 7.984824
0.110 -9.968449
0.120 -3.541473
0.130 0.893789
0.140 -7.269768
0.150 -14.685326
0.160 11.644412
0.170 4.712056
0.180 -14.688007
0.190 1.787997
0.200 -2.275033
0.210 -9.395859
0.220 2.501027
0.230 -7.663681
0.240 7.632032
0.250 -8.702134
0.260 2.131170
0.270 25.964217
0.280 -6.961489
0.290 -8.116795
0.300 4.871203
0.310 1.361082
0.320 -9.000194
0.330 -0.173259
0.340 -6.992338
0.350 1.421028
0.360 8.403355
0.370 -0.936813
0.380 7.831588
0.390 13.383869
0.400 -3.873042
0.410 3.352022
0.420 0.114890
0.430 -3.561634
0.440 -0.968971
0.450 14.334157
0.460 -6.470605
0.470 -2.124149
0.480 -1.708983
0.490 10.310637
0.500 2.915973
0.510 4.997588
0.520 10.473548
0.530 2.567256
0.540 8.433162
0.550 -2.137601
0.560 -7.779391
0.570 -11.554848
0.580 8.083149
0.590 -4.358681
0.600 -2.174324
0.610 3.371247
0.620 9.177415
0.630 13.534438
0.640 5.985640
0.650 -3.754428
0.660 1.903828
0.670 -10.333357
0.680 -1.912879
0.690 1.058204
0.700 -12.721801
0.710 -6.068985
0.720 0.160743
0.730 8.381748
0.740 3.992458
0.750 3.188328
0.760 8.975854
0.770 9.764619
0.780 12.443969
0.790 -5.203141
0.800 -1.491414
0.810 -6.614982
0.820 -11.201345
0.830 6.310687
0.840 -6.927512
0.850 5.871380
0.860 7.353197
0.870 2.297353
0.880 -0.190395
0.890 -3.873717
0.900 3.249400
0.910 0.366231
0.920 -1.140866
0.930 11.151311
0.940 -7.177885
0.950 -2.815398
0.960 7.050919
0.970 -0.229784
0.980 7.478465
0.990 5.739665
