0.000 2.457440
0.010 -6.565312
0.020 0.698100
0.030 -5.183112
0.040 3.860005
0.050 -1.922943
0.060 15.844091
0.070 8.782169
0.080 -9.909740
0.090 -0.987094
0.100 -9.883269
0.110 8.599130
0.120 -0.821408
0.130 0.229623
0.140 -9.255245
0.150 -0.054588
0.160 12.420455
0.170 2.879973
0.180 9.480038
0.190 -15.885827
0.200 4.726222
0.210 -5.871412
0.220 -12.517941
0.230 3.315361
0.240 0.443311
0.250 6.940589
0.260 4.173586
0.270 -0.971168
0.280 -4.898048
0.290 1.655291
0.300 5.659737
0.310 4.920508
0.320 -9.238913
0.330 -5.032005
0.340 -3.375733
0.350 13.753311
0.360 -10.473700
0.370 -6.752521
0.380 3.532586
0.390 -9.748145
0.400 0.079940
0.410 1.654141
0.420 -8.795272
0.430 -5.384267
0.440 1.638150
0.450 4.698111
0.460 4.910755
0.470 -1.412015
0.480 1.572927
0.490 -11.757007
0.500 3.397568
0.510 0.062713
0.520 2.133494
0.530 5.351443
0.540 5.290735
0.550 2.226437
0.560 -11.073876
0.570 3.809844
0.580 -10.629177
0.590 27.799422
0.600 -13.563378
0.610 -16.401677
0.620 -0.296028
0.630 -3.539436
0.640 3.542763
0.650 -4.414451
0.660 -1.390425
0.670 4.030826
0.680 3.107432
0.690 -9.872100
0.700 1.149855
0.710 8.295229
0.720 0.081147
0.730 1.617166
0.740 -4.614911
0.750 -13.103857
0.760 0.894777
0.770 3.935451
0.780 3.896263
0.790 10.274368
0.800 3.583714
0.810 1.624618
0.820 11.819923
0.830 -1.525138
0.840 5.631656
0.850 -11.889120
0.860 12.073198
0.870 5.478706
0.880 2.857730
0.890 11.347847
0.900 23.832990
0.910 -2.999202
0.920 8.973704
0.930 15.445903
0.940 -1.716992
0.950 5.853242
0.960 3.544256
0.970 -9.571815
0.980 12.992527
0.990 1.820705
