0.000 -4.453758
0.010 3.450614
0.020 -5.467920
0.030 -2.611858
0.040 8.032154
0.050 6.232528
0.060 6.355494
0.070 8.103593
0.080 1.826966
0.090 -12.941219
0.100 1.309068
0.110 -7.404335
0.120 -5.886139
0.130 2.998216
0.140 1.461868
0.150 -0.074564
0.160 -0.643799
0.170 -6.922626
0.180 -5.307153
0.190 -10.099625
0.200 7.415549
0.210 16.816715
0.220 6.732122
0.230 -6.926385
0.240 -2.725686
0.250 5.175788
0.260 -7.620251
0.270 -5.867144
0.280 -17.302725
0.290 0.085132
0.300 7.342954
0.310 3.659043
0.320 0.285183
0.330 -2.457617
0.340 -4.404370
0.350 3.807818
0.360 -18.205820
0.370 4.717153
0.380 -10.612864
0.390 -1.779358
0.400 -3.340092
0.410 -9.038622
0.420 12.468186
0.430 0.918227
0.440 -15.894989
0.450 -2.477225
0.460 -9.189872
0.470 16.116182
0.480 11.020923
0.490 -3.050452
0.500 -2.978370
0.510 -6.704151
0.520 -3.397087
0.530 -1.015913
0.540 4.799530
0.550 -4.361947
0.560 -3.521904
0.570 19.050378
0.580 17.146885
0.590 -3.138227
0.600 -8.637935
0.610 -2.716647
0.620 -3.735918
0.630 -16.183256
0.640 -7.160407
0.650 -14.077054
0.660 -1.301851
0.670 11.563838
0.680 -7.178768
0.690 3.299190
0.700 5.067414
0.710 -8.628729
0.720 -2.652081
0.730 7.578122
0.740 0.970313
0.750 -6.533582
0.760 5.638919
0.770 0.934189
0.780 -7.776694
0.790 -4.584978
0.800 -3.442910
0.810 -2.599737
0.820 -2.862737
0.830 0.928269
0.840 10.111100
0.850 1.560661
0.860 -13.680358
0.870 -4.498596
0.880 -2.583908
0.890 -1.528384
0.900 4.055870
0.910 1.817794
0.920 4.413284
0.930 -6.611120
0.940 0.403046
0.950 5.928870
0.960 -11.484390
0.970 3.621502
0.980 5.858586
0.990 6.382910
