0.000 -10.382226
0.010 12.151328
0.020 4.388096
0.030 -18.588107
0.040 4.256648
0.050 -3.427027
0.060 14.679255
0.070 3.861686
0.080 0.505876
0.090 27.753232
0.100 -5.130633
0.110 1.000976
0.120 0.642511
0.130 -4.643001
0.140 9.220105
0.150 6.194267
0.160 6.478009
0.170 20.642960
0.180 4.067529
0.190 1.530934
0.200 5.963304
0.210 8.034939
0.220 5.752767
0.230 2.969635
0.240 -8.205255
0.250 0.072583
0.260 5.260187
0.270 1.747534
0.280 -5.372793
0.290 -10.688528
0.300 -0.273865
0.310 0.972876
0.320 -8.692779
0.330 -10.991651
0.340 2.738362
0.350 -3.810820
0.360 7.058824
0.370 -6.331967
0.380 -3.649505
0.390 2.623356
0.400 4.517606
0.410 7.545608
0.420 -2.725434
0.430 -11.013293
0.440 7.195076
0.450 5.906862
0.460 2.153892
0.470 -5.234427
0.480 0.316273
0.490 -3.846794
0.500 -6.601264
0.510 5.319604
0.520 -2.571400
0.530 10.101989
0.540 -18.016621
0.550 10.524306
0.560 2.107718
0.570 4.229862
0.580 -2.955731
0.590 -5.617044
0.600 7.284406
0.610 -2.317310
0.620 -14.782399
0.630 4.869196
0.640 -7.527714
0.650 18.520672
0.660 4.977069
0.670 5.194102
0.680 7.707612
0.690 9.244696
0.700 -6.368900
0.710 11.494423
0.720 -4.326840
0.730 -5.946853
0.740 8.220691
0.750 5.568631
0.760 5.157813
0.770 -2.977886
0.780 9.450060
0.790 -8.941382
0.800 -1.284754
0.810 10.328652
0.820 6.677469
0.830 -7.868188
0.840 -2.523380
0.850 11.503013
0.860 -8.593300
0.870 -15.073249
0.880 10.961463
0.890 -8.532590
0.900 -16.775856
0.910 10.236640
0.920 -1.201139
0.930 11.960694
0.940 -11.917067
0.950 1.429130
0.960 -2.217826
0.970 -5.331291
0.980 -7.458725
0.990 3.423329
