0.000 4.262265
0.010 -10.231744
0.020 10.810443
0.030 3.030379
0.040 11.068259
0.050 -6.600734
0.060 4.059675
0.070 -2.926978
0.080 3.356025
0.090 0.118389
0.100 -8.257393
0.110 4.311303
0.120 -8.534172
0.130 7.298407
0.140 6.785157
0.150 4.894833
0.160 1.644397
0.170 -4.842832
0.180 -8.851849
0.190 0.371394
0.200 2.520296
0.210 -4.173958
0.220 3.000031
0.230 5.570433
0.240 8.475657
0.250 7.359046
0.260 -1.121310
0.270 -16.295997
0.280 5.437962
0.290 -10.614949
0.300 4.863286
0.310 5.718739
0.320 -24.580174
0.330 5.192152
0.340 19.585697
0.350 -5.010601
0.360 4.974460
0.370 -14.270434
0.380 1.898146
0.390 8.047231
0.400 -6.280307
0.410 3.344311
0.420 -4.035137
0.430 13.905204
0.440 -0.992885
0.450 -5.743988
0.460 10.734377
0.470 1.521470
0.480 3.100050
0.490 -1.997991
0.500 -11.094640
0.510 16.215334
0.520 4.057546
0.530 -11.327043
0.540 9.192355
0.550 -13.458251
0.560 -8.230228
0.570 -16.098385
0.580 16.939185
0.590 -3.364667
0.600 9.178510
0.610 -3.264512
0.620 -7.438653
0.630 8.939721
0.640 -6.935297
0.650 8.502428
0.660 -5.108670
0.670 -3.380614
0.680 -4.756803
0.690 5.976873
0.700 -3.760505
0.710 -6.775040
0.720 -17.257538
0.730 -4.970912
0.740 0.834378
0.750 -9.753477
0.760 -5.611248
0.770 -5.443056
0.780 -5.828776
0.790 2.985245
0.800 3.377439
0.810 12.014301
0.820 1.886574
0.830 -9.994891
0.840 26.731701
0.850 7.057531
0.860 8.557896
0.870 -1.448591
0.880 6.813523
0.890 1.384955
0.900 -5.389077
0.910 -15.938476
0.920 4.417238
0.930 -7.495476
0.940 -5.812532
0.950 7.283617
0.960 -12.208951
0.970 -3.625513
0.980 -1.628899
0.990 -3.515967
