0.000 4.048907
0.010 -0.007930
0.020 8.045504
0.030 -1.635578
0.040 6.626386
0.050 10.476562
0.060 3.816917
0.070 3.318582
0.080 -10.953520
0.090 -12.016867
0.100 19.172498
0.110 2.870432
0.120 -3.617962
0.130 -10.774663
0.140 2.514809
0.150 -3.077458
0.160 -5.116759
0.170 -6.733344
0.180 -8.840031
0.190 -2.621969
0.200 -1.600990
0.210 7.683462
0.220 4.232797
0.230 -4.639358
0.240 -4.870601
0.250 -0.319648
0.260 -4.614666
0.270 -14.825507
0.280 -6.531108
0.290 -3.015639
0.300 -2.527660
0.310 1.726052
0.320 2.845068
0.330 -4.852460
0.340 5.448685
0.350 4.103277
0.360 0.607450
0.370 4.410969
0.380 -2.687159
0.390 10.325856
0.400 -9.391268
0.410 -13.130169
0.420 -13.054672
0.430 5.747661
0.440 -0.889269
0.450 11.331099
0.460 -6.132463
0.470 -5.488044
0.480 3.845277
0.490 4.046480
0.500 6.878288
0.510 -0.450850
0.520 -0.415817
0.530 1.616966
0.540 -0.549614
0.550 -1.521365
0.560 3.907087
0.570 2.481347
0.580 -7.686518
0.590 1.079991
0.600 -5.434681
0.610 7.996234
0.620 6.020729
0.630 5.714434
0.640 2.469338
0.650 -1.213945
0.660 -2.309879
0.670 6.017613
0.680 -7.635572
0.690 4.971735
0.700 1.045002
0.710 -1.604938
0.720 -1.737873
0.730 2.327619
0.740 1.501978
0.750 6.649139
0.760 4.935000
0.770 -11.487996
0.780 15.979326
0.790 5.525525
0.800 2.002951
0.810 3.922669
0.820 -4.833519
0.830 2.948358
0.840 4.633861
0.850 17.009464
0.860 -6.926726
0.870 6.651658
0.880 -8.423118
0.890 7.648077
0.900 -9.313570
0.910 -12.646139
0.920 -9.513066
0.930 -7.814973
0.940 1.186142
0.950 2.441582
0.960 9.201017
0.970 -12.794892
0.980 6.081818
0.990 14.883938
