0.000 -11.039419
0.010 -6.318769
0.020 -11.189418
0.030 10.307184
0.040 1.220692
0.050 2.534260
0.060 6.526149
0.070 2.009072
0.080 1.419631
0.090 13.209799
0.100 -8.349078
0.110 0.901862
0.120 -12.471042
0.130 2.732494
0.140 -0.175645
0.150 -0.007016
0.160 2.580808
0.170 -1.479862
0.180 14.740360
0.190 -7.201811
0.200 9.597899
0.210 -1.456983
0.220 -2.668164
0.230 -7.069706
0.240 1.976151
0.250 13.185649
0.260 18.406156
0.270 -7.193325
0.280 -1.854720
0.290 6.498673
0.300 4.701335
0.310 -2.691628
0.320 -3.180773
0.330 4.409264
0.340 2.147790
0.350 4.976087
0.360 17.502878
0.370 16.169335
0.380 1.504720
0.390 12.898630
0.400 -0.970113
0.410 -0.904891
0.420 7.037596
0.430 1.899775
0.440 -0.104020
0.450 6.944914
0.460 9.727338
0.470 -7.147025
0.480 2.453470
0.490 -4.245168
0.500 -0.661080
0.510 0.175678
0.520 7.488104
0.530 9.173195
0.540 -7.084929
0.550 12.349625
0.560 7.549393
0.570 -5.196896
0.580 6.659821
0.590 0.293356
0.600 3.518810
0.610 -0.894023
0.620 5.602291
0.630 -14.013828
0.640 4.977683
0.650 7.249172
0.660 -3.366793
0.670 3.739244
0.680 -0.623715
0.690 -5.125451
0.700 0.956737
0.710 15.014706
0.720 -3.956490
0.730 -3.130575
0.740 6.828623
0.750 13.803562
0.760 -9.816456
0.770 -8.673345
0.780 8.903096
0.790 -12.513640
0.800 -4.219146
0.810 -1.113034
0.820 -3.907280
0.830 -1.803253
0.840 6.591063
0.850 -4.360443
0.860 0.690996
0.870 -13.876278
0.880 4.531477
0.890 8.318721
0.900 1.855620
0.910 -1.977967
0.920 1.755343
0.930 -9.174814
0.940 6.231101
0.950 3.257482
0.960 -11.990837
0.970 -2.902251
0.980 10.126447
0.990 4.314362
