0.000 1.541087
0.010 -2.538743
0.020 -3.382762
0.030 0.841841
0.040 -0.234804
0.050 17.287710
0.060 -3.289063
0.070 7.300993
0.080 5.742084
0.090 2.059409
0.100 11.622334
0.110 1.910700
0.120 -8.964783
0.130 -11.297089
0.140 -1.886736
0.150 -2.781952
0.160 -6.759743
0.170 -0.452936
0.180 7.209701
0.190 -3.135088
0.200 0.018051
0.210 -9.408877
0.220 8.612199
0.230 7.673352
0.240 -5.222898
0.250 -4.601529
0.260 0.824705
0.270 -4.315690
0.280 17.519767
0.290 -8.821599
0.300 -1.573028
0.310 -3.392806
0.320 16.116214
0.330 9.979599
0.340 -0.728974
0.350 -1.130697
0.360 -7.857667
0.370 5.993080
0.380 15.926515
0.390 -10.999957
0.400 5.095923
0.410 8.355108
0.420 6.083830
0.430 4.566137
0.440 -0.872156
0.450 -0.171728
0.460 -3.536901
0.470 4.255693
0.480 6.998211
0.490 7.400892
0.500 2.645950
0.510 11.039163
0.520 6.648262
0.530 3.095691
0.540 -0.470446
0.550 -12.922897
0.560 0.195917
0.570 -10.027954
0.580 -4.848115
0.590 -3.518026
0.600 2.139931
0.610 13.482555
0.620 -3.242336
0.630 15.836399
0.640 -12.363358
0.650 0.914964
0.660 -11.650743
0.670 -0.309675
0.680 -0.815753
0.690 0.596936
0.700 -4.553336
0.710 -7.697825
0.720 -4.929321
0.730 3.845523
0.740 11.491757
0.750 8.076839
0.760 -4.946811
0.770 -2.110531
0.780 -8.741343
0.790 6.080177
0.800 6.045449
0.810 -2.683586
0.820 4.016319
0.830 -10.448747
0.840 7.182777
0.850 5.039011
0.860 4.112212
0.870 -7.294406
0.880 13.058278
0.890 9.073473
0.900 2.901472
0.910 7.497725
0.920 1.647683
0.930 -2.124151
0.940 26.560966
0.950 -12.888234
0.960 -9.897035
0.970 -4.555444
0.980 -7.082845
0.990 3.835878
