0.000 10.474949
0.010 6.707095
0.020 -16.399593
0.030 0.830470
0.040 9.290378
0.050 -0.891848
0.060 -2.579627
0.070 9.550027
0.080 -14.024911
0.090 -1.098536
0.100 7.379769
0.110 3.753052
0.120 7.161002
0.130 -14.003670
0.140 1.920675
0.150 2.461832
0.160 -6.315489
0.170 -3.095121
0.180 -18.580555
0.190 3.575820
0.200 -1.253847
0.210 2.592602
0.220 -13.964499
0.230 2.267312
0.240 5.053151
0.250 7.924860
0.260 -7.497004
0.270 -9.174780
0.280 -6.813901
0.290 -3.899760
0.300 -14.491286
0.310 1.789189
0.320 5.888818
0.330 9.075134
0.340 -16.621050
0.350 0.434235
0.360 -1.970929
0.370 5.464451
0.380 4.430241
0.390 2.120474
0.400 -9.439348
0.410 -3.496103
0.420 3.373100
0.430 6.515026
0.440 6.397390
0.450 5.401980
0.460 -7.086644
0.470 3.198529
0.480 -1.696601
0.490 5.308583
0.500 -6.006983
0.510 7.777212
0.520 5.090338
0.530 -6.697960
0.540 1.474178
0.550 9.597081
0.560 2.443548
0.570 7.456284
0.580 -6.816035
0.590 -0.119017
0.600 9.315239
0.610 -12.452978
0.620 -5.183637
0.630 15.100846
0.640 4.230123
0.650 -6.287093
0.660 -16.542106
0.670 2.328203
0.680 -8.743779
0.690 5.789010
0.700 0.735487
0.710 3.042104
0.720 11.075933
0.730 -0.622715
0.740 -9.874947
0.750 -2.743778
0.760 9.411077
0.770 0.973434
0.780 1.829194
0.790 -10.886463
0.800 3.683168
0.810 1.531882
0.820 -17.627185
0.830 9.589336
0.840 2.732062
0.850 -8.628500
0.860 -10.379338
0.870 3.431350
0.880 10.011986
0.890 6.672014
0.900 15.165578
0.910 -0.481731
0.920 -5.786970
0.930 -17.617986
0.940 12.890477
0.950 13.161312
0.960 18.526608
0.970 -6.857491
0.980 7.646118
0.990 2.359564
