0.000 -7.330463
0.010 6.155500
0.020 3.191570
0.030 -7.111923
0.040 -7.460007
0.050 13.255811
0.060 -6.458035
0.070 -5.923536
0.080 2.120982
0.090 2.798706
0.100 -5.795222
0.110 -8.678975
0.120 11.016315
0.130 -1.506245
0.140 -2.170970
0.150 0.084621
0.160 10.955288
0.170 -6.121828
0.180 -10.958512
0.190 -4.694586
0.200 1.784473
0.210 -16.098928
0.220 7.563945
0.230 4.002674
0.240 -6.531399
0.250 -5.164948
0.260 -4.090132
0.270 -8.640854
0.280 -6.249534
0.290 -1.715780
0.300 2.989789
0.310 7.874999
0.320 8.694522
0.330 2.749338
0.340 -3.437534
0.350 -0.235805
0.360 -8.693326
0.370 -6.236649
0.380 -9.388471
0.390 4.866754
0.400 5.756088
0.410 6.955866
0.420 10.603520
0.430 -15.453367
0.440 -9.717697
0.450 0.094074
0.460 2.912327
0.470 8.867956
0.480 -1.145300
0.490 4.714580
0.500 -1.020639
0.510 -0.357066
0.520 -6.588209
0.530 3.090093
0.540 8.778569
0.550 0.206771
0.560 -2.279218
0.570 0.004489
0.580 -17.494984
0.590 8.386030
0.600 -7.076133
0.610 -12.081883
0.620 -5.655649
0.630 0.900259
0.640 -1.099288
0.650 -7.140872
0.660 7.596171
0.670 -0.618783
0.680 12.841918
0.690 1.082265
0.700 -7.628157
0.710 6.019786
0.720 0.414927
0.730 -10.812980
0.740 5.797183
0.750 8.282641
0.760 1.906415
0.770 -19.618906
0.780 4.976629
0.790 18.652099
0.800 -0.372450
0.810 3.385025
0.820 -5.354869
0.830 2.514627
0.840 5.112346
0.850 6.300133
0.860 9.104650
0.870 3.120368
0.880 -8.780594
0.890 2.208386
0.900 -3.061088
0.910 -3.872571
0.920 -2.352776
0.930 3.331080
0.940 2.001990
0.950 -13.041717
0.960 -8.869742
0.970 12.378969
0.980 3.594675
0.990 -2.391539
