0.000 6.194924
0.010 -0.718348
0.020 -0.679363
0.030 -5.154800
0.040 -3.341254
0.050 -2.675210
0.060 -1.268001
0.070 -1.808953
0.080 0.420389
0.090 2.879495
0.100 5.045704
0.110 -0.432322
0.120 13.656542
0.130 7.101720
0.140 12.342103
0.150 6.928777
0.160 10.324932
0.170 -10.336450
0.180 5.216752
0.190 -8.504156
0.200 -0.900596
0.210 -7.726566
0.220 -2.966248
0.230 3.316406
0.240 9.096559
0.250 -8.065397
0.260 12.170512
0.270 6.863773
0.280 -7.275835
0.290 -5.518010
0.300 -5.647749
0.310 -2.559551
0.320 11.633238
0.330 0.148955
0.340 16.584585
0.350 0.718837
0.360 -9.084778
0.370 12.849596
0.380 -0.060699
0.390 -9.430035
0.400 0.055105
0.410 -3.391130
0.420 13.157292
0.430 -3.011309
0.440 -5.566814
0.450 -0.781856
0.460 7.840472
0.470 11.237585
0.480 10.053641
0.490 3.287551
0.500 3.860915
0.510 -13.143105
0.520 -12.910932
0.530 11.548937
0.540 1.853851
0.550 -1.360513
0.560 2.021919
0.570 -8.700245
0.580 6.586134
0.590 -12.937549
0.600 5.394770
0.610 -4.299284
0.620 -1.935624
0.630 -15.388170
0.640 7.880851
0.650 -10.233551
0.660 -5.745921
0.670 -1.902493
0.680 -4.395069
0.690 4.931532
0.700 -10.476198
0.710 -11.196479
0.720 -7.164420
0.730 -17.214494
0.740 4.547093
0.750 6.953635
0.760 -3.973296
0.770 11.232711
0.780 13.729707
0.790 5.451880
0.800 2.751886
0.810 7.607607
0.820 2.793303
0.830 0.551814
0.840 -4.188993
0.850 3.396887
0.860 22.976793
0.870 3.304282
0.880 9.004972
0.890 -8.572887
0.900 -3.542682
0.910 -3.299990
0.920 7.757419
0.930 -0.294326
0.940 1.837828
0.950 -3.299860
0.960 6.746918
0.970 -9.013895
0.980 2.270117
0.990 -17.241187
