0.000 -5.290403
0.010 -10.580912
0.020 6.894754
0.030 1.848351
0.040 -0.613975
0.050 12.893362
0.060 -1.147864
0.070 5.225495
0.080 -17.039849
0.090 -8.078721
0.100 -7.045930
0.110 -3.303524
0.120 -1.594070
0.130 8.953027
0.140 -4.380985
0.150 -12.065225
0.160 2.722445
0.170 6.466855
0.180 -8.922246
0.190 1.289292
0.200 2.070182
0.210 1.029585
0.220 -0.356175
0.230 -4.748742
0.240 7.165461
0.250 -4.250762
0.260 -3.399061
0.270 2.366257
0.280 -6.911999
0.290 -8.009410
0.300 2.710553
0.310 2.497185
0.320 10.623948
0.330 -5.624582
0.340 9.446874
0.350 14.135822
0.360 -6.287850
0.370 4.998548
0.380 -3.979186
0.390 15.112956
0.400 -15.156709
0.410 3.723144
0.420 5.752458
0.430 -22.372101
0.440 5.663963
0.450 -0.356687
0.460 -11.779337
0.470 1.586664
0.480 -4.984514
0.490 5.529632
0.500 -11.465214
0.510 -10.623518
0.520 -19.346532
0.530 -10.826012
0.540 -0.693908
0.550 1.889744
0.560 -0.117919
0.570 6.370911
0.580 -3.222521
0.590 6.664778
0.600 1.649578
0.610 0.935924
0.620 -3.292712
0.630 8.195295
0.640 5.003999
0.650 4.217901
0.660 -3.842779
0.670 5.584480
0.680 7.787385
0.690 -8.413553
0.700 5.813404
0.710 -0.393905
0.720 -3.492161
0.730 2.192005
0.740 3.000463
0.750 -5.825346
0.760 -3.137957
0.770 -0.481653
0.780 7.617553
0.790 5.420913
0.800 3.470025
0.810 0.721779
0.820 4.999081
0.830 -1.513599
0.840 -5.339293
0.850 5.034192
0.860 4.117344
0.870 9.909946
0.880 1.305516
0.890 10.621692
0.900 7.729640
0.910 4.684307
0.920 -4.936567
0.930 -4.687886
0.940 -1.487351
0.950 -7.136041
0.960 -19.296193
0.970 2.659006
0.980 9.495582
0.990 7.205159
