0.000 11.564866
0.010 12.831370
0.020 -5.631970
0.030 3.281758
0.040 -1.568570
0.050 -1.145052
0.060 -4.083773
0.070 -8.368524
0.080 -3.994766
0.090 -8.695808
0.100 -9.107113
0.110 6.585807
0.120 -1.398266
0.130 -4.848111
0.140 7.136743
0.150 -0.295494
0.160 -15.341598
0.170 12.337743
0.180 7.708584
0.190 11.232795
0.200 1.582309
0.210 3.343877
0.220 2.059747
0.230 -10.311801
0.240 6.355789
0.250 -9.231191
0.260 -6.154768
0.270 -7.718835
0.280 -7.071585
0.290 -6.025927
0.300 0.657441
0.310 12.638097
0.320 15.571730
0.330 0.995620
0.340 3.698497
0.350 0.355770
0.360 4.579534
0.370 13.591129
0.380 8.775586
0.390 3.622300
0.400 -5.153459
0.410 7.222612
0.420 -5.169792
0.430 -2.522950
0.440 -4.685104
0.450 -1.047314
0.460 -5.169937
0.470 -10.828395
0.480 -0.444202
0.490 -3.926075
0.500 3.617604
0.510 -2.242493
0.520 -2.532655
0.530 5.996137
0.540 3.719531
0.550 -4.976527
0.560 -6.753410
0.570 2.096604
0.580 15.650444
0.590 -10.558895
0.600 -1.579480
0.610 5.526425
0.620 -7.697130
0.630 4.167336
0.640 -7.150184
0.650 -1.393406
0.660 0.647493
0.670 -1.891950
0.680 0.457192
0.690 6.143669
0.700 -3.585352
0.710 9.621676
0.720 5.797001
0.730 7.806901
0.740 4.739210
0.750 3.817154
0.760 -4.260862
0.770 0.788025
0.780 -2.268042
0.790 -3.132562
0.800 -2.669987
0.810 3.454546
0.820 -6.286655
0.830 -1.030502
0.840 -4.863477
0.850 6.196515
0.860 -1.502185
0.870 -4.878830
0.880 -5.070759
0.890 9.330365
0.900 6.810301
0.910 -10.607701
0.920 -4.144432
0.930 -3.598111
0.940 4.012851
0.950 -13.540078
0.960 -10.166045
0.970 2.852538
0.980 -2.899049
0.990 -1.927206
