0.000 3.683155
0.010 11.048933
0.020 6.162085
0.030 1.982606
0.040 3.882786
0.050 7.994300
0.060 -2.871733
0.070 2.613754
0.080 -2.002369
0.090 -10.676481
0.100 -19.928435
0.110 1.859482
0.120 9.854970
0.130 1.330833
0.140 -4.827194
0.150 8.715985
0.160 1.072662
0.170 -8.650540
0.180 1.237545
0.190 11.396607
0.200 3.718170
0.210 -19.107773
0.220 -5.860883
0.230 3.772997
0.240 -13.498774
0.250 -1.339699
0.260 -5.543018
0.270 8.314307
0.280 0.947733
0.290 -4.750923
0.300 11.359733
0.310 7.392853
0.320 12.774596
0.330 -9.833975
0.340 -7.112903
0.350 13.693780
0.360 9.120285
0.370 -5.450299
0.380 -7.085175
0.390 -4.233813
0.400 1.282409
0.410 -3.045357
0.420 2.064456
0.430 -1.711365
0.440 4.101649
0.450 4.578930
0.460 -6.845317
0.470 -6.140694
0.480 1.494887
0.490 -5.905003
0.500 -0.985679
0.510 -7.094000
0.520 4.008664
0.530 20.651884
0.540 7.660951
0.550 -0.908287
0.560 0.100897
0.570 -14.497235
0.580 1.587480
0.590 10.122488
0.600 -1.177168
0.610 7.702661
0.620 3.243443
0.630 -10.129765
0.640 -10.442810
0.650 -11.236731
0.660 -6.208836
0.670 5.495977
0.680 -3.993623
0.690 3.825673
0.700 5.178169
0.710 -4.016914
0.720 13.144667
0.730 -10.428395
0.740 6.910472
0.750 -8.461015
0.760 6.618388
0.770 -7.683460
0.780 4.622168
0.790 -6.339924
0.800 9.745987
0.810 -8.293214
0.820 16.739885
0.830 -10.329321
0.840 -24.855098
0.850 -4.367037
0.860 -7.920775
0.870 7.615957
0.880 -5.569081
0.890 7.349550
0.900 -15.623362
0.910 -10.128624
0.920 1.049790
0.930 1.483778
0.940 16.694966
0.950 -3.632050
0.960 8.127952
0.970 -2.143008
0.980 -11.912117
0.990 -11.960572
