0.000 1.023910
0.010 2.440103
0.020 9.028696
0.030 4.783456
0.040 -2.608121
0.050 -8.546359
0.060 -1.196528
0.070 7.270262
0.080 -8.528503
0.090 -9.701289
0.100 1.336644
0.110 14.020420
0.120 7.843222
0.130 -6.363561
0.140 0.913943
0.150 -3.737150
0.160 -5.363673
0.170 -7.856393
0.180 12.972394
0.190 -4.216622
0.200 17.849427
0.210 -2.602503
0.220 -2.975078
0.230 -4.734418
0.240 0.774892
0.250 -7.296194
0.260 -12.059523
0.270 -9.956138
0.280 -0.103913
0.290 -1.974873
0.300 19.532284
0.310 2.499848
0.320 -8.456675
0.330 -1.703113
0.340 0.061508
0.350 -2.739456
0.360 -9.231189
0.370 9.419799
0.380 5.625097
0.390 -7.334006
0.400 -4.159515
0.410 0.073989
0.420 -3.485168
0.430 -17.304305
0.440 2.095777
0.450 -7.878284
0.460 -2.526237
0.470 8.172328
0.480 8.045813
0.490 1.208654
0.500 0.135248
0.510 -14.692965
0.520 -0.523305
0.530 -9.135147
0.540 -4.932531
0.550 -8.081028
0.560 4.533993
0.570 -7.836204
0.580 5.729225
0.590 -4.145037
0.600 5.916095
0.610 -13.131907
0.620 -5.603176
0.630 4.113372
0.640 6.954051
0.650 0.583025
0.660 -4.522279
0.670 6.196408
0.680 -21.015693
0.690 -12.141744
0.700 -3.484255
0.710 14.602170
0.720 9.639571
0.730 -1.314683
0.740 -1.099749
0.750 -16.993176
0.760 -3.549165
0.770 -8.070684
0.780 0.554475
0.790 -1.396607
0.800 -3.243277
0.810 -14.068870
0.820 11.451228
0.830 7.162354
0.840 12.635847
0.850 5.961377
0.860 -5.219560
0.870 3.647624
0.880 -4.307371
0.890 -8.894124
0.900 23.095360
0.910 -8.613262
0.920 2.480491
0.930 0.325325
0.940 5.240072
0.950 -4.789868
0.960 -1.598909
0.970 2.923413
0.980 -3.076714
0.990 8.747431
