0.000 -4.549870
0.010 -2.982006
0.020 5.144048
0.030 1.305243
0.040 0.178824
0.050 -16.241458
0.060 5.964632
0.070 -8.026654
0.080 -9.495295
0.090 13.402502
0.100 -4.728058
0.110 10.679307
0.120 7.919128
0.130 14.326273
0.140 -0.670505
0.150 -1.961305
0.160 6.427941
0.170 1.188913
0.180 -1.587363
0.190 -7.271390
0.200 -6.942020
0.210 -4.655554
0.220 -6.842176
0.230 0.190799
0.240 5.411947
0.250 -5.515281
0.260 -1.255140
0.270 -0.847097
0.280 -15.346278
0.290 -5.196642
0.300 -0.869572
0.310 -1.540994
0.320 13.588739
0.330 -2.002966
0.340 -24.280161
0.350 5.469420
0.360 -12.939618
0.370 14.758047
0.380 5.741673
0.390 -0.446578
0.400 6.920370
0.410 6.084168
0.420 3.079622
0.430 -3.851312
0.440 -0.262278
0.450 -18.724794
0.460 -3.133355
0.470 -8.904429
0.480 2.927466
0.490 -3.375475
0.500 6.585551
0.510 -11.081639
0.520 20.195672
0.530 -12.430567
0.540 -0.832602
0.550 -4.187022
0.560 -0.300117
0.570 -2.380412
0.580 0.384669
0.590 -0.429763
0.600 -6.613438
0.610 7.285822
0.620 6.296237
0.630 -4.029543
0.640 -11.063293
0.650 -1.063862
0.660 14.088240
0.670 11.192938
0.680 1.119963
0.690 12.135611
0.700 -4.675139
0.710 2.501003
0.720 -3.867020
0.730 10.293369
0.740 -2.027479
0.750 -3.226002
0.760 9.954993
0.770 -0.361240
0.780 21.313820
0.790 5.032540
0.800 -3.428429
0.810 -3.538225
0.820 1.220851
0.830 -9.449090
0.840 1.397810
0.850 -1.480615
0.860 4.387431
0.870 1.672501
0.880 8.359725
0.890 9.906020
0.900 2.906861
0.910 2.224730
0.920 4.744943
0.930 -19.551491
0.940 -16.425707
0.950 -1.444894
0.960 -4.632608
0.970 6.492715
0.980 -15.346612
0.990 -4.501518
