0.000 -10.605785
0.010 5.317110
0.020 -9.416852
0.030 -2.052637
0.040 5.785746
0.050 11.349763
0.060 4.078472
0.070 -1.139231
0.080 -1.394791
0.090 7.623645
0.100 -3.778246
0.110 -0.719425
0.120 -4.402649
0.130 -10.008022
0.140 9.600483
0.150 -4.025545
0.160 5.406555
0.170 -0.801935
0.180 14.431509
0.190 12.815873
0.200 -4.778195
0.210 4.485061
0.220 -5.978305
0.230 -4.772097
0.240 4.844810
0.250 -7.142854
0.260 -4.252027
0.270 -14.380322
0.280 5.607094
0.290 -10.286155
0.300 -1.954196
0.310 -3.440066
0.320 -6.373107
0.330 1.172473
0.340 -9.733156
0.350 3.410853
0.360 -2.249218
0.370 3.559535
0.380 6.076593
0.390 3.800249
0.400 19.579585
0.410 -11.099354
0.420 13.997319
0.430 -3.820357
0.440 -8.380013
0.450 20.017585
0.460 -2.767910
0.470 1.730109
0.480 14.833183
0.490 2.310778
0.500 3.444000
0.510 -3.989443
0.520 5.974877
0.530 -2.089732
0.540 -3.634476
0.550 -0.421210
0.560 -13.106417
0.570 6.474584
0.580 -2.627948
0.590 -4.452872
0.600 -2.160835
0.610 -10.029578
0.620 7.037268
0.630 1.951501
0.640 -2.805573
0.650 0.057813
0.660 -5.382840
0.670 -7.139660
0.680 -3.038105
0.690 -6.156573
0.700 8.995276
0.710 6.439197
0.720 -7.971136
0.730 -1.611782
0.740 -10.209687
0.750 6.400871
0.760 0.395492
0.770 4.870108
0.780 -4.443156
0.790 -8.054253
0.800 -5.605508
0.810 8.669739
0.820 -1.503102
0.830 2.744952
0.840 17.492040
0.850 -6.761739
0.860 2.415435
0.870 -12.899721
0.880 -14.485291
0.890 -13.503222
0.900 5.426676
0.910 -5.674658
0.920 -15.169558
0.930 -10.220605
0.940 5.314160
0.950 -4.474848
0.960 -9.026043
0.970 -9.963449
0.980 4.819256
0.990 -5.739324
