0.000 -6.613762
0.010 0.274485
0.020 -9.649209
0.030 1.250224
0.040 -1.315921
0.050 13.819121
0.060 7.162835
0.070 -1.833167
0.080 -1.028955
0.090 19.335671
0.100 -7.483745
0.110 0.079122
0.120 -4.067196
0.130 2.855537
0.140 3.469376
0.150 2.533392
0.160 7.231634
0.170 -5.408705
0.180 2.797949
0.190 4.906305
0.200 0.376654
0.210 -1.083088
0.220 -8.549083
0.230 -18.157620
0.240 -6.885628
0.250 -7.738780
0.260 5.295446
0.270 -3.518779
0.280 10.489619
0.290 1.217017
0.300 14.191851
0.310 -1.548608
0.320 -6.401629
0.330 0.791711
0.340 -4.145215
0.350 8.047109
0.360 -8.857686
0.370 -6.386270
0.380 -19.058387
0.390 8.871367
0.400 -10.572162
0.410 15.619111
0.420 -7.106565
0.430 -0.508436
0.440 6.350286
0.450 -3.141785
0.460 -3.380018
0.470 1.955169
0.480 -11.776600
0.490 1.786480
0.500 -5.492704
0.510 -4.284789
0.520 14.111068
0.530 -7.571888
0.540 8.459380
0.550 18.907045
0.560 5.600092
0.570 -7.042383
0.580 7.932637
0.590 -0.377852
0.600 3.137279
0.610 0.951396
0.620 -8.175322
0.630 -2.798642
0.640 6.662008
0.650 3.150222
0.660 0.563108
0.670 8.934614
0.680 0.984184
0.690 1.189404
0.700 -8.562753
0.710 -1.643474
0.720 14.799636
0.730 11.460359
0.740 2.901657
0.750 -4.325615
0.760 -4.376227
0.770 -3.792847
0.780 -9.016104
0.790 -3.748644
0.800 -7.537826
0.810 0.762989
0.820 -6.473854
0.830 9.466921
0.840 0.096096
0.850 2.358390
0.860 -9.545946
0.870 0.242911
0.880 -10.999923
0.890 -5.377030
0.900 0.594327
0.910 -5.729054
0.920 -3.997654
0.930 -4.083573
0.940 3.091185
0.950 1.476185
0.960 -16.204639
0.970 5.153470
0.980 7.432102
0.990 -15.859557
