0.000 0.633353
0.010 0.789474
0.020 -1.420666
0.030 0.387492
0.040 0.342827
0.050 -0.370292
0.060 0.540081
0.070 2.854572
0.080 -0.297170
0.090 -1.580739
0.100 0.925305
0.110 0.859812
0.120 2.803275
0.130 -1.095992
0.140 -1.613313
0.150 -1.822024
0.160 1.701845
0.170 1.300523
0.180 1.005964
0.190 0.626863
0.200 -4.193266
0.210 -0.289967
0.220 -0.979440
0.230 0.252908
0.240 -0.970212
0.250 -2.460278
0.260 1.129935
0.270 1.300691
0.280 -1.063155
0.290 -2.795944
0.300 0.120025
0.310 -0.288808
0.320 1.820366
0.330 1.822622
0.340 -2.101190
0.350 0.601603
0.360 0.820198
0.370 -0.600804
0.380 -0.018008
0.390 -1.722947
0.400 -0.452576
0.410 2.166556
0.420 -1.846812
0.430 -5.305476
0.440 1.702961
0.450 1.185308
0.460 -0.250578
0.470 -1.318238
0.480 2.525944
0.490 -0.987708
0.500 -1.048957
0.510 2.280546
0.520 -3.402800
0.530 1.057291
0.540 0.699747
0.550 -4.225929
0.560 -1.187740
0.570 -0.862944
0.580 -0.038151
0.590 1.738132
0.600 -1.534036
0.610 -3.160945
0.620 -0.435705
0.630 2.486117
0.640 -0.731067
0.650 0.946458
0.660 -1.545357
0.670 1.091135
0.680 1.857150
0.690 -0.061665
0.700 1.904171
0.710 1.895696
0.720 -1.877745
0.730 -1.303649
0.740 0.489495
0.750 -2.956506
0.760 0.929750
0.770 2.748776
0.780 0.935311
0.790 0.387692
0.800 -2.710648
0.810 -1.509122
0.820 -0.296113
0.830 -0.644885
0.840 -0.650082
0.850 -0.035463
0.860 1.282125
0.870 -0.343469
0.880 -2.275785
0.890 0.833238
0.900 -0.077016
0.910 -0.464633
0.920 1.208721
0.930 0.119455
0.940 3.258845
0.950 -1.959611
0.960 -1.500952
0.970 1.319053
0.980 1.232651
0.990 -0.487272
