0.000 -0.314070
0.010 0.416149
0.020 0.227908
0.030 -4.049522
0.040 1.453111
0.050 2.682183
0.060 1.051912
0.070 -4.626628
0.080 -0.599453
0.090 -0.800524
0.100 1.020509
0.110 3.012864
0.120 0.849199
0.130 2.618034
0.140 1.065237
0.150 0.338184
0.160 1.353060
0.170 -0.270381
0.180 3.621189
0.190 2.096666
0.200 -1.254398
0.210 3.538530
0.220 -0.897945
0.230 -2.835490
0.240 -4.120968
0.250 0.788438
0.260 -1.067425
0.270 -1.610959
0.280 3.724616
0.290 -2.681343
0.300 -0.633005
0.310 -0.317001
0.320 -0.975557
0.330 -1.538875
0.340 1.089793
0.350 3.083699
0.360 2.462093
0.370 -1.869819
0.380 -0.375963
0.390 -2.249711
0.400 -0.361909
0.410 3.015327
0.420 -3.581050
0.430 -1.155837
0.440 -0.997671
0.450 2.515357
0.460 0.276810
0.470 -3.715350
0.480 0.799941
0.490 0.364297
0.500 3.160365
0.510 -3.754877
0.520 4.602920
0.530 2.606633
0.540 1.303955
0.550 -4.322242
0.560 2.769315
0.570 -0.500611
0.580 -0.856599
0.590 1.617654
0.600 1.134523
0.610 -3.572546
0.620 -0.866759
0.630 0.017926
0.640 0.569434
0.650 2.471711
0.660 2.705012
0.670 1.338284
0.680 2.023634
0.690 -0.760671
0.700 -3.127776
0.710 1.281470
0.720 0.187922
0.730 1.341259
0.740 -1.536222
0.750 -0.921732
0.760 1.697703
0.770 0.319990
0.780 3.852965
0.790 0.243792
0.800 0.815791
0.810 0.347806
0.820 -0.361642
0.830 -0.987938
0.840 -0.842382
0.850 0.765042
0.860 1.466810
0.870 -0.750327
0.880 -1.152196
0.890 -1.415649
0.900 -3.095854
0.910 0.726166
0.920 -1.780276
0.930 -3.287135
0.940 -1.707988
0.950 -0.301131
0.960 -2.454765
0.970 -3.021142
0.980 1.756484
0.990 0.755999
