0.000 -0.176011
0.010 -2.440262
0.020 -1.245747
0.030 0.128113
0.040 0.692424
0.050 2.236754
0.060 -0.367050
0.070 -1.564471
0.080 -1.125329
0.090 -0.713081
0.100 -1.301414
0.110 2.889401
0.120 -1.393406
0.130 0.042611
0.140 -1.304804
0.150 0.939485
0.160 0.319242
0.170 -1.912021
0.180 2.484820
0.190 1.087194
0.200 -2.389614
0.210 -1.292120
0.220 -0.519789
0.230 0.010815
0.240 1.137464
0.250 -0.420489
0.260 0.370680
0.270 0.896678
0.280 -2.936391
0.290 -2.525595
0.300 -0.232730
0.310 3.714504
0.320 -1.380699
0.330 2.121124
0.340 -0.115700
0.350 1.567331
0.360 1.181438
0.370 0.903040
0.380 0.113889
0.390 2.256959
0.400 3.588843
0.410 -1.974026
0.420 0.908109
0.430 -3.066736
0.440 2.477157
0.450 1.532877
0.460 1.389255
0.470 0.972029
0.480 0.191515
0.490 2.800996
0.500 -4.188592
0.510 1.471432
0.520 -0.085417
0.530 -1.908030
0.540 0.839628
0.550 -0.079338
0.560 2.297616
0.570 0.102084
0.580 1.064514
0.590 0.454171
0.600 -0.399161
0.610 1.302541
0.620 0.247809
0.630 0.174646
0.640 -1.819168
0.650 -0.639524
0.660 -0.030382
0.670 1.429616
0.680 -3.014088
0.690 2.316947
0.700 0.065160
0.710 -0.150332
0.720 -1.086808
0.730 2.604712
0.740 -1.320219
0.750 0.068768
0.760 3.033627
0.770 -0.072108
0.780 1.422270
0.790 -0.199164
0.800 0.194674
0.810 -0.490702
0.820 -0.045553
0.830 0.310635
0.840 2.371966
0.850 1.103709
0.860 2.871939
0.870 -1.044348
0.880 1.163108
0.890 -3.129058
0.900 0.761500
0.910 -1.451788
0.920 1.205819
0.930 0.510293
0.940 0.056732
0.950 0.146515
0.960 2.876044
0.970 1.390879
0.980 0.249088
0.990 -0.665694
