0.000 -0.765104
0.010 -0.758409
0.020 1.046986
0.030 0.224182
0.040 -2.397496
0.050 1.382795
0.060 1.869173
0.070 -0.387280
0.080 -1.579868
0.090 -0.818453
0.100 2.302395
0.110 -1.151477
0.120 1.276375
0.130 0.533288
0.140 1.374626
0.150 2.576507
0.160 1.431667
0.170 2.080927
0.180 3.285570
0.190 5.088092
0.200 3.013396
0.210 -0.273782
0.220 2.252030
0.230 1.449906
0.240 -0.388625
0.250 0.952310
0.260 1.475897
0.270 0.867604
0.280 -1.036644
0.290 -1.198519
0.300 2.757115
0.310 1.327929
0.320 0.076511
0.330 0.316336
0.340 -0.650056
0.350 0.851014
0.360 0.147992
0.370 -2.737724
0.380 -0.696210
0.390 -1.506608
0.400 2.441560
0.410 3.599634
0.420 1.339135
0.430 -3.072853
0.440 -0.917402
0.450 0.188821
0.460 -2.130210
0.470 -1.083763
0.480 -0.973007
0.490 -3.766279
0.500 0.889338
0.510 -0.615885
0.520 -1.502016
0.530 0.269232
0.540 0.467731
0.550 -0.873044
0.560 -1.742887
0.570 0.292885
0.580 2.191951
0.590 1.968272
0.600 -0.104801
0.610 0.625118
0.620 -0.205432
0.630 0.503549
0.640 -1.482513
0.650 0.742150
0.660 0.554340
0.670 -0.181371
0.680 -1.381856
0.690 2.400770
0.700 2.248499
0.710 2.402177
0.720 -1.915465
0.730 1.791188
0.740 0.082477
0.750 1.020559
0.760 0.448097
0.770 -2.364783
0.780 -0.291171
0.790 -0.065794
0.800 -0.836297
0.810 1.147158
0.820 -0.007650
0.830 -0.717495
0.840 1.345799
0.850 -1.419907
0.860 1.523794
0.870 -0.075917
0.880 1.380464
0.890 0.930657
0.900 -0.270517
0.910 1.904830
0.920 -2.312558
0.930 -1.573253
0.940 0.795121
0.950 0.312262
0.960 0.039629
0.970 2.988447
0.980 -0.321199
0.990 3.686003
