0.000 -2.556224
0.010 0.196633
0.020 0.063409
0.030 0.376315
0.040 -1.395067
0.050 -2.575550
0.060 -0.591779
0.070 1.721625
0.080 0.490368
0.090 1.898292
0.100 1.518635
0.110 2.106623
0.120 0.709626
0.130 0.844932
0.140 -0.573663
0.150 -1.920242
0.160 3.793366
0.170 -3.202628
0.180 2.261847
0.190 -0.340234
0.200 0.208291
0.210 1.717753
0.220 -0.625422
0.230 3.275239
0.240 -1.464217
0.250 2.720518
0.260 1.248775
0.270 0.656088
0.280 -1.035230
0.290 -1.204819
0.300 -2.104091
0.310 0.734389
0.320 1.801995
0.330 -2.055741
0.340 2.004135
0.350 1.896256
0.360 -0.991970
0.370 0.486319
0.380 -2.208865
0.390 3.397209
0.400 -3.099333
0.410 3.137583
0.420 1.686550
0.430 1.589407
0.440 0.132881
0.450 -2.730834
0.460 1.032294
0.470 1.215623
0.480 -0.613328
0.490 1.683400
0.500 -1.273501
0.510 2.828456
0.520 0.522843
0.530 -1.874225
0.540 8.069758
0.550 -0.583643
0.560 1.142966
0.570 0.791192
0.580 0.925146
0.590 -2.543309
0.600 1.107343
0.610 1.179112
0.620 1.558573
0.630 1.023674
0.640 -2.585162
0.650 2.678407
0.660 0.186537
0.670 -0.972472
0.680 0.246777
0.690 0.020786
0.700 -1.783874
0.710 3.541781
0.720 -1.485618
0.730 0.414827
0.740 -1.356606
0.750 0.671860
0.760 -0.034464
0.770 1.138733
0.780 -1.282336
0.790 0.412325
0.800 -0.155179
0.810 0.501804
0.820 -0.225657
0.830 3.313970
0.840 0.238480
0.850 0.584223
0.860 3.384044
0.870 1.849516
0.880 0.094922
0.890 0.154414
0.900 -1.929883
0.910 1.366161
0.920 0.288530
0.930 1.687667
0.940 0.086676
0.950 0.653022
0.960 -0.081046
0.970 -1.201033
0.980 3.744154
0.990 -1.096438
