0.000 1.912246
0.010 1.591135
0.020 2.225274
0.030 -1.343898
0.040 4.192201
0.050 1.378104
0.060 0.071338
0.070 1.408279
0.080 -1.510527
0.090 3.940480
0.100 -0.406563
0.110 -2.601003
0.120 -4.137764
0.130 -4.251171
0.140 2.795188
0.150 2.255479
0.160 0.107296
0.170 0.400395
0.180 -1.514848
0.190 1.757519
0.200 -0.479258
0.210 1.014517
0.220 2.189052
0.230 1.246562
0.240 -0.597010
0.250 -2.573150
0.260 0.396050
0.270 1.180303
0.280 0.271943
0.290 -0.758504
0.300 -1.352473
0.310 0.900659
0.320 -2.455073
0.330 0.574662
0.340 0.301606
0.350 -1.109510
0.360 0.155016
0.370 -0.269332
0.380 1.549085
0.390 0.252742
0.400 0.838803
0.410 -1.795040
0.420 0.575054
0.430 1.489913
0.440 0.973892
0.450 0.310436
0.460 3.136381
0.470 -3.188107
0.480 2.679863
0.490 -1.380241
0.500 -0.936682
0.510 -1.291293
0.520 -1.539313
0.530 1.789259
0.540 -2.737681
0.550 -0.108413
0.560 1.739170
0.570 1.459866
0.580 -3.293154
0.590 -1.076717
0.600 2.144725
0.610 -0.929637
0.620 2.917090
0.630 -2.543016
0.640 -1.481215
0.650 0.861742
0.660 0.645247
0.670 -2.032050
0.680 1.945160
0.690 -2.599292
0.700 2.120211
0.710 -0.521427
0.720 4.234939
0.730 -1.836724
0.740 3.210979
0.750 0.588314
0.760 1.492723
0.770 -0.081832
0.780 1.285823
0.790 -0.552220
0.800 0.130648
0.810 2.386843
0.820 1.144417
0.830 -2.209957
0.840 -1.484797
0.850 0.643574
0.860 -1.365745
0.870 -1.781551
0.880 0.011825
0.890 -0.425050
0.900 1.421472
0.910 -0.309308
0.920 -0.552320
0.930 -3.458165
0.940 1.150086
0.950 3.398200
0.960 2.871231
0.970 -0.381559
0.980 1.213038
0.990 -0.127145
