0.000 -1.504758
0.010 0.369689
0.020 1.104076
0.030 2.370993
0.040 -0.748162
0.050 0.351035
0.060 -4.293108
0.070 1.186266
0.080 -2.324940
0.090 2.991033
0.100 -1.558342
0.110 -2.350686
0.120 -0.643053
0.130 1.070867
0.140 -1.246729
0.150 -3.270038
0.160 1.763836
0.170 -1.349369
0.180 -1.770153
0.190 -2.105839
0.200 0.143351
0.210 -1.015724
0.220 0.466053
0.230 0.044405
0.240 -2.147452
0.250 -2.518050
0.260 2.695865
0.270 -0.404156
0.280 -2.504969
0.290 -0.061204
0.300 -1.084015
0.310 1.940847
0.320 2.043817
0.330 -0.539741
0.340 -0.822502
0.350 2.709503
0.360 -1.439799
0.370 2.472044
0.380 0.505805
0.390 -0.008189
0.400 -0.262916
0.410 -0.065633
0.420 -0.705547
0.430 -2.032695
0.440 0.032764
0.450 -1.929650
0.460 0.537257
0.470 0.241769
0.480 -1.866270
0.490 3.323015
0.500 3.989190
0.510 -0.611861
0.520 3.102056
0.530 0.949013
0.540 1.893358
0.550 1.872615
0.560 -0.472510
0.570 -0.263014
0.580 -1.900734
0.590 0.881710
0.600 1.360957
0.610 1.142177
0.620 0.647456
0.630 -1.466462
0.640 0.486727
0.650 0.650064
0.660 1.196506
0.670 1.597828
0.680 -1.135836
0.690 -1.752297
0.700 0.939360
0.710 -1.018521
0.720 -1.727447
0.730 -0.283463
0.740 -3.676802
0.750 -2.752300
0.760 -1.123782
0.770 1.290201
0.780 0.503244
0.790 1.445705
0.800 0.131394
0.810 -1.862604
0.820 -0.369947
0.830 -0.170863
0.840 0.475147
0.850 -1.816355
0.860 1.143326
0.870 -2.354373
0.880 0.992034
0.890 0.355258
0.900 -0.333417
0.910 -3.159154
0.920 3.076194
0.930 -0.918713
0.940 -0.272874
0.950 1.781676
0.960 -1.218632
0.970 0.581395
0.980 -0.951885
0.990 -1.810471
