0.000 2.979873
0.010 3.645250
0.020 -3.843980
0.030 3.748565
0.040 1.343078
0.050 0.932395
0.060 2.806353
0.070 0.057091
0.080 1.335928
0.090 0.370888
0.100 -0.040564
0.110 2.949404
0.120 2.266279
0.130 -1.956837
0.140 -1.406565
0.150 -0.880031
0.160 -0.193654
0.170 1.169125
0.180 -0.417517
0.190 2.346833
0.200 2.386419
0.210 1.442011
0.220 -1.096906
0.230 -0.497715
0.240 1.753399
0.250 -0.031221
0.260 0.479648
0.270 1.092129
0.280 0.951916
0.290 0.289317
0.300 -2.056380
0.310 -0.936286
0.320 1.340214
0.330 2.653368
0.340 0.078063
0.350 -0.159484
0.360 -0.134621
0.370 1.860871
0.380 -0.215854
0.390 0.443541
0.400 0.459692
0.410 -4.425965
0.420 2.096645
0.430 -1.864753
0.440 -1.545820
0.450 1.508318
0.460 -1.561933
0.470 -0.091686
0.480 -1.997861
0.490 0.075257
0.500 0.422921
0.510 -0.545209
0.520 2.156309
0.530 3.181809
0.540 1.546238
0.550 0.117928
0.560 -0.998474
0.570 1.032412
0.580 -2.577000
0.590 -2.790557
0.600 4.395335
0.610 -0.359618
0.620 -0.354599
0.630 -3.606027
0.640 -2.030238
0.650 0.483292
0.660 -0.398270
0.670 -0.477250
0.680 1.793578
0.690 1.009744
0.700 -0.645786
0.710 -1.473350
0.720 1.684939
0.730 -0.877180
0.740 2.050924
0.750 -0.864071
0.760 0.894092
0.770 0.901782
0.780 -1.131376
0.790 4.292885
0.800 -0.225328
0.810 0.280024
0.820 0.463355
0.830 0.038159
0.840 1.404357
0.850 1.065819
0.860 0.744512
0.870 -0.686554
0.880 -0.640925
0.890 -0.219448
0.900 -4.268337
0.910 -2.324562
0.920 -3.009787
0.930 -0.125629
0.940 0.818474
0.950 -2.530494
0.960 1.098222
0.970 2.029169
0.980 0.255255
0.990 2.099981
