0.000 -1.440607
0.010 -2.215320
0.020 0.276819
0.030 0.372252
0.040 -0.293551
0.050 0.324626
0.060 -0.027909
0.070 1.360307
0.080 1.850351
0.090 -1.760016
0.100 3.008642
0.110 -0.984228
0.120 2.875761
0.130 4.153995
0.140 0.260959
0.150 -1.770148
0.160 0.745152
0.170 2.374075
0.180 1.016397
0.190 2.650550
0.200 -0.640826
0.210 -3.045722
0.220 1.681230
0.230 -2.122801
0.240 -2.023686
0.250 1.567895
0.260 1.394697
0.270 1.138045
0.280 -1.565675
0.290 -1.199007
0.300 -0.848191
0.310 -0.347068
0.320 -0.622666
0.330 0.649242
0.340 -0.060513
0.350 -0.558207
0.360 -0.961994
0.370 -0.315542
0.380 0.382263
0.390 2.136804
0.400 -0.416635
0.410 -1.775911
0.420 3.248906
0.430 -2.778994
0.440 -0.982995
0.450 -0.586724
0.460 0.498113
0.470 -0.934713
0.480 1.860411
0.490 -2.961386
0.500 -1.003103
0.510 2.474391
0.520 -0.068753
0.530 0.958313
0.540 -0.015737
0.550 -0.288363
0.560 -1.901002
0.570 0.415948
0.580 -3.473975
0.590 -1.527432
0.600 0.999187
0.610 1.828738
0.620 1.212383
0.630 1.808049
0.640 -0.800495
0.650 -0.326671
0.660 -4.416823
0.670 -1.400784
0.680 0.946808
0.690 0.827490
0.700 0.586353
0.710 3.327983
0.720 1.690851
0.730 1.170675
0.740 1.507270
0.750 0.229426
0.760 0.830060
0.770 -0.131906
0.780 2.426076
0.790 -2.033799
0.800 0.297378
0.810 -3.698818
0.820 0.440780
0.830 -2.183526
0.840 3.309073
0.850 3.050017
0.860 -1.006306
0.870 -0.572955
0.880 -1.864190
0.890 2.651468
0.900 -1.580761
0.910 -2.286865
0.920 1.234124
0.930 0.404481
0.940 -1.027849
0.950 -1.626594
0.960 0.008917
0.970 -2.008397
0.980 -0.622737
0.990 -3.361518
