0.000 -1.134412
0.010 0.076112
0.020 1.973768
0.030 0.708916
0.040 1.183203
0.050 0.241570
0.060 -0.721544
0.070 2.137829
0.080 1.425257
0.090 2.159877
0.100 0.331342
0.110 -0.097572
0.120 2.635701
0.130 -0.017806
0.140 0.460118
0.150 0.926517
0.160 -0.704378
0.170 -2.297207
0.180 -1.708073
0.190 1.893848
0.200 -0.312938
0.210 -1.429400
0.220 0.302752
0.230 -1.697769
0.240 2.134674
0.250 -0.367246
0.260 -0.998351
0.270 -0.237055
0.280 4.208852
0.290 1.808870
0.300 -2.339932
0.310 0.252843
0.320 -2.043889
0.330 1.019671
0.340 -0.373365
0.350 -0.489043
0.360 -0.191879
0.370 1.407374
0.380 -0.222666
0.390 0.461781
0.400 0.180294
0.410 -1.669884
0.420 -1.738632
0.430 0.713800
0.440 2.347828
0.450 3.034438
0.460 -2.063789
0.470 -0.679706
0.480 1.291442
0.490 0.755784
0.500 1.835861
0.510 -0.859192
0.520 1.307648
0.530 0.119977
0.540 0.949892
0.550 1.574846
0.560 0.144622
0.570 2.260657
0.580 -2.137786
0.590 5.099200
0.600 1.191457
0.610 2.823211
0.620 1.031572
0.630 0.183579
0.640 2.165005
0.650 -0.629705
0.660 -0.862964
0.670 -2.061310
0.680 2.865302
0.690 -3.179800
0.700 -0.025165
0.710 -1.562603
0.720 1.652469
0.730 2.930560
0.740 3.953964
0.750 0.364828
0.760 0.455164
0.770 1.396190
0.780 1.068285
0.790 1.352034
0.800 -1.603992
0.810 -0.964893
0.820 -0.685779
0.830 -0.447552
0.840 0.612984
0.850 1.247969
0.860 -1.510150
0.870 0.316614
0.880 -2.887774
0.890 -2.537266
0.900 1.584114
0.910 1.312081
0.920 -4.462499
0.930 1.213515
0.940 -2.103715
0.950 1.077512
0.960 -0.106193
0.970 0.336713
0.980 0.466542
0.990 1.393344
