0.000 1.468262
0.010 2.024251
0.020 4.072635
0.030 -0.179550
0.040 3.630379
0.050 -1.973881
0.060 0.778295
0.070 1.807937
0.080 0.517260
0.090 0.427656
0.100 -1.596650
0.110 3.746579
0.120 -2.367081
0.130 -1.246529
0.140 0.284400
0.150 1.215591
0.160 -0.156598
0.170 -3.157609
0.180 -1.284010
0.190 2.158449
0.200 1.798164
0.210 2.748936
0.220 -1.786345
0.230 1.127279
0.240 -2.723945
0.250 1.304808
0.260 -2.037007
0.270 -1.405448
0.280 -1.924797
0.290 2.689929
0.300 4.004631
0.310 -1.384101
0.320 -1.210839
0.330 1.495044
0.340 1.414879
0.350 1.523882
0.360 -0.071503
0.370 -0.287838
0.380 2.916132
0.390 3.424550
0.400 1.950949
0.410 -2.227850
0.420 0.405141
0.430 3.526626
0.440 -1.159615
0.450 0.665190
0.460 -1.920411
0.470 1.077789
0.480 -1.329625
0.490 1.197589
0.500 2.251468
0.510 3.742623
0.520 2.131643
0.530 1.260889
0.540 0.537864
0.550 0.836384
0.560 -1.464523
0.570 -0.883618
0.580 -0.677394
0.590 -0.815615
0.600 1.208063
0.610 0.864704
0.620 0.941539
0.630 1.635194
0.640 -1.037242
0.650 0.365665
0.660 4.630959
0.670 -0.294438
0.680 -0.353068
0.690 -1.682829
0.700 0.781107
0.710 0.868095
0.720 0.449304
0.730 -0.742553
0.740 2.933619
0.750 -1.799356
0.760 -1.584279
0.770 1.654718
0.780 -0.266130
0.790 0.411318
0.800 0.271341
0.810 1.162004
0.820 1.211507
0.830 -0.376850
0.840 0.722706
0.850 -1.562068
0.860 -0.323869
0.870 0.237856
0.880 3.760217
0.890 -1.863192
0.900 -0.796956
0.910 2.664258
0.920 0.255738
0.930 -1.315593
0.940 2.016026
0.950 0.671703
0.960 -0.259914
0.970 0.889837
0.980 -0.781756
0.990 -1.937192
