0.000 -3.006781
0.010 3.147678
0.020 1.235676
0.030 -0.292971
0.040 -0.685237
0.050 -2.563140
0.060 -0.352577
0.070 0.416460
0.080 1.350901
0.090 0.343527
0.100 2.148996
0.110 1.519808
0.120 1.464152
0.130 -2.635633
0.140 2.564066
0.150 1.995306
0.160 2.030118
0.170 0.051743
0.180 -3.567075
0.190 0.347264
0.200 4.073286
0.210 2.663757
0.220 -1.050740
0.230 -1.189860
0.240 -3.476537
0.250 1.828420
0.260 -0.696707
0.270 -1.594432
0.280 -0.471386
0.290 -2.271788
0.300 -0.633701
0.310 0.229231
0.320 1.045415
0.330 0.174323
0.340 -0.073110
0.350 0.005484
0.360 -3.856820
0.370 0.237915
0.380 -1.430112
0.390 -4.129777
0.400 0.802327
0.410 1.602954
0.420 -1.482434
0.430 -2.818342
0.440 0.584481
0.450 1.071173
0.460 -1.868669
0.470 2.108004
0.480 -0.284745
0.490 -2.366780
0.500 3.720263
0.510 -0.848123
0.520 -0.005329
0.530 0.046095
0.540 -0.364471
0.550 -1.110533
0.560 1.604700
0.570 0.338256
0.580 2.000068
0.590 1.511980
0.600 -0.185439
0.610 -0.750082
0.620 1.801203
0.630 2.169175
0.640 -0.163210
0.650 3.715000
0.660 -0.988235
0.670 1.229565
0.680 -2.230180
0.690 -1.244946
0.700 2.558172
0.710 1.590350
0.720 -1.428300
0.730 -0.153767
0.740 -0.592326
0.750 -2.696506
0.760 0.056343
0.770 -0.423787
0.780 -1.695753
0.790 0.558719
0.800 0.088139
0.810 -0.729491
0.820 -0.352194
0.830 0.645582
0.840 -0.827430
0.850 3.109195
0.860 1.267444
0.870 -0.588473
0.880 -0.589247
0.890 0.891204
0.900 1.802564
0.910 -0.019271
0.920 -0.331703
0.930 1.644787
0.940 1.315599
0.950 -1.245198
0.960 1.025576
0.970 1.196010
0.980 -0.891577
0.990 1.498427
