0.000 -1.921109
0.010 3.983776
0.020 -1.661386
0.030 -2.405056
0.040 2.669584
0.050 2.022768
0.060 -0.096080
0.070 1.156462
0.080 0.424920
0.090 -0.558848
0.100 0.593657
0.110 0.646957
0.120 1.356454
0.130 1.604722
0.140 0.558825
0.150 1.395971
0.160 1.341374
0.170 -2.592600
0.180 0.302800
0.190 -0.566689
0.200 2.177152
0.210 2.611090
0.220 -1.359677
0.230 1.941197
0.240 -0.125153
0.250 -0.811383
0.260 -0.825066
0.270 -1.791784
0.280 -2.170672
0.290 1.115645
0.300 0.289635
0.310 -0.805338
0.320 -2.220388
0.330 2.622710
0.340 0.736443
0.350 2.486240
0.360 -0.046665
0.370 -1.149406
0.380 2.295384
0.390 -0.511255
0.400 0.755055
0.410 1.135857
0.420 -0.093080
0.430 -1.498281
0.440 -0.721433
0.450 2.815942
0.460 0.557295
0.470 2.648180
0.480 0.558917
0.490 1.560215
0.500 1.335899
0.510 -0.742925
0.520 1.198740
0.530 0.321615
0.540 2.854290
0.550 0.570963
0.560 -2.858695
0.570 0.676300
0.580 1.109104
0.590 1.296371
0.600 0.024114
0.610 0.760114
0.620 1.252692
0.630 -0.323104
0.640 0.114390
0.650 2.835763
0.660 1.378783
0.670 -4.467661
0.680 -0.590092
0.690 0.948715
0.700 3.088141
0.710 0.518752
0.720 0.721311
0.730 2.373680
0.740 -0.027662
0.750 -0.051258
0.760 1.831318
0.770 -0.732900
0.780 -1.348657
0.790 -0.098113
0.800 1.718924
0.810 -0.576746
0.820 0.808230
0.830 1.654419
0.840 -0.126949
0.850 0.152342
0.860 -0.207698
0.870 -1.777087
0.880 -0.906436
0.890 -0.535586
0.900 1.433503
0.910 -0.494917
0.920 -1.653051
0.930 1.746908
0.940 1.000238
0.950 -3.571272
0.960 -0.333112
0.970 -2.099218
0.980 -3.015571
0.990 -1.063880
