0.000 2.005146
0.010 -1.895431
0.020 -1.472396
0.030 -2.398340
0.040 -0.017500
0.050 -0.621567
0.060 2.771735
0.070 0.332002
0.080 0.925224
0.090 -1.999147
0.100 0.052429
0.110 1.107752
0.120 1.661835
0.130 0.819323
0.140 0.891215
0.150 -1.976310
0.160 1.734860
0.170 2.351820
0.180 -3.097783
0.190 2.275024
0.200 -0.650503
0.210 0.015919
0.220 -0.090141
0.230 -0.419845
0.240 -3.708982
0.250 0.936835
0.260 -1.141058
0.270 1.767965
0.280 -4.593822
0.290 1.587526
0.300 -0.413510
0.310 0.130199
0.320 -3.773856
0.330 2.141208
0.340 0.484970
0.350 -2.023023
0.360 2.359197
0.370 0.186434
0.380 -2.318583
0.390 2.248318
0.400 -2.018511
0.410 -1.305341
0.420 -1.319024
0.430 0.728875
0.440 0.176138
0.450 0.313547
0.460 0.809176
0.470 1.397725
0.480 -2.127980
0.490 3.365828
0.500 2.230662
0.510 2.444799
0.520 -2.491867
0.530 -2.485606
0.540 -0.022399
0.550 -1.107176
0.560 0.968926
0.570 -2.604639
0.580 0.867578
0.590 1.466377
0.600 -0.046045
0.610 1.006017
0.620 -2.207359
0.630 -0.270191
0.640 -0.549353
0.650 1.475751
0.660 -2.441026
0.670 1.789688
0.680 0.893508
0.690 0.884235
0.700 4.029132
0.710 2.591714
0.720 1.349168
0.730 0.907609
0.740 4.418127
0.750 -1.984282
0.760 -0.605212
0.770 0.324709
0.780 1.713603
0.790 -0.734666
0.800 -0.066641
0.810 0.774043
0.820 1.541549
0.830 1.048888
0.840 0.832400
0.850 -1.508741
0.860 -1.015498
0.870 2.810441
0.880 0.846317
0.890 -2.370074
0.900 0.583538
0.910 -0.815199
0.920 0.429978
0.930 -0.033568
0.940 -0.345605
0.950 0.369025
0.960 5.118506
0.970 0.367669
0.980 -1.372050
0.990 2.855870
