0.000 -1.087482
0.010 0.869182
0.020 2.071144
0.030 -1.261988
0.040 -0.861830
0.050 -0.091143
0.060 -2.238165
0.070 -0.589707
0.080 1.478834
0.090 0.767976
0.100 -1.096146
0.110 -2.548035
0.120 -1.631419
0.130 3.089002
0.140 1.607847
0.150 0.766651
0.160 1.203849
0.170 -0.173448
0.180 0.683995
0.190 -0.614373
0.200 -1.061788
0.210 -2.030268
0.220 -0.860466
0.230 1.266860
0.240 1.735965
0.250 2.123501
0.260 -0.400932
0.270 -1.355416
0.280 -2.219038
0.290 1.613043
0.300 1.632164
0.310 1.473005
0.320 -2.023363
0.330 1.404643
0.340 -3.586499
0.350 0.016158
0.360 1.870957
0.370 -2.209312
0.380 0.220696
0.390 -0.352503
0.400 3.156033
0.410 -0.686886
0.420 -1.272256
0.430 -0.335331
0.440 -0.756241
0.450 -0.189941
0.460 2.238957
0.470 2.032543
0.480 -0.259247
0.490 0.672304
0.500 2.038249
0.510 0.368486
0.520 2.211417
0.530 -0.144014
0.540 -0.463487
0.550 -3.040870
0.560 -1.572909
0.570 -0.183957
0.580 -2.697576
0.590 2.168288
0.600 -0.290342
0.610 1.205954
0.620 0.627617
0.630 4.126196
0.640 3.345196
0.650 -2.587893
0.660 1.791822
0.670 2.119935
0.680 0.102956
0.690 3.681339
0.700 0.352852
0.710 -0.999049
0.720 0.625098
0.730 -0.885290
0.740 -0.901222
0.750 1.126457
0.760 2.073966
0.770 1.508862
0.780 -0.680880
0.790 0.441761
0.800 1.746403
0.810 0.363174
0.820 -1.000790
0.830 1.465999
0.840 -2.309427
0.850 -0.067751
0.860 0.024622
0.870 1.958065
0.880 -0.773228
0.890 -1.094923
0.900 2.257538
0.910 -1.049870
0.920 1.882733
0.930 1.866883
0.940 1.124425
0.950 -2.892618
0.960 4.118607
0.970 -0.472419
0.980 1.832170
0.990 -2.775863
