0.000 -0.683220
0.010 0.739198
0.020 -0.173913
0.030 -0.653529
0.040 -0.428184
0.050 0.250883
0.060 -0.425218
0.070 -1.174616
0.080 2.482129
0.090 0.483340
0.100 -1.390632
0.110 0.187492
0.120 3.276761
0.130 0.144073
0.140 1.623475
0.150 -2.804317
0.160 -1.211136
0.170 -1.177400
0.180 -0.113094
0.190 0.145908
0.200 -0.926584
0.210 -0.286370
0.220 2.906894
0.230 -0.477911
0.240 -0.833969
0.250 0.594439
0.260 -0.437793
0.270 0.330163
0.280 -2.080391
0.290 -0.414826
0.300 0.931395
0.310 1.150409
0.320 1.251840
0.330 -1.983081
0.340 -1.864701
0.350 0.952402
0.360 -0.133356
0.370 -1.281440
0.380 -1.050823
0.390 2.232623
0.400 3.133772
0.410 -1.157958
0.420 -1.023013
0.430 1.918427
0.440 1.914966
0.450 -1.104946
0.460 1.280629
0.470 0.189216
0.480 -1.827273
0.490 -0.186370
0.500 2.077327
0.510 0.713828
0.520 0.667361
0.530 -1.954517
0.540 -0.766487
0.550 3.077115
0.560 -0.976252
0.570 -0.654087
0.580 0.552782
0.590 -0.496809
0.600 -0.823501
0.610 -2.528214
0.620 -0.187162
0.630 -0.732510
0.640 -1.662135
0.650 1.532000
0.660 -2.060471
0.670 1.794218
0.680 2.112989
0.690 -2.223973
0.700 0.977621
0.710 -0.926100
0.720 2.956791
0.730 0.221043
0.740 -2.376175
0.750 0.871925
0.760 3.558015
0.770 0.038668
0.780 -3.118694
0.790 1.768643
0.800 1.310481
0.810 -0.377313
0.820 1.924220
0.830 -2.970974
0.840 1.023028
0.850 -0.709833
0.860 -1.399709
0.870 -2.534397
0.880 -2.826261
0.890 4.946413
0.900 0.104621
0.910 -1.173056
0.920 -0.184509
0.930 -2.279620
0.940 0.591663
0.950 -1.075709
0.960 0.739607
0.970 0.626112
0.980 0.344781
0.990 -2.133388
