0.000 0.419397
0.010 -3.067064
0.020 0.017204
0.030 -0.455243
0.040 -1.052034
0.050 -0.723230
0.060 0.411964
0.070 2.466827
0.080 -2.500410
0.090 2.783883
0.100 1.700655
0.110 3.186498
0.120 -0.367561
0.130 1.394721
0.140 -1.839738
0.150 1.767099
0.160 -1.163158
0.170 -1.114343
0.180 1.032402
0.190 -0.457484
0.200 -3.055218
0.210 -1.209848
0.220 1.068984
0.230 -0.077470
0.240 2.561702
0.250 1.671534
0.260 1.811068
0.270 0.943012
0.280 0.913099
0.290 -0.001068
0.300 -0.935790
0.310 0.261394
0.320 -0.001518
0.330 -0.356925
0.340 -0.559906
0.350 2.085963
0.360 -1.140708
0.370 -0.148363
0.380 -0.906854
0.390 1.221308
0.400 0.596846
0.410 2.895395
0.420 -1.388164
0.430 -1.504562
0.440 -0.650183
0.450 -0.035025
0.460 -1.004433
0.470 0.411543
0.480 1.336061
0.490 -1.561308
0.500 -0.029331
0.510 0.752942
0.520 1.192447
0.530 -0.383432
0.540 -1.585597
0.550 2.162450
0.560 1.341695
0.570 -1.667359
0.580 -4.372370
0.590 5.277221
0.600 -0.814780
0.610 1.936727
0.620 1.874997
0.630 1.915692
0.640 -2.270596
0.650 0.864373
0.660 1.419052
0.670 2.714958
0.680 2.084359
0.690 -1.242229
0.700 1.559638
0.710 -1.100796
0.720 2.044889
0.730 3.382351
0.740 0.969044
0.750 0.492731
0.760 -2.766306
0.770 3.465993
0.780 -0.497749
0.790 2.993744
0.800 0.097032
0.810 1.206876
0.820 0.215790
0.830 2.130980
0.840 -0.392644
0.850 -3.452909
0.860 -1.170670
0.870 1.926339
0.880 0.406308
0.890 1.570621
0.900 0.431153
0.910 -2.742325
0.920 0.710322
0.930 0.045050
0.940 -0.479750
0.950 -1.120540
0.960 0.585858
0.970 0.477937
0.980 0.941142
0.990 3.216657
