0.000 0.009855
0.010 -1.860946
0.020 0.614805
0.030 0.641664
0.040 -1.038762
0.050 2.821957
0.060 -0.192218
0.070 2.059103
0.080 3.004545
0.090 -0.950532
0.100 -0.024674
0.110 0.974551
0.120 -0.567720
0.130 -0.712615
0.140 -2.050464
0.150 3.214848
0.160 -2.462752
0.170 2.444329
0.180 -1.007874
0.190 2.293360
0.200 0.831336
0.210 0.244329
0.220 0.337763
0.230 0.629702
0.240 1.415873
0.250 -2.116999
0.260 -1.557512
0.270 -1.358758
0.280 -1.340715
0.290 0.179406
0.300 -0.542363
0.310 2.074464
0.320 0.011191
0.330 1.165313
0.340 -1.294410
0.350 0.482253
0.360 -2.889851
0.370 0.403632
0.380 1.323001
0.390 3.207048
0.400 0.999731
0.410 0.124657
0.420 -1.886736
0.430 -1.142564
0.440 0.814084
0.450 0.375195
0.460 -4.109298
0.470 0.387162
0.480 -0.935094
0.490 -1.518444
0.500 0.971269
0.510 -3.283290
0.520 0.131542
0.530 0.288226
0.540 -0.708805
0.550 0.394744
0.560 -0.121597
0.570 -4.308469
0.580 2.739743
0.590 -0.085374
0.600 0.492192
0.610 -1.258459
0.620 2.501998
0.630 -0.487857
0.640 1.283663
0.650 1.859074
0.660 0.106784
0.670 0.475683
0.680 0.178507
0.690 -0.741041
0.700 -1.354533
0.710 3.315163
0.720 -2.498405
0.730 -1.803320
0.740 -2.380826
0.750 -3.868136
0.760 -2.325535
0.770 3.275840
0.780 1.513605
0.790 0.864774
0.800 -3.389865
0.810 3.171064
0.820 -0.078392
0.830 1.058808
0.840 0.213170
0.850 -1.236920
0.860 2.670940
0.870 3.059514
0.880 3.046275
0.890 -1.011037
0.900 0.280564
0.910 -2.984219
0.920 -3.119835
0.930 0.467845
0.940 -2.405790
0.950 2.770417
0.960 -2.443691
0.970 2.352197
0.980 -4.046572
0.990 -0.458749
