0.000 0.618261
0.010 0.366620
0.020 -0.228969
0.030 0.344634
0.040 0.889257
0.050 -2.534520
0.060 0.133398
0.070 3.850020
0.080 0.294173
0.090 -1.703406
0.100 0.135780
0.110 -1.116195
0.120 -1.876757
0.130 3.262094
0.140 -2.059223
0.150 2.079969
0.160 -0.025267
0.170 0.405804
0.180 1.025077
0.190 1.430663
0.200 -0.930991
0.210 -2.568139
0.220 2.635490
0.230 0.465027
0.240 -3.048234
0.250 2.254637
0.260 -0.047087
0.270 0.287544
0.280 2.490808
0.290 1.075791
0.300 2.885150
0.310 0.750925
0.320 0.885949
0.330 -1.195404
0.340 0.190946
0.350 2.147834
0.360 -0.547648
0.370 -0.107179
0.380 2.086302
0.390 -1.476025
0.400 0.413073
0.410 1.416198
0.420 2.340276
0.430 2.628754
0.440 0.561634
0.450 3.449542
0.460 -2.227760
0.470 2.059318
0.480 -1.095030
0.490 -1.309040
0.500 2.263198
0.510 -2.722377
0.520 1.807441
0.530 -1.517796
0.540 2.660749
0.550 -1.516864
0.560 2.601875
0.570 -0.659950
0.580 -0.732204
0.590 1.616513
0.600 -2.562909
0.610 1.893150
0.620 -0.546514
0.630 1.101837
0.640 0.403751
0.650 -1.124070
0.660 -0.403115
0.670 -1.113223
0.680 0.473685
0.690 0.243671
0.700 0.366267
0.710 0.593057
0.720 1.076168
0.730 -0.762833
0.740 -1.699910
0.750 0.608940
0.760 3.775116
0.770 -0.793089
0.780 0.833795
0.790 -1.474361
0.800 1.515700
0.810 -0.082906
0.820 -1.017146
0.830 0.761277
0.840 0.751225
0.850 1.052593
0.860 -0.169301
0.870 0.035339
0.880 -0.378468
0.890 0.612655
0.900 1.717407
0.910 -0.189117
0.920 0.262363
0.930 0.445687
0.940 -1.309802
0.950 -1.326711
0.960 -3.251838
0.970 0.018308
0.980 2.276596
0.990 0.948539
