0.000 -1.098560
0.010 -0.844985
0.020 3.235030
0.030 1.654660
0.040 -0.767547
0.050 0.632022
0.060 -0.383905
0.070 0.698994
0.080 -0.305729
0.090 2.090817
0.100 -1.616464
0.110 0.138090
0.120 0.214013
0.130 0.414366
0.140 -1.377968
0.150 0.687681
0.160 0.666630
0.170 -0.396098
0.180 -0.545562
0.190 -0.663271
0.200 -0.065595
0.210 -0.613394
0.220 0.679276
0.230 -4.744343
0.240 -1.253406
0.250 -1.317540
0.260 4.478873
0.270 0.820566
0.280 0.828859
0.290 -2.357211
0.300 -0.807358
0.310 1.481943
0.320 1.248103
0.330 -0.891081
0.340 -2.324761
0.350 -0.157303
0.360 1.844213
0.370 1.500302
0.380 0.726171
0.390 2.414745
0.400 -1.270284
0.410 -5.544610
0.420 -0.887346
0.430 -0.206167
0.440 0.562511
0.450 1.183116
0.460 -1.075132
0.470 -1.902017
0.480 -1.161124
0.490 -0.353879
0.500 0.681144
0.510 -0.876995
0.520 -0.332127
0.530 -1.000343
0.540 3.625006
0.550 -0.208614
0.560 -0.310943
0.570 1.891376
0.580 0.090646
0.590 1.377693
0.600 1.292569
0.610 1.991129
0.620 -0.000159
0.630 -1.576169
0.640 -1.801978
0.650 2.015491
0.660 0.299640
0.670 -1.305741
0.680 -0.986268
0.690 -1.521496
0.700 0.394832
0.710 -1.128901
0.720 1.788206
0.730 1.523243
0.740 -2.294626
0.750 -0.755139
0.760 -0.447355
0.770 -1.611404
0.780 0.950561
0.790 2.260398
0.800 1.090975
0.810 -1.164711
0.820 2.194789
0.830 -0.589595
0.840 2.055337
0.850 -1.426756
0.860 1.418666
0.870 -1.160923
0.880 -1.643353
0.890 0.817957
0.900 -2.179243
0.910 -0.979583
0.920 0.339911
0.930 -3.255436
0.940 0.570049
0.950 0.722085
0.960 1.572032
0.970 1.591798
0.980 -1.195828
0.990 -2.067166
