0.000 0.267248
0.010 2.403452
0.020 0.565640
0.030 -1.299383
0.040 -0.368066
0.050 0.927241
0.060 3.542095
0.070 2.081302
0.080 -0.470368
0.090 0.501408
0.100 -0.680817
0.110 -0.806808
0.120 -1.276141
0.130 -0.288640
0.140 3.669012
0.150 2.364975
0.160 2.670648
0.170 0.761338
0.180 1.500101
0.190 1.209673
0.200 5.153855
0.210 -0.686604
0.220 0.676474
0.230 0.230146
0.240 -0.216505
0.250 2.194214
0.260 0.553098
0.270 -0.755668
0.280 -0.045927
0.290 0.840138
0.300 0.743592
0.310 -0.016992
0.320 1.681937
0.330 1.852264
0.340 -0.760934
0.350 4.033402
0.360 -0.700813
0.370 1.498443
0.380 0.439795
0.390 -3.175680
0.400 1.364786
0.410 -0.857176
0.420 -0.809866
0.430 -2.113311
0.440 -0.350555
0.450 0.662591
0.460 1.166931
0.470 -3.087588
0.480 -0.555500
0.490 -0.002995
0.500 -1.217646
0.510 0.272565
0.520 1.567971
0.530 1.409695
0.540 -0.034418
0.550 -1.690652
0.560 -2.749673
0.570 -0.693304
0.580 2.619392
0.590 -0.242766
0.600 0.101903
0.610 0.494237
0.620 -3.797295
0.630 2.134858
0.640 -0.924469
0.650 0.318662
0.660 -3.459319
0.670 -1.062079
0.680 -1.964600
0.690 -2.514011
0.700 1.544213
0.710 0.141512
0.720 0.305237
0.730 0.694233
0.740 -0.256468
0.750 -0.067002
0.760 0.653374
0.770 2.324855
0.780 1.709011
0.790 0.697133
0.800 1.009415
0.810 -1.304482
0.820 -0.712006
0.830 1.001401
0.840 -0.741959
0.850 1.287161
0.860 -1.907451
0.870 1.939250
0.880 -2.296779
0.890 0.668742
0.900 0.701482
0.910 -0.323260
0.920 -0.588486
0.930 -1.049052
0.940 -0.776726
0.950 -3.337948
0.960 -2.293203
0.970 -0.917502
0.980 3.495114
0.990 -1.755026
