0.000 0.172462
0.010 1.936757
0.020 -0.861207
0.030 3.267986
0.040 -0.028871
0.050 0.224398
0.060 1.714123
0.070 -0.108622
0.080 2.030903
0.090 1.296802
0.100 1.634782
0.110 -1.960729
0.120 -1.760611
0.130 1.770290
0.140 0.415523
0.150 1.918535
0.160 0.589378
0.170 -0.486085
0.180 -3.037194
0.190 0.762525
0.200 -1.072735
0.210 1.362944
0.220 0.330942
0.230 0.691921
0.240 -2.018516
0.250 1.873727
0.260 -0.563203
0.270 1.444002
0.280 -0.968619
0.290 3.362114
0.300 -0.529385
0.310 -2.690470
0.320 -1.285878
0.330 0.731464
0.340 -1.700140
0.350 -1.159216
0.360 2.814346
0.370 1.631043
0.380 1.533385
0.390 -1.340619
0.400 -0.096353
0.410 0.725626
0.420 2.980720
0.430 -1.451027
0.440 -0.476519
0.450 -0.239121
0.460 0.843748
0.470 0.321342
0.480 -0.277307
0.490 -2.353054
0.500 0.114462
0.510 1.259030
0.520 0.075421
0.530 1.390685
0.540 0.461529
0.550 -0.548651
0.560 0.381423
0.570 0.998078
0.580 0.835770
0.590 -1.115101
0.600 -0.163835
0.610 0.460501
0.620 -1.511781
0.630 -0.656174
0.640 -1.509790
0.650 -0.428361
0.660 -0.069776
0.670 -1.959524
0.680 -0.736422
0.690 -2.326546
0.700 -1.376973
0.710 2.173686
0.720 -0.706430
0.730 3.192406
0.740 -1.733281
0.750 -0.715550
0.760 -0.375935
0.770 0.575797
0.780 0.802457
0.790 -0.855364
0.800 0.497267
0.810 -0.753250
0.820 2.836711
0.830 -1.426495
0.840 -1.389588
0.850 -0.969437
0.860 -0.177690
0.870 0.511458
0.880 -1.843828
0.890 0.701329
0.900 -0.910060
0.910 1.596882
0.920 2.425303
0.930 -2.050365
0.940 1.402143
0.950 1.512610
0.960 1.589330
0.970 -0.302221
0.980 0.830286
0.990 3.456766
