0.000 0.245396
0.010 2.909800
0.020 0.770602
0.030 1.588616
0.040 -0.199369
0.050 2.007327
0.060 0.800996
0.070 -1.588152
0.080 0.026938
0.090 -1.673003
0.100 0.131307
0.110 -1.462953
0.120 -1.390088
0.130 -0.115163
0.140 -2.473802
0.150 1.306449
0.160 0.519435
0.170 2.661816
0.180 1.844975
0.190 -0.103074
0.200 -0.411701
0.210 -1.375664
0.220 -1.161807
0.230 -2.993334
0.240 -1.526088
0.250 1.159088
0.260 1.738913
0.270 1.629313
0.280 0.449821
0.290 -3.337268
0.300 3.218342
0.310 0.123254
0.320 0.090393
0.330 -0.446528
0.340 0.297610
0.350 2.999131
0.360 1.045187
0.370 1.378335
0.380 2.269624
0.390 0.398003
0.400 0.380622
0.410 -1.550263
0.420 0.286167
0.430 0.780930
0.440 -1.340670
0.450 -1.293133
0.460 -1.496722
0.470 -1.350325
0.480 -0.056071
0.490 -2.406308
0.500 -1.293126
0.510 0.861869
0.520 -1.188562
0.530 2.224580
0.540 0.889447
0.550 -1.522774
0.560 -1.460844
0.570 -0.824414
0.580 -0.995889
0.590 -1.383499
0.600 0.148862
0.610 3.468906
0.620 1.151739
0.630 -0.697689
0.640 0.865998
0.650 0.874368
0.660 1.496357
0.670 0.611155
0.680 2.100568
0.690 0.034343
0.700 -0.670206
0.710 -1.833692
0.720 0.214479
0.730 0.213535
0.740 -0.143403
0.750 2.711050
0.760 0.057239
0.770 0.826932
0.780 0.706175
0.790 -1.209603
0.800 0.562389
0.810 0.085900
0.820 1.826895
0.830 -2.520531
0.840 0.705563
0.850 2.361600
0.860 -0.371168
0.870 1.654493
0.880 0.574468
0.890 0.721131
0.900 0.727365
0.910 -0.385644
0.920 -0.022268
0.930 -1.220181
0.940 -0.394566
0.950 0.138886
0.960 4.192809
0.970 -0.025533
0.980 -1.914998
0.990 -2.088436
