0.000 1.741215
0.010 3.053069
0.020 -0.460374
0.030 -0.984029
0.040 0.782515
0.050 1.501012
0.060 -1.795758
0.070 3.508543
0.080 2.183782
0.090 0.870578
0.100 0.947419
0.110 0.747793
0.120 1.540295
0.130 0.789532
0.140 1.836557
0.150 1.170262
0.160 0.305950
0.170 1.625167
0.180 -0.324110
0.190 2.353183
0.200 -1.210439
0.210 1.064271
0.220 0.575905
0.230 0.900577
0.240 -0.977070
0.250 2.308665
0.260 2.481925
0.270 -1.861381
0.280 0.990168
0.290 -0.421516
0.300 -2.907246
0.310 0.241249
0.320 -0.599257
0.330 0.094154
0.340 0.499201
0.350 2.195946
0.360 -2.546891
0.370 1.564730
0.380 3.957026
0.390 -1.481754
0.400 0.509808
0.410 2.298490
0.420 2.044652
0.430 0.252977
0.440 -2.018291
0.450 -0.070664
0.460 -0.672921
0.470 1.984848
0.480 1.483242
0.490 1.524719
0.500 -1.353353
0.510 0.202934
0.520 1.001192
0.530 -0.213055
0.540 0.728948
0.550 0.745904
0.560 -1.497185
0.570 1.746107
0.580 -3.069857
0.590 2.842419
0.600 -0.252035
0.610 -3.896310
0.620 -0.221190
0.630 0.571911
0.640 -0.701664
0.650 3.800359
0.660 -1.281830
0.670 -2.023959
0.680 -0.506071
0.690 -0.013047
0.700 1.259145
0.710 -0.009915
0.720 2.438024
0.730 0.810587
0.740 1.164072
0.750 -0.706505
0.760 1.133830
0.770 -0.301274
0.780 -1.834151
0.790 1.366862
0.800 -1.233062
0.810 -0.497666
0.820 -0.103346
0.830 0.522011
0.840 -1.700839
0.850 -0.197586
0.860 -0.866836
0.870 1.803378
0.880 -0.413150
0.890 0.675584
0.900 0.842731
0.910 1.309912
0.920 3.097484
0.930 -1.308232
0.940 2.092497
0.950 0.239190
0.960 3.230401
0.970 0.750442
0.980 -0.252266
0.990 0.803037
