0.000 1.745370
0.010 1.836135
0.020 -2.631295
0.030 0.577754
0.040 -0.601143
0.050 4.363928
0.060 0.048004
0.070 -1.847320
0.080 0.686967
0.090 -1.274254
0.100 -0.063112
0.110 1.575316
0.120 1.680459
0.130 3.248340
0.140 -1.562936
0.150 0.123015
0.160 1.039716
0.170 -1.190284
0.180 0.542145
0.190 -0.331813
0.200 0.655343
0.210 -1.465957
0.220 -0.764808
0.230 -2.035977
0.240 -0.878473
0.250 -1.964238
0.260 3.083223
0.270 1.131258
0.280 -1.869792
0.290 1.112586
0.300 0.238004
0.310 -1.150055
0.320 -1.135840
0.330 1.058981
0.340 1.031555
0.350 1.720689
0.360 -0.683114
0.370 0.860085
0.380 -0.728200
0.390 -2.054003
0.400 -0.239430
0.410 2.417962
0.420 1.771662
0.430 1.377846
0.440 -1.214870
0.450 0.797619
0.460 2.819990
0.470 2.719434
0.480 -1.961468
0.490 -1.152795
0.500 0.049816
0.510 0.365038
0.520 -1.304468
0.530 1.377001
0.540 -0.610155
0.550 -0.128481
0.560 -1.311001
0.570 -0.475630
0.580 2.934054
0.590 -0.288657
0.600 -0.614766
0.610 -2.506979
0.620 -0.327164
0.630 1.935165
0.640 -0.336559
0.650 -0.553378
0.660 -1.036711
0.670 -3.299469
0.680 -0.892517
0.690 0.539435
0.700 3.063559
0.710 1.561297
0.720 0.149455
0.730 2.907095
0.740 1.052451
0.750 -1.461526
0.760 -0.812314
0.770 1.591218
0.780 0.605799
0.790 -0.052681
0.800 2.368544
0.810 -0.712366
0.820 -1.884560
0.830 -0.295035
0.840 0.116913
0.850 0.768796
0.860 -0.146300
0.870 -1.251956
0.880 -1.142696
0.890 1.259375
0.900 -2.235050
0.910 0.135918
0.920 0.729190
0.930 4.320419
0.940 -0.769215
0.950 0.818759
0.960 -0.212105
0.970 1.188252
0.980 -0.550891
0.990 0.108364
