0.000 0.554858
0.010 -1.127541
0.020 -0.744691
0.030 2.133460
0.040 -3.180320
0.050 0.796353
0.060 1.221148
0.070 -1.417515
0.080 -2.266498
0.090 0.281755
0.100 1.380727
0.110 -0.662424
0.120 3.557233
0.130 3.368894
0.140 0.400992
0.150 -1.466104
0.160 0.790567
0.170 0.109672
0.180 1.776306
0.190 2.538988
0.200 -1.181134
0.210 2.279443
0.220 0.409657
0.230 1.035319
0.240 2.709828
0.250 0.308275
0.260 -0.648979
0.270 -2.011779
0.280 0.219611
0.290 0.332962
0.300 3.285863
0.310 -0.214883
0.320 1.506595
0.330 -1.437174
0.340 -1.235346
0.350 0.068895
0.360 3.565914
0.370 -0.724961
0.380 -1.496449
0.390 3.072272
0.400 -5.668409
0.410 0.624601
0.420 -1.308364
0.430 -0.537907
0.440 0.920741
0.450 -1.888308
0.460 -0.524616
0.470 3.979921
0.480 -0.221617
0.490 0.479248
0.500 1.501321
0.510 1.192799
0.520 0.077867
0.530 0.906664
0.540 2.542930
0.550 -0.570119
0.560 1.163903
0.570 0.148898
0.580 1.286843
0.590 -0.485976
0.600 1.905447
0.610 -2.120724
0.620 -1.035382
0.630 -2.198487
0.640 1.079620
0.650 -0.171016
0.660 -1.697058
0.670 -0.130726
0.680 1.250067
0.690 -3.005438
0.700 0.924917
0.710 -0.884074
0.720 0.992727
0.730 -2.226122
0.740 2.182410
0.750 -1.007646
0.760 1.141146
0.770 -1.052352
0.780 0.654623
0.790 1.665685
0.800 -1.521038
0.810 0.307046
0.820 -0.824496
0.830 -0.621972
0.840 2.223845
0.850 -0.853425
0.860 0.811285
0.870 1.837600
0.880 0.440218
0.890 -0.805435
0.900 -0.819280
0.910 0.788072
0.920 0.801905
0.930 2.022532
0.940 1.444528
0.950 0.318542
0.960 0.765613
0.970 -0.887050
0.980 0.226805
0.990 0.443118
