0.000 1.100591
0.010 2.053684
0.020 1.197416
0.030 -0.244082
0.040 0.839856
0.050 -1.280752
0.060 -0.709153
0.070 -2.408580
0.080 -0.866973
0.090 -2.831826
0.100 2.190956
0.110 0.527384
0.120 1.903642
0.130 -0.193976
0.140 1.122224
0.150 -1.307927
0.160 0.680976
0.170 1.239690
0.180 2.378226
0.190 0.659808
0.200 -0.154210
0.210 -1.586938
0.220 1.070071
0.230 2.055368
0.240 -0.732891
0.250 0.485455
0.260 1.404185
0.270 0.902048
0.280 2.324094
0.290 0.586085
0.300 3.113849
0.310 1.444049
0.320 0.918179
0.330 -0.531791
0.340 -4.451960
0.350 2.389131
0.360 1.966962
0.370 1.185516
0.380 -1.771872
0.390 -0.223066
0.400 -1.291197
0.410 0.910573
0.420 -0.067460
0.430 -3.077437
0.440 1.543587
0.450 1.704406
0.460 2.475752
0.470 -0.933897
0.480 -1.521433
0.490 -0.793807
0.500 -2.868798
0.510 0.879935
0.520 0.252011
0.530 -3.071903
0.540 3.459580
0.550 -0.980039
0.560 -0.180860
0.570 2.573571
0.580 -0.652585
0.590 1.641807
0.600 0.121716
0.610 -3.443685
0.620 1.507668
0.630 -0.665106
0.640 0.814167
0.650 2.686072
0.660 0.946102
0.670 1.073317
0.680 1.086547
0.690 1.410830
0.700 -2.605764
0.710 1.156278
0.720 -0.608622
0.730 0.547031
0.740 -2.881966
0.750 -1.380830
0.760 1.303702
0.770 -0.762297
0.780 -5.078842
0.790 -1.575512
0.800 1.133092
0.810 0.982902
0.820 -0.337941
0.830 -0.414526
0.840 0.827190
0.850 0.260617
0.860 1.747740
0.870 0.066510
0.880 0.863071
0.890 0.840414
0.900 0.218610
0.910 1.249542
0.920 3.194918
0.930 0.274664
0.940 0.942834
0.950 1.517169
0.960 0.640748
0.970 -2.031901
0.980 1.399238
0.990 0.451512
