0.000 3.650397
0.010 1.577506
0.020 2.457511
0.030 -3.262275
0.040 1.278960
0.050 1.869886
0.060 -4.187537
0.070 -1.571178
0.080 -1.473203
0.090 0.754047
0.100 -0.726200
0.110 -0.702862
0.120 0.539209
0.130 0.359893
0.140 1.945651
0.150 2.775674
0.160 1.376022
0.170 -0.488209
0.180 0.007188
0.190 2.298423
0.200 0.364745
0.210 2.458558
0.220 2.303619
0.230 -1.093178
0.240 0.797608
0.250 -0.220364
0.260 -3.122470
0.270 1.590956
0.280 2.652605
0.290 0.013574
0.300 -0.981639
0.310 -0.149578
0.320 0.835147
0.330 -0.290248
0.340 1.547445
0.350 -0.269563
0.360 1.417705
0.370 1.408602
0.380 1.320429
0.390 -0.803594
0.400 -0.116296
0.410 -1.125993
0.420 -1.301016
0.430 -3.822248
0.440 -0.904948
0.450 -0.966027
0.460 -1.089100
0.470 1.069421
0.480 1.708977
0.490 2.427961
0.500 -1.745217
0.510 -0.957493
0.520 3.951890
0.530 1.501490
0.540 2.135923
0.550 0.306327
0.560 -0.068524
0.570 1.530268
0.580 1.634786
0.590 0.870877
0.600 -0.894982
0.610 2.385185
0.620 -1.310330
0.630 0.568885
0.640 0.755961
0.650 -1.838723
0.660 0.305505
0.670 -1.861108
0.680 0.855425
0.690 -3.041171
0.700 -0.059052
0.710 0.501852
0.720 4.454136
0.730 -0.488425
0.740 1.214323
0.750 -0.466097
0.760 -1.283189
0.770 0.503588
0.780 1.732221
0.790 4.099020
0.800 -0.270386
0.810 1.819594
0.820 0.818012
0.830 1.551347
0.840 1.464442
0.850 -0.729114
0.860 -0.450850
0.870 1.399937
0.880 -0.326570
0.890 0.922479
0.900 1.602319
0.910 1.856242
0.920 1.439885
0.930 -0.069336
0.940 0.062727
0.950 -0.151702
0.960 0.433364
0.970 -2.307119
0.980 -2.280914
0.990 0.000677
