0.000 1.598064
0.010 -1.129827
0.020 -1.349968
0.030 2.419827
0.040 -0.373990
0.050 0.176530
0.060 -1.600623
0.070 -0.062135
0.080 -0.979899
0.090 2.966381
0.100 -2.565763
0.110 -1.143016
0.120 2.334952
0.130 1.351592
0.140 -0.912464
0.150 1.123860
0.160 -4.015314
0.170 1.687337
0.180 -0.507291
0.190 0.958165
0.200 -1.158293
0.210 1.671789
0.220 5.612210
0.230 -0.155202
0.240 -2.375511
0.250 -1.071142
0.260 1.591793
0.270 -2.912588
0.280 0.502441
0.290 2.203967
0.300 0.436195
0.310 -0.814791
0.320 -1.225004
0.330 3.058271
0.340 1.420211
0.350 -0.760303
0.360 1.315338
0.370 0.932727
0.380 -2.775642
0.390 0.775437
0.400 1.421772
0.410 1.895014
0.420 1.536489
0.430 0.789187
0.440 2.325790
0.450 2.952727
0.460 -3.256814
0.470 -0.796971
0.480 -0.051191
0.490 -0.036584
0.500 1.524643
0.510 -0.323707
0.520 -1.188793
0.530 2.537071
0.540 -0.962933
0.550 -0.967346
0.560 -0.056126
0.570 -1.973795
0.580 1.215346
0.590 1.295482
0.600 1.365922
0.610 1.538493
0.620 -0.404421
0.630 0.421351
0.640 -0.127591
0.650 0.293063
0.660 1.213662
0.670 0.956411
0.680 1.568549
0.690 0.434995
0.700 2.382856
0.710 -0.573100
0.720 -0.828576
0.730 -0.196756
0.740 -0.834810
0.750 0.776707
0.760 1.608863
0.770 -2.060353
0.780 1.953244
0.790 1.176922
0.800 0.657602
0.810 0.682580
0.820 0.626800
0.830 1.815887
0.840 0.409682
0.850 0.430388
0.860 0.617773
0.870 -0.105776
0.880 2.953977
0.890 -0.191656
0.900 -2.750553
0.910 0.694156
0.920 -1.668564
0.930 2.894859
0.940 0.707761
0.950 1.210983
0.960 -1.974303
0.970 0.712798
0.980 1.926904
0.990 1.303834
