0.000 1.246015
0.010 -1.683072
0.020 3.372119
0.030 0.783404
0.040 -2.315688
0.050 0.576885
0.060 0.344681
0.070 -0.490608
0.080 1.280734
0.090 -0.963284
0.100 -2.037534
0.110 1.540890
0.120 -0.099085
0.130 1.339898
0.140 0.331643
0.150 -0.704658
0.160 -0.354757
0.170 1.691399
0.180 -1.490262
0.190 -1.685139
0.200 1.023104
0.210 -0.569501
0.220 0.115968
0.230 -0.033895
0.240 -0.434821
0.250 -0.808679
0.260 -0.643376
0.270 1.258681
0.280 -2.474662
0.290 -0.533528
0.300 2.333825
0.310 0.925496
0.320 -0.904016
0.330 2.630505
0.340 1.521576
0.350 -0.503550
0.360 1.085933
0.370 -0.938330
0.380 2.047925
0.390 -1.250386
0.400 -1.446426
0.410 0.937926
0.420 0.040035
0.430 1.661431
0.440 -0.767319
0.450 -1.301090
0.460 1.817414
0.470 -1.983264
0.480 2.260919
0.490 1.316004
0.500 -0.180186
0.510 -0.485651
0.520 1.464232
0.530 0.877247
0.540 0.609333
0.550 1.008807
0.560 -2.784900
0.570 -0.284411
0.580 0.699080
0.590 -2.681197
0.600 2.852644
0.610 -1.583136
0.620 1.302924
0.630 4.664700
0.640 0.078238
0.650 0.774385
0.660 -0.624133
0.670 -1.638713
0.680 0.415480
0.690 2.507179
0.700 1.470137
0.710 -2.826889
0.720 1.674730
0.730 -0.932783
0.740 3.154445
0.750 2.129417
0.760 -1.029020
0.770 -1.191493
0.780 0.161357
0.790 2.098048
0.800 -2.338569
0.810 1.030892
0.820 1.732477
0.830 -1.865492
0.840 -1.150256
0.850 0.037754
0.860 0.536981
0.870 -0.015822
0.880 1.988403
0.890 -1.024451
0.900 -1.406782
0.910 1.950946
0.920 1.002199
0.930 0.813993
0.940 0.413961
0.950 1.918495
0.960 -1.785538
0.970 -1.316655
0.980 2.401988
0.990 1.327743
