0.000 1.955798
0.010 -0.037917
0.020 -2.908351
0.030 -3.662536
0.040 -1.738286
0.050 2.216139
0.060 -2.935446
0.070 1.307869
0.080 0.553186
0.090 1.019719
0.100 -0.363886
0.110 0.900799
0.120 1.336720
0.130 0.408433
0.140 -0.546890
0.150 0.864468
0.160 -0.345384
0.170 -0.007770
0.180 -3.281846
0.190 0.791134
0.200 3.379032
0.210 -3.327376
0.220 -1.728053
0.230 -0.400256
0.240 -0.021529
0.250 -1.516395
0.260 -0.407752
0.270 2.929829
0.280 0.771816
0.290 -0.307367
0.300 -0.973176
0.310 3.232651
0.320 0.893673
0.330 3.752818
0.340 1.529393
0.350 2.842917
0.360 3.105409
0.370 1.802575
0.380 0.374625
0.390 3.573583
0.400 -0.493327
0.410 0.209875
0.420 2.410099
0.430 -1.810743
0.440 0.010706
0.450 0.122360
0.460 0.886642
0.470 -2.567477
0.480 -1.272149
0.490 2.759481
0.500 -1.363256
0.510 2.691014
0.520 3.246934
0.530 1.973712
0.540 0.732450
0.550 -0.812580
0.560 -0.658027
0.570 1.075644
0.580 1.733814
0.590 1.232971
0.600 -2.570997
0.610 1.006914
0.620 -0.403551
0.630 1.378294
0.640 -1.802594
0.650 1.803083
0.660 2.075452
0.670 -1.562998
0.680 2.649023
0.690 1.348574
0.700 -0.077303
0.710 -0.741854
0.720 0.161998
0.730 0.727821
0.740 -1.132080
0.750 -1.814854
0.760 1.258985
0.770 0.630833
0.780 0.520219
0.790 1.229167
0.800 -1.906428
0.810 -0.103053
0.820 1.090101
0.830 1.479826
0.840 0.342117
0.850 -0.636776
0.860 -0.541248
0.870 -3.918658
0.880 1.360827
0.890 -1.437393
0.900 2.360241
0.910 -0.151998
0.920 1.380219
0.930 0.610014
0.940 -1.404890
0.950 2.376999
0.960 1.620029
0.970 1.394201
0.980 -0.656704
0.990 -1.424371
