0.000 0.512522
0.010 -1.802110
0.020 -1.350717
0.030 1.613046
0.040 -1.409266
0.050 -1.283535
0.060 1.549917
0.070 0.640757
0.080 -0.991108
0.090 -1.251574
0.100 2.099080
0.110 -0.788040
0.120 -2.750629
0.130 -1.631817
0.140 -0.647315
0.150 -2.007424
0.160 1.551655
0.170 -3.412249
0.180 1.192340
0.190 0.034830
0.200 -2.590979
0.210 -2.196096
0.220 0.271190
0.230 3.018217
0.240 0.843614
0.250 0.486285
0.260 1.562877
0.270 2.779105
0.280 -2.435576
0.290 -0.318048
0.300 1.775994
0.310 0.477780
0.320 0.540305
0.330 0.612483
0.340 -1.195549
0.350 1.694487
0.360 2.046125
0.370 0.482875
0.380 0.770882
0.390 0.658694
0.400 4.475434
0.410 0.546566
0.420 0.008943
0.430 4.086267
0.440 2.401341
0.450 2.411818
0.460 -0.893214
0.470 0.147271
0.480 -0.155279
0.490 0.338316
0.500 -0.424242
0.510 -3.638124
0.520 1.333858
0.530 0.575592
0.540 -1.730286
0.550 -0.855880
0.560 -1.598428
0.570 3.392020
0.580 3.149328
0.590 2.304875
0.600 1.711193
0.610 1.114285
0.620 -2.050566
0.630 3.319010
0.640 0.336314
0.650 -1.083328
0.660 1.634835
0.670 -2.127182
0.680 -0.285717
0.690 1.027522
0.700 -0.071654
0.710 0.327657
0.720 4.447242
0.730 0.244084
0.740 1.035562
0.750 0.012416
0.760 1.458139
0.770 -2.678707
0.780 -0.155453
0.790 1.034144
0.800 1.156521
0.810 1.455524
0.820 0.385754
0.830 3.683474
0.840 1.396437
0.850 0.107129
0.860 -2.319581
0.870 -0.580608
0.880 0.786404
0.890 1.630087
0.900 -1.515361
0.910 0.368534
0.920 -0.495328
0.930 -3.783625
0.940 -1.732013
0.950 1.008530
0.960 0.336951
0.970 -0.603965
0.980 -0.251718
0.990 -2.176500
