0.000 -1.012203
0.010 0.387654
0.020 -2.287546
0.030 -1.624821
0.040 1.243971
0.050 -2.087924
0.060 -0.182035
0.070 1.178012
0.080 0.074693
0.090 -1.092068
0.100 1.382790
0.110 2.389396
0.120 0.497472
0.130 1.080385
0.140 -0.887024
0.150 0.700182
0.160 2.502059
0.170 2.281422
0.180 1.178477
0.190 -0.129310
0.200 2.282934
0.210 1.658300
0.220 -1.957659
0.230 -0.037739
0.240 -1.173869
0.250 0.798194
0.260 -1.299569
0.270 1.656566
0.280 1.242126
0.290 -3.658434
0.300 1.185487
0.310 0.155269
0.320 -0.050760
0.330 0.031472
0.340 -0.863623
0.350 -1.469518
0.360 1.699031
0.370 1.916678
0.380 0.956473
0.390 0.665475
0.400 -0.186975
0.410 2.255578
0.420 1.844902
0.430 -0.478397
0.440 -1.735912
0.450 -1.919561
0.460 1.393968
0.470 1.352484
0.480 0.234265
0.490 0.412346
0.500 -0.103464
0.510 0.472235
0.520 0.153292
0.530 -1.445583
0.540 2.219577
0.550 -2.470245
0.560 1.084840
0.570 -0.114651
0.580 -1.213050
0.590 -0.637073
0.600 0.188908
0.610 0.986613
0.620 3.389924
0.630 -1.352397
0.640 -2.304018
0.650 0.043182
0.660 -2.831127
0.670 -0.567882
0.680 0.504038
0.690 4.739872
0.700 3.493434
0.710 2.406656
0.720 1.101761
0.730 -0.194820
0.740 0.531674
0.750 0.472893
0.760 0.922274
0.770 0.099378
0.780 -1.061276
0.790 -1.232344
0.800 2.007883
0.810 2.556143
0.820 2.622959
0.830 -0.528902
0.840 1.000837
0.850 0.253714
0.860 0.520787
0.870 -1.200094
0.880 -0.518952
0.890 2.921058
0.900 0.625765
0.910 -1.276192
0.920 -0.526564
0.930 0.610615
0.940 1.968293
0.950 -0.233025
0.960 0.206171
0.970 -1.753097
0.980 -1.057978
0.990 0.022420
