0.000 -1.056718
0.010 3.206580
0.020 1.263773
0.030 1.985383
0.040 2.389975
0.050 0.304946
0.060 0.245688
0.070 -1.317797
0.080 1.767599
0.090 3.567098
0.100 0.814056
0.110 -2.840109
0.120 0.305227
0.130 -3.022905
0.140 -1.931500
0.150 -2.055698
0.160 1.713132
0.170 1.156691
0.180 -0.456195
0.190 -0.893741
0.200 -1.314850
0.210 -0.129100
0.220 -1.318702
0.230 -2.972902
0.240 1.620250
0.250 0.320089
0.260 1.732260
0.270 2.432799
0.280 0.742651
0.290 -4.291330
0.300 3.157397
0.310 0.832560
0.320 -0.316701
0.330 -0.574831
0.340 1.302662
0.350 0.133147
0.360 -1.858892
0.370 -1.432416
0.380 2.483888
0.390 0.221700
0.400 0.195392
0.410 0.944730
0.420 0.192432
0.430 -2.851894
0.440 0.703046
0.450 -2.007686
0.460 -0.919300
0.470 2.954458
0.480 0.047171
0.490 -1.157849
0.500 1.527975
0.510 -2.489851
0.520 -1.908960
0.530 1.471432
0.540 0.589350
0.550 0.927616
0.560 -0.061211
0.570 -2.057857
0.580 1.353222
0.590 3.450710
0.600 0.427867
0.610 -1.313878
0.620 0.257696
0.630 -1.172283
0.640 0.981793
0.650 1.804903
0.660 0.582799
0.670 -1.517029
0.680 -0.012342
0.690 0.548981
0.700 -0.256080
0.710 -1.432694
0.720 -0.189473
0.730 2.555696
0.740 -1.557831
0.750 3.072848
0.760 -1.628052
0.770 -0.377201
0.780 -1.024351
0.790 0.572444
0.800 0.637027
0.810 -0.541774
0.820 -0.806048
0.830 -0.994936
0.840 -2.099625
0.850 -1.753159
0.860 -0.292563
0.870 0.428949
0.880 2.019406
0.890 2.763994
0.900 1.289032
0.910 -2.005632
0.920 -1.352036
0.930 -0.153484
0.940 -1.505725
0.950 -0.453327
0.960 -2.416153
0.970 0.727986
0.980 1.651077
0.990 3.047336
