0.000 3.200668
0.010 -0.359636
0.020 -1.017977
0.030 1.701287
0.040 2.234983
0.050 0.738897
0.060 -0.660721
0.070 -2.592210
0.080 -1.760366
0.090 -0.284886
0.100 -2.440977
0.110 -0.168266
0.120 2.165575
0.130 -2.021238
0.140 -2.607423
0.150 -0.796561
0.160 -2.924273
0.170 -1.044897
0.180 -1.460413
0.190 0.473595
0.200 -1.135669
0.210 -4.064585
0.220 1.531950
0.230 3.428768
0.240 0.591923
0.250 0.629378
0.260 0.398026
0.270 -1.284893
0.280 0.437695
0.290 0.235952
0.300 1.450259
0.310 3.643472
0.320 -1.921521
0.330 -0.588324
0.340 1.422757
0.350 -1.875267
0.360 -1.025405
0.370 -2.702135
0.380 1.156679
0.390 -3.376532
0.400 -1.729523
0.410 0.506221
0.420 -0.019609
0.430 1.449198
0.440 0.176399
0.450 0.483713
0.460 0.859805
0.470 -1.234637
0.480 -1.613980
0.490 2.006215
0.500 1.411215
0.510 -0.471383
0.520 0.400725
0.530 1.606212
0.540 1.644367
0.550 -1.168560
0.560 -2.126641
0.570 -0.897321
0.580 0.730666
0.590 -1.825227
0.600 3.195479
0.610 -0.205680
0.620 -0.809628
0.630 -0.470495
0.640 -0.234132
0.650 -0.751602
0.660 0.269809
0.670 0.770265
0.680 3.216926
0.690 0.054515
0.700 -1.243118
0.710 0.982946
0.720 -1.478808
0.730 4.388833
0.740 4.570025
0.750 0.941716
0.760 2.286092
0.770 1.249355
0.780 1.846592
0.790 1.039081
0.800 -0.374717
0.810 1.819976
0.820 -0.394437
0.830 3.610228
0.840 3.000593
0.850 2.390367
0.860 -2.503015
0.870 1.960430
0.880 -0.269136
0.890 1.146364
0.900 -1.836122
0.910 -2.056168
0.920 -0.740622
0.930 -2.228692
0.940 -0.441965
0.950 1.424402
0.960 -0.003923
0.970 1.149579
0.980 2.125917
0.990 1.167892
