0.000 -0.037772
0.010 2.133813
0.020 0.983942
0.030 -0.614663
0.040 -1.818464
0.050 0.143732
0.060 1.650186
0.070 -1.577915
0.080 0.035160
0.090 -1.291038
0.100 -4.397241
0.110 -0.110818
0.120 2.519923
0.130 -0.884699
0.140 3.692324
0.150 0.392689
0.160 1.079662
0.170 3.068301
0.180 3.542478
0.190 -0.235567
0.200 0.176443
0.210 -0.592524
0.220 2.601130
0.230 1.684124
0.240 -1.047885
0.250 -2.137764
0.260 0.023179
0.270 1.977798
0.280 1.978517
0.290 -0.155451
0.300 -0.208526
0.310 1.024062
0.320 -0.853156
0.330 2.891368
0.340 1.738435
0.350 -0.226828
0.360 -0.591702
0.370 -0.417078
0.380 3.034521
0.390 1.378048
0.400 0.633096
0.410 -2.095731
0.420 1.535716
0.430 -1.465036
0.440 -1.417009
0.450 -0.964574
0.460 -0.399780
0.470 -1.519287
0.480 0.877471
0.490 4.236667
0.500 -0.487260
0.510 4.625169
0.520 1.382752
0.530 3.453096
0.540 1.428024
0.550 0.298453
0.560 -0.501929
0.570 2.902032
0.580 -1.627968
0.590 -1.849182
0.600 -0.406018
0.610 -2.190487
0.620 4.033864
0.630 -0.511667
0.640 -0.046311
0.650 -2.003114
0.660 0.066405
0.670 0.851761
0.680 -5.144538
0.690 1.011266
0.700 0.092542
0.710 -3.777239
0.720 1.879626
0.730 -1.742575
0.740 1.672861
0.750 -1.239351
0.760 -3.941941
0.770 -0.212434
0.780 -0.750021
0.790 1.147298
0.800 -0.645547
0.810 1.004595
0.820 1.931275
0.830 -2.979316
0.840 -2.647834
0.850 0.857404
0.860 -2.758687
0.870 1.434496
0.880 2.709686
0.890 0.847042
0.900 0.346300
0.910 -0.275018
0.920 -1.432913
0.930 0.338055
0.940 -1.174565
0.950 -1.779744
0.960 -1.540156
0.970 3.092795
0.980 0.640742
0.990 0.207185
