0.000 -2.094700
0.010 1.784203
0.020 -0.305580
0.030 -1.748936
0.040 -0.681886
0.050 -0.215753
0.060 -2.503464
0.070 -2.623300
0.080 1.131313
0.090 0.815692
0.100 -4.219674
0.110 -2.982504
0.120 0.857096
0.130 -1.611749
0.140 1.176251
0.150 2.583783
0.160 2.150491
0.170 -0.634776
0.180 2.659595
0.190 -2.397041
0.200 2.040807
0.210 1.679482
0.220 3.367950
0.230 -2.963192
0.240 0.935734
0.250 -0.443009
0.260 1.117290
0.270 -0.742334
0.280 1.999752
0.290 -1.293684
0.300 0.036352
0.310 -0.327377
0.320 1.320882
0.330 -0.241128
0.340 3.597023
0.350 -0.229188
0.360 0.219089
0.370 3.356923
0.380 0.937938
0.390 0.532633
0.400 0.404909
0.410 1.716260
0.420 -1.237921
0.430 -0.591436
0.440 3.238008
0.450 -1.531652
0.460 1.702210
0.470 1.998797
0.480 2.078643
0.490 -0.206938
0.500 -0.437154
0.510 0.120797
0.520 -0.713281
0.530 -1.200707
0.540 3.057616
0.550 3.132381
0.560 1.433193
0.570 -0.295032
0.580 1.352329
0.590 1.070922
0.600 3.115932
0.610 0.672650
0.620 1.571516
0.630 -2.597035
0.640 -0.984084
0.650 -2.008404
0.660 1.393531
0.670 -0.081983
0.680 1.115276
0.690 1.253724
0.700 -4.466061
0.710 -2.782965
0.720 -0.172308
0.730 -0.253120
0.740 1.160863
0.750 -0.641522
0.760 -1.468884
0.770 0.102947
0.780 1.638738
0.790 1.326073
0.800 0.486868
0.810 -1.412952
0.820 -0.291857
0.830 -0.248858
0.840 1.090418
0.850 -1.585586
0.860 -1.261057
0.870 -2.533484
0.880 2.029328
0.890 -1.258138
0.900 1.134185
0.910 0.103224
0.920 2.776540
0.930 -0.942558
0.940 1.552947
0.950 0.113749
0.960 0.357884
0.970 -3.529282
0.980 1.672492
0.990 2.016431
