0.000 1.025958
0.010 0.933519
0.020 -2.948847
0.030 1.213895
0.040 1.137928
0.050 1.600042
0.060 -1.392079
0.070 -2.211597
0.080 0.033827
0.090 2.730735
0.100 -2.164503
0.110 -1.298502
0.120 -3.439564
0.130 1.746599
0.140 -0.899375
0.150 1.136180
0.160 -2.612651
0.170 0.997126
0.180 2.365613
0.190 1.489802
0.200 1.990493
0.210 -1.346041
0.220 -2.273514
0.230 -1.246810
0.240 -1.814887
0.250 -1.380717
0.260 0.137681
0.270 -1.001417
0.280 0.070123
0.290 1.349530
0.300 -1.097677
0.310 0.670269
0.320 -1.092372
0.330 1.164195
0.340 -2.666355
0.350 0.147859
0.360 -2.646929
0.370 1.135614
0.380 -2.299713
0.390 2.792453
0.400 3.098890
0.410 -0.294602
0.420 -0.721736
0.430 0.160107
0.440 0.772807
0.450 -1.625104
0.460 -0.706649
0.470 2.506344
0.480 -1.468718
0.490 -0.391737
0.500 -2.444835
0.510 0.376776
0.520 0.919871
0.530 -0.924792
0.540 0.341293
0.550 3.106807
0.560 2.376905
0.570 -3.612257
0.580 -0.818625
0.590 -0.526622
0.600 -0.846305
0.610 -0.678816
0.620 -1.766303
0.630 0.242721
0.640 0.784350
0.650 1.555677
0.660 1.878915
0.670 0.807014
0.680 -0.118057
0.690 -1.152859
0.700 -1.122157
0.710 0.810446
0.720 -3.092481
0.730 1.039749
0.740 -2.919762
0.750 1.919475
0.760 -1.320701
0.770 -0.634070
0.780 -2.218793
0.790 -2.028554
0.800 -0.771137
0.810 -0.960871
0.820 2.766912
0.830 2.577957
0.840 1.339658
0.850 -0.521838
0.860 0.817376
0.870 -0.547963
0.880 -1.017446
0.890 -1.152237
0.900 2.076472
0.910 2.450931
0.920 -0.029269
0.930 -0.736120
0.940 -0.771780
0.950 1.110603
0.960 1.723921
0.970 1.808397
0.980 -1.346438
0.990 -1.298510
