0.000 0.600391
0.010 1.275035
0.020 -3.140549
0.030 1.851421
0.040 3.345995
0.050 1.060619
0.060 0.057204
0.070 1.372052
0.080 -0.127020
0.090 -2.711206
0.100 2.439555
0.110 3.767319
0.120 0.249079
0.130 1.745524
0.140 1.332254
0.150 -0.143966
0.160 0.495608
0.170 1.375389
0.180 -2.386416
0.190 1.869102
0.200 1.394342
0.210 -2.496071
0.220 -3.504478
0.230 -0.936664
0.240 -0.074883
0.250 0.595906
0.260 0.957324
0.270 1.301887
0.280 -0.233862
0.290 -1.664043
0.300 0.991460
0.310 3.251717
0.320 2.386429
0.330 0.529163
0.340 0.542887
0.350 -1.933168
0.360 1.519262
0.370 1.475414
0.380 0.787055
0.390 -1.902701
0.400 -0.206438
0.410 2.051554
0.420 0.879023
0.430 1.219123
0.440 -1.083354
0.450 0.592245
0.460 0.964897
0.470 1.518021
0.480 -1.974333
0.490 0.887479
0.500 -2.100125
0.510 0.310620
0.520 -0.529802
0.530 -0.549133
0.540 1.932438
0.550 1.219875
0.560 -1.641905
0.570 -1.552973
0.580 -1.588559
0.590 -2.687361
0.600 2.000782
0.610 -1.681993
0.620 -0.932350
0.630 0.823901
0.640 0.555397
0.650 1.100674
0.660 0.332208
0.670 -0.489308
0.680 -0.327963
0.690 4.115647
0.700 -0.585484
0.710 -3.572244
0.720 1.900507
0.730 3.279570
0.740 1.544106
0.750 -3.022540
0.760 -0.115306
0.770 -0.053602
0.780 -2.141173
0.790 1.007411
0.800 2.272689
0.810 0.122311
0.820 -0.637742
0.830 0.849941
0.840 -1.717817
0.850 -0.283161
0.860 -0.396933
0.870 0.013865
0.880 0.134534
0.890 -0.505622
0.900 2.186547
0.910 0.321251
0.920 0.088911
0.930 0.417102
0.940 1.859776
0.950 -0.985565
0.960 1.682049
0.970 -4.900231
0.980 1.941910
0.990 -1.312680
