0.000 1.851911
0.010 -2.891351
0.020 -1.128645
0.030 1.091764
0.040 -0.414586
0.050 -0.766344
0.060 0.241047
0.070 -1.945471
0.080 -1.555873
0.090 0.156738
0.100 2.980363
0.110 0.773095
0.120 0.523858
0.130 -2.100076
0.140 0.099198
0.150 -0.949159
0.160 0.957100
0.170 -2.052465
0.180 0.977151
0.190 -0.218310
0.200 0.341729
0.210 1.129461
0.220 -1.428271
0.230 0.105073
0.240 -0.095874
0.250 1.309320
0.260 1.558647
0.270 2.012311
0.280 0.541792
0.290 -2.434611
0.300 0.754170
0.310 1.157420
0.320 -1.215532
0.330 1.162815
0.340 1.345381
0.350 1.036811
0.360 -1.677153
0.370 -2.311473
0.380 -0.091995
0.390 2.375974
0.400 -0.975126
0.410 0.365062
0.420 1.956701
0.430 5.288099
0.440 1.091455
0.450 0.707197
0.460 -1.101728
0.470 -2.677074
0.480 -0.541889
0.490 -1.320813
0.500 2.833697
0.510 1.776337
0.520 3.892667
0.530 0.821695
0.540 1.997778
0.550 -0.730460
0.560 0.241189
0.570 -0.314440
0.580 -0.617913
0.590 0.566207
0.600 1.339427
0.610 1.492393
0.620 1.535946
0.630 -0.907113
0.640 0.815015
0.650 0.237176
0.660 1.802377
0.670 1.278750
0.680 3.840816
0.690 4.781818
0.700 2.122008
0.710 0.270164
0.720 -1.889672
0.730 -1.347299
0.740 -0.342486
0.750 1.060922
0.760 2.298424
0.770 1.675737
0.780 0.421590
0.790 -3.530109
0.800 0.803524
0.810 -1.023082
0.820 1.762990
0.830 0.390696
0.840 0.025128
0.850 -2.194299
0.860 0.907250
0.870 0.798056
0.880 -0.856857
0.890 2.209434
0.900 0.593230
0.910 1.071936
0.920 0.310850
0.930 -0.368219
0.940 -0.877572
0.950 0.550317
0.960 -0.041643
0.970 0.905130
0.980 4.191214
0.990 -0.987644
