0.000 0.246102
0.010 -1.301338
0.020 -1.296292
0.030 -0.141875
0.040 -0.863338
0.050 -0.779875
0.060 2.815748
0.070 -0.387767
0.080 1.161963
0.090 -0.335602
0.100 -0.343281
0.110 -0.117387
0.120 0.290969
0.130 -0.944580
0.140 0.003238
0.150 -0.787489
0.160 -0.050621
0.170 -0.709157
0.180 -0.268178
0.190 -0.509325
0.200 0.084991
0.210 -2.437741
0.220 0.297364
0.230 2.326112
0.240 -1.810479
0.250 1.477617
0.260 0.759746
0.270 1.494467
0.280 -1.536754
0.290 -2.593937
0.300 -0.204133
0.310 1.048037
0.320 -2.711022
0.330 0.771634
0.340 1.325188
0.350 -1.462117
0.360 0.951993
0.370 0.588530
0.380 -0.442242
0.390 2.667890
0.400 -1.000689
0.410 0.938013
0.420 1.304293
0.430 2.891917
0.440 -1.342826
0.450 0.821744
0.460 0.255074
0.470 -1.494344
0.480 0.585048
0.490 1.368868
0.500 0.336268
0.510 -1.303711
0.520 -2.442739
0.530 -3.048120
0.540 1.470650
0.550 3.782710
0.560 0.727338
0.570 1.122997
0.580 -1.055268
0.590 0.064487
0.600 -2.308668
0.610 -0.261314
0.620 2.408395
0.630 -0.001904
0.640 1.849752
0.650 0.259470
0.660 -0.984539
0.670 -1.452082
0.680 -0.564462
0.690 -0.898756
0.700 -0.697150
0.710 0.426164
0.720 0.266984
0.730 0.324042
0.740 2.930439
0.750 1.864591
0.760 1.897176
0.770 2.411370
0.780 -1.438816
0.790 -0.234659
0.800 -0.372904
0.810 -0.816176
0.820 1.605224
0.830 0.410587
0.840 0.788695
0.850 -0.928000
0.860 0.114170
0.870 0.990415
0.880 1.095174
0.890 1.627674
0.900 -1.268078
0.910 3.015928
0.920 -0.551459
0.930 -2.004105
0.940 3.070984
0.950 3.867550
0.960 -0.886824
0.970 -1.015873
0.980 -0.430491
0.990 1.744714
