0.000 0.446704
0.010 0.663205
0.020 2.536994
0.030 -2.993222
0.040 -0.979454
0.050 2.525292
0.060 1.337058
0.070 -3.167276
0.080 -0.479103
0.090 1.602878
0.100 1.493696
0.110 -3.618854
0.120 0.169583
0.130 3.121495
0.140 0.955677
0.150 0.406682
0.160 2.340688
0.170 -0.242003
0.180 -1.399339
0.190 1.138062
0.200 -1.275810
0.210 -0.218150
0.220 -0.141417
0.230 -0.863727
0.240 1.754484
0.250 -0.397119
0.260 -0.942226
0.270 -0.740749
0.280 1.404779
0.290 -1.093311
0.300 -1.966880
0.310 1.378771
0.320 0.157446
0.330 0.290838
0.340 0.010152
0.350 -0.430967
0.360 -1.250188
0.370 -0.655169
0.380 0.227742
0.390 2.185844
0.400 0.913541
0.410 -0.591923
0.420 0.346828
0.430 2.141030
0.440 1.056526
0.450 -1.611575
0.460 3.438497
0.470 0.317959
0.480 1.033331
0.490 0.644852
0.500 1.092195
0.510 1.551296
0.520 -1.267383
0.530 -0.512208
0.540 -0.695647
0.550 -0.468270
0.560 1.440845
0.570 1.490854
0.580 -0.270367
0.590 -0.562024
0.600 -0.556068
0.610 -3.249753
0.620 0.693784
0.630 2.856993
0.640 2.003863
0.650 2.400014
0.660 -1.724388
0.670 -0.978766
0.680 -2.453046
0.690 1.325533
0.700 -0.079907
0.710 -2.785364
0.720 -0.501381
0.730 2.300483
0.740 1.454218
0.750 3.488612
0.760 2.348473
0.770 0.660141
0.780 -1.233590
0.790 -2.505468
0.800 -0.007435
0.810 -0.352441
0.820 3.277320
0.830 -2.007899
0.840 1.877805
0.850 -0.689802
0.860 1.056260
0.870 -1.711937
0.880 1.645592
0.890 0.256379
0.900 -0.561861
0.910 2.214418
0.920 -0.993541
0.930 -0.759658
0.940 1.980988
0.950 -2.493149
0.960 -1.167458
0.970 -1.088315
0.980 0.962322
0.990 -0.038606
