0.000 1.423051
0.010 -2.448432
0.020 -3.681914
0.030 -0.442644
0.040 -0.952135
0.050 -0.184625
0.060 1.054949
0.070 -0.707398
0.080 -1.656993
0.090 2.120231
0.100 0.929266
0.110 1.840833
0.120 1.671732
0.130 1.321540
0.140 1.227447
0.150 -2.546324
0.160 1.283423
0.170 -0.787846
0.180 -0.833761
0.190 0.901710
0.200 -3.000192
0.210 1.144819
0.220 0.966371
0.230 -1.319297
0.240 -1.611507
0.250 1.403338
0.260 2.604353
0.270 2.206767
0.280 -0.317340
0.290 1.299505
0.300 0.444079
0.310 1.065114
0.320 1.864307
0.330 0.132742
0.340 1.715839
0.350 2.480683
0.360 1.651350
0.370 -2.576477
0.380 0.091687
0.390 -1.170115
0.400 -0.478434
0.410 1.745837
0.420 -1.624281
0.430 2.690137
0.440 0.826493
0.450 2.681038
0.460 0.395788
0.470 1.407337
0.480 2.779913
0.490 0.754016
0.500 0.654225
0.510 -0.447537
0.520 0.729968
0.530 1.695322
0.540 1.900549
0.550 1.503392
0.560 -0.520646
0.570 0.124463
0.580 1.836412
0.590 -2.737999
0.600 1.346714
0.610 -2.030061
0.620 2.106435
0.630 -0.967354
0.640 1.615205
0.650 3.351059
0.660 -3.290869
0.670 -2.263080
0.680 2.343282
0.690 1.830017
0.700 -1.772689
0.710 -1.275208
0.720 -0.621784
0.730 0.508929
0.740 -1.250165
0.750 1.652214
0.760 1.626839
0.770 0.598071
0.780 -0.765488
0.790 0.905088
0.800 2.874566
0.810 2.203929
0.820 -0.057829
0.830 1.186851
0.840 -0.786672
0.850 1.035277
0.860 1.222472
0.870 1.819485
0.880 2.992792
0.890 -0.946233
0.900 3.424400
0.910 -2.465813
0.920 0.554343
0.930 1.217640
0.940 -0.144940
0.950 -0.288321
0.960 0.830449
0.970 4.074814
0.980 3.440255
0.990 -1.475753
