0.000 0.602497
0.010 -1.824001
0.020 0.011086
0.030 -1.095539
0.040 3.228617
0.050 0.560545
0.060 -3.710269
0.070 0.179658
0.080 -0.388709
0.090 0.079054
0.100 1.940964
0.110 3.680483
0.120 -0.413047
0.130 0.880164
0.140 3.889153
0.150 -0.852181
0.160 0.353955
0.170 3.846630
0.180 -1.122973
0.190 -2.862218
0.200 1.988524
0.210 -0.974300
0.220 1.087855
0.230 0.889607
0.240 -1.200859
0.250 2.260337
0.260 -1.254229
0.270 0.961145
0.280 -1.838686
0.290 -0.283838
0.300 0.304917
0.310 2.182446
0.320 0.238778
0.330 -0.807609
0.340 -5.226626
0.350 1.986658
0.360 -1.096306
0.370 -0.029871
0.380 0.132214
0.390 0.338210
0.400 -0.200750
0.410 0.086949
0.420 1.949270
0.430 0.524739
0.440 -0.910390
0.450 -0.048980
0.460 -2.991281
0.470 -2.158174
0.480 -1.364450
0.490 -1.880687
0.500 -0.112742
0.510 -0.700036
0.520 2.606302
0.530 3.741770
0.540 -0.425260
0.550 2.494476
0.560 2.055958
0.570 1.817265
0.580 -0.833562
0.590 1.568627
0.600 0.739771
0.610 -0.344977
0.620 -0.590219
0.630 0.860993
0.640 0.320514
0.650 -1.006116
0.660 -0.686616
0.670 0.188554
0.680 0.679202
0.690 0.382166
0.700 -2.766693
0.710 1.661790
0.720 0.809871
0.730 0.101828
0.740 -0.896032
0.750 1.276816
0.760 1.890095
0.770 -0.629770
0.780 0.625008
0.790 -0.286314
0.800 1.985885
0.810 -0.274748
0.820 -0.367404
0.830 -1.670722
0.840 2.505424
0.850 1.312139
0.860 -2.104097
0.870 2.422194
0.880 -0.923439
0.890 0.056034
0.900 0.447303
0.910 1.759710
0.920 -2.254519
0.930 1.056618
0.940 1.016942
0.950 0.691953
0.960 -1.085743
0.970 -0.246712
0.980 1.677770
0.990 -0.092694
