0.000 -4.294085
0.010 3.829449
0.020 3.939695
0.030 1.304219
0.040 0.623929
0.050 -1.414108
0.060 1.565082
0.070 0.448892
0.080 1.158068
0.090 3.902610
0.100 -2.802879
0.110 -0.506649
0.120 -0.905241
0.130 -1.982382
0.140 1.162832
0.150 -0.533700
0.160 0.928706
0.170 -0.100310
0.180 2.398397
0.190 -2.992709
0.200 1.251101
0.210 -3.555923
0.220 0.989340
0.230 0.159123
0.240 1.989612
0.250 -2.333894
0.260 0.363307
0.270 -1.576017
0.280 -0.206163
0.290 0.886494
0.300 1.015281
0.310 -1.707149
0.320 -0.928177
0.330 0.348263
0.340 -0.665588
0.350 -0.123152
0.360 1.454154
0.370 1.331489
0.380 -1.487877
0.390 -0.851428
0.400 -0.535192
0.410 1.959574
0.420 0.451755
0.430 -0.667357
0.440 2.655531
0.450 0.889562
0.460 -0.640111
0.470 -2.152482
0.480 -3.213705
0.490 -1.186516
0.500 2.994538
0.510 0.882235
0.520 -2.567998
0.530 -0.005159
0.540 -0.574376
0.550 -0.386001
0.560 -1.070198
0.570 -0.503759
0.580 -0.421075
0.590 -0.495077
0.600 1.435628
0.610 0.328089
0.620 -1.267234
0.630 -1.039736
0.640 0.000733
0.650 0.054945
0.660 1.229657
0.670 0.123014
0.680 -1.372825
0.690 -0.278081
0.700 0.463908
0.710 2.262291
0.720 0.428194
0.730 -2.175808
0.740 0.238676
0.750 -4.002442
0.760 1.489704
0.770 -2.815402
0.780 -2.281129
0.790 1.828497
0.800 -2.464027
0.810 -1.603135
0.820 0.715329
0.830 -1.106355
0.840 -1.583119
0.850 0.395063
0.860 0.095146
0.870 0.312391
0.880 1.743723
0.890 2.082122
0.900 -0.687151
0.910 -0.134097
0.920 -0.576429
0.930 -0.540055
0.940 1.657032
0.950 0.773761
0.960 5.721454
0.970 1.125361
0.980 0.996157
0.990 -0.264329
