0.000 1.008460
0.010 -0.363941
0.020 -1.564547
0.030 -0.136149
0.040 -2.189232
0.050 -0.144818
0.060 0.517604
0.070 0.652691
0.080 -2.646832
0.090 0.234981
0.100 -0.979029
0.110 2.340602
0.120 0.933397
0.130 1.836046
0.140 1.024129
0.150 0.350163
0.160 -1.656985
0.170 0.756051
0.180 0.438574
0.190 2.088057
0.200 -1.733500
0.210 0.594096
0.220 0.726360
0.230 0.440663
0.240 1.749581
0.250 0.601663
0.260 -0.890849
0.270 -0.249625
0.280 -0.803452
0.290 0.046799
0.300 1.073072
0.310 0.705408
0.320 -0.687987
0.330 0.508325
0.340 -2.478516
0.350 1.856357
0.360 -0.210387
0.370 0.991885
0.380 0.300225
0.390 -1.756892
0.400 0.136966
0.410 2.431872
0.420 0.731238
0.430 0.698623
0.440 1.069845
0.450 0.726222
0.460 0.244516
0.470 -0.529152
0.480 0.726564
0.490 0.202311
0.500 0.177476
0.510 0.758864
0.520 0.050824
0.530 -2.230797
0.540 -1.787228
0.550 3.002161
0.560 -1.719078
0.570 4.152959
0.580 -0.738614
0.590 -0.481912
0.600 -1.435429
0.610 -0.364264
0.620 -2.959346
0.630 -0.132374
0.640 -1.169450
0.650 0.256795
0.660 2.120588
0.670 1.321209
0.680 3.791842
0.690 2.536378
0.700 1.489058
0.710 1.321001
0.720 -2.572327
0.730 -2.229246
0.740 0.779408
0.750 1.204340
0.760 0.182851
0.770 -0.743665
0.780 2.215059
0.790 3.372449
0.800 -0.075940
0.810 -1.128529
0.820 0.566417
0.830 1.316303
0.840 -0.995289
0.850 0.104698
0.860 -0.398457
0.870 -1.073661
0.880 -0.182315
0.890 -0.392841
0.900 0.884976
0.910 -1.344190
0.920 2.195771
0.930 -0.648244
0.940 -1.941473
0.950 1.889873
0.960 1.091496
0.970 2.259744
0.980 1.391068
0.990 -0.691730
