0.000 1.961250
0.010 1.595680
0.020 -2.468049
0.030 0.670812
0.040 0.953459
0.050 1.999068
0.060 -1.160416
0.070 -3.487027
0.080 3.592125
0.090 0.190144
0.100 3.706285
0.110 -1.079269
0.120 0.725421
0.130 -2.500455
0.140 0.846557
0.150 -0.570945
0.160 2.338664
0.170 -1.329296
0.180 -1.110740
0.190 1.339177
0.200 -2.056184
0.210 1.247719
0.220 -2.262237
0.230 -0.145191
0.240 -1.538927
0.250 -1.536963
0.260 -3.275778
0.270 -1.167926
0.280 1.248032
0.290 2.005094
0.300 0.020483
0.310 -0.178641
0.320 -2.265627
0.330 3.435821
0.340 -0.824277
0.350 0.542803
0.360 -0.542557
0.370 -0.564282
0.380 -0.708670
0.390 0.317800
0.400 -1.856543
0.410 2.309280
0.420 2.387151
0.430 -0.891323
0.440 0.426051
0.450 -0.955959
0.460 -0.243683
0.470 0.060573
0.480 -2.886996
0.490 0.300820
0.500 0.977035
0.510 -0.362642
0.520 0.589194
0.530 0.688433
0.540 -1.984823
0.550 2.541115
0.560 1.525629
0.570 -0.550116
0.580 1.795648
0.590 -2.597460
0.600 0.669106
0.610 -0.168913
0.620 -0.446441
0.630 -1.773234
0.640 1.146920
0.650 -0.561057
0.660 2.485978
0.670 0.879049
0.680 -3.317088
0.690 1.783209
0.700 0.890669
0.710 1.129699
0.720 1.361431
0.730 -0.963601
0.740 0.700426
0.750 -2.487595
0.760 -0.834886
0.770 -0.122532
0.780 -1.405551
0.790 2.372040
0.800 -0.470700
0.810 -0.565653
0.820 -0.528931
0.830 -1.070160
0.840 -1.256807
0.850 -2.683925
0.860 1.907170
0.870 2.719941
0.880 0.192884
0.890 -0.024254
0.900 0.732913
0.910 0.382464
0.920 -0.206835
0.930 2.380799
0.940 -2.858886
0.950 2.007200
0.960 -0.461405
0.970 0.373596
0.980 0.360405
0.990 -0.931020
