0.000 1.905211
0.010 0.673843
0.020 0.529473
0.030 1.706861
0.040 0.449433
0.050 -1.246122
0.060 1.096479
0.070 1.237298
0.080 0.039497
0.090 0.128732
0.100 0.661618
0.110 -0.108986
0.120 -1.269373
0.130 2.255185
0.140 -2.024096
0.150 0.605346
0.160 0.356016
0.170 -1.348341
0.180 1.244591
0.190 1.774972
0.200 -0.769616
0.210 -1.082712
0.220 -0.274109
0.230 -3.103216
0.240 -1.060999
0.250 3.699800
0.260 -2.973059
0.270 -0.170198
0.280 -0.275300
0.290 -1.432007
0.300 1.723808
0.310 -0.598819
0.320 0.264669
0.330 2.382771
0.340 1.467109
0.350 -1.026627
0.360 -0.569373
0.370 -0.878055
0.380 2.019524
0.390 -3.221532
0.400 4.316217
0.410 -0.649138
0.420 -1.264339
0.430 -1.697425
0.440 3.743720
0.450 -1.477239
0.460 1.345132
0.470 -0.865382
0.480 2.412184
0.490 0.088093
0.500 0.527998
0.510 0.061143
0.520 3.392566
0.530 0.561945
0.540 2.281260
0.550 2.394397
0.560 -1.036191
0.570 2.303129
0.580 3.138579
0.590 0.366042
0.600 -0.833838
0.610 0.307972
0.620 -1.678565
0.630 1.273129
0.640 -3.894280
0.650 -2.741896
0.660 -0.594468
0.670 -2.061723
0.680 -0.124982
0.690 -0.293272
0.700 0.678111
0.710 -1.468847
0.720 -0.295942
0.730 -0.713802
0.740 -1.545895
0.750 0.247908
0.760 0.942471
0.770 0.638991
0.780 4.707297
0.790 -0.956889
0.800 -0.616675
0.810 -1.446351
0.820 0.967889
0.830 -1.233929
0.840 0.233896
0.850 0.896516
0.860 2.146560
0.870 -0.168363
0.880 0.419509
0.890 0.795052
0.900 -3.311298
0.910 -0.445928
0.920 -1.570277
0.930 -2.469545
0.940 -1.288781
0.950 0.048623
0.960 -1.007732
0.970 0.196661
0.980 1.519195
0.990 -1.470893
