0.000 -1.522444
0.010 0.037380
0.020 -0.911832
0.030 -1.540260
0.040 -0.390878
0.050 0.577520
0.060 3.312853
0.070 2.708420
0.080 -1.228527
0.090 -0.275927
0.100 1.496604
0.110 1.418895
0.120 0.401169
0.130 -1.120554
0.140 1.893020
0.150 0.217103
0.160 -0.704299
0.170 -0.783661
0.180 -0.832190
0.190 -3.065353
0.200 -1.672323
0.210 -1.611596
0.220 1.042070
0.230 3.492450
0.240 -3.950846
0.250 1.426457
0.260 0.589369
0.270 1.865399
0.280 -1.014946
0.290 1.884233
0.300 -0.634884
0.310 0.736875
0.320 2.299498
0.330 0.394967
0.340 -0.789365
0.350 -0.019663
0.360 -0.835912
0.370 0.785265
0.380 -0.275520
0.390 1.105675
0.400 -0.296413
0.410 -1.431125
0.420 1.764330
0.430 0.980986
0.440 0.478502
0.450 2.164488
0.460 -0.300921
0.470 0.599528
0.480 0.702459
0.490 -1.349004
0.500 1.134690
0.510 -0.057382
0.520 -2.390379
0.530 2.029132
0.540 2.125668
0.550 3.461916
0.560 -1.544385
0.570 0.699646
0.580 -0.433703
0.590 1.893928
0.600 0.874688
0.610 -0.989772
0.620 -1.073414
0.630 0.960890
0.640 0.018272
0.650 0.997172
0.660 -1.468190
0.670 0.065573
0.680 0.644477
0.690 -2.550283
0.700 -1.233755
0.710 0.141810
0.720 -1.763205
0.730 2.606099
0.740 0.306859
0.750 -1.609739
0.760 -0.188771
0.770 -0.565756
0.780 1.418574
0.790 -1.057542
0.800 -0.209047
0.810 1.195470
0.820 0.376913
0.830 2.622496
0.840 -2.826885
0.850 -0.433969
0.860 -3.976887
0.870 2.643782
0.880 1.651039
0.890 0.850502
0.900 -1.603924
0.910 1.848448
0.920 1.025910
0.930 2.430865
0.940 -1.613174
0.950 -0.949527
0.960 0.861865
0.970 -1.707734
0.980 2.154128
0.990 0.578146
