0.000 1.846271
0.010 0.617807
0.020 -0.000610
0.030 -0.523244
0.040 -1.789995
0.050 1.329574
0.060 0.986605
0.070 2.325585
0.080 0.160514
0.090 -1.594600
0.100 -0.590830
0.110 0.120882
0.120 1.591335
0.130 -4.268093
0.140 -1.247266
0.150 0.058397
0.160 0.296074
0.170 0.011843
0.180 0.729365
0.190 0.010790
0.200 -2.497726
0.210 2.478126
0.220 0.493250
0.230 -1.094683
0.240 2.001538
0.250 0.832634
0.260 -0.300012
0.270 0.129680
0.280 0.445351
0.290 2.590722
0.300 1.651255
0.310 -0.353824
0.320 -0.980009
0.330 0.620928
0.340 -1.851148
0.350 2.756167
0.360 1.222507
0.370 -3.271255
0.380 -0.260596
0.390 2.407954
0.400 -0.051593
0.410 -1.282218
0.420 2.792185
0.430 3.100261
0.440 -2.086854
0.450 -4.266760
0.460 2.056785
0.470 0.164634
0.480 0.277542
0.490 -1.977864
0.500 0.856089
0.510 -1.825451
0.520 0.037501
0.530 1.324852
0.540 2.049860
0.550 -2.588740
0.560 -2.392353
0.570 1.318494
0.580 -0.894546
0.590 0.175923
0.600 0.728162
0.610 2.002515
0.620 2.373142
0.630 -0.800985
0.640 1.297528
0.650 0.386414
0.660 0.607344
0.670 2.192185
0.680 -0.414153
0.690 0.052662
0.700 1.837547
0.710 1.718065
0.720 0.987044
0.730 -2.134360
0.740 0.613378
0.750 -0.454415
0.760 1.581726
0.770 1.608454
0.780 0.762563
0.790 1.721733
0.800 2.545431
0.810 -3.722998
0.820 1.023207
0.830 0.848414
0.840 -2.161135
0.850 -1.057445
0.860 0.260857
0.870 0.573733
0.880 -0.274268
0.890 0.871755
0.900 -0.150510
0.910 -0.218744
0.920 -1.137217
0.930 -2.796891
0.940 -0.891016
0.950 1.388792
0.960 1.650004
0.970 -1.151966
0.980 -1.017017
0.990 -0.524688
