0.000 0.467260
0.010 -2.855177
0.020 1.083145
0.030 -0.424378
0.040 -1.589829
0.050 0.818873
0.060 -1.416026
0.070 -0.138367
0.080 1.663617
0.090 1.079804
0.100 1.415135
0.110 -2.817416
0.120 2.233504
0.130 0.143703
0.140 0.068644
0.150 -0.361602
0.160 0.235812
0.170 -0.809616
0.180 -1.620570
0.190 0.379157
0.200 -1.115165
0.210 0.102387
0.220 -1.906937
0.230 0.284314
0.240 -0.977376
0.250 0.338609
0.260 -0.575841
0.270 2.447335
0.280 0.297532
0.290 2.558336
0.300 -0.019971
0.310 0.003309
0.320 2.782550
0.330 -1.099802
0.340 -1.626587
0.350 0.900855
0.360 2.242187
0.370 -0.700546
0.380 0.459033
0.390 1.088408
0.400 4.267668
0.410 -0.393644
0.420 2.621730
0.430 0.176837
0.440 3.295812
0.450 0.311992
0.460 -0.607002
0.470 -2.625581
0.480 -0.878143
0.490 0.906251
0.500 -2.620764
0.510 3.678392
0.520 2.492003
0.530 -0.496486
0.540 1.461250
0.550 1.130360
0.560 -0.415860
0.570 -1.255470
0.580 -3.702972
0.590 0.107455
0.600 -1.958148
0.610 0.152470
0.620 1.747996
0.630 2.446654
0.640 0.705069
0.650 -1.969210
0.660 0.323525
0.670 3.812736
0.680 2.099096
0.690 0.223643
0.700 1.546075
0.710 -0.022817
0.720 -1.033856
0.730 1.700476
0.740 1.653605
0.750 2.371832
0.760 2.563871
0.770 -1.252445
0.780 1.595108
0.790 -1.024326
0.800 -1.336423
0.810 1.250452
0.820 1.953229
0.830 -1.570986
0.840 -0.882238
0.850 -2.598501
0.860 2.413011
0.870 3.915717
0.880 2.211153
0.890 3.103001
0.900 -0.083089
0.910 2.660360
0.920 2.411631
0.930 0.548051
0.940 2.272508
0.950 0.320563
0.960 2.347052
0.970 -0.214054
0.980 -0.088546
0.990 -0.995155
