0.000 0.665182
0.010 -0.367483
0.020 -1.430658
0.030 0.274258
0.040 0.667740
0.050 -0.856136
0.060 -1.278912
0.070 0.308749
0.080 -1.169835
0.090 1.431948
0.100 3.286924
0.110 -0.790843
0.120 0.487102
0.130 -0.788510
0.140 -0.282245
0.150 0.502966
0.160 1.843838
0.170 0.441539
0.180 0.121366
0.190 0.882653
0.200 1.409048
0.210 1.307735
0.220 -0.647497
0.230 -3.642007
0.240 3.728036
0.250 -2.716103
0.260 2.428991
0.270 -0.099992
0.280 -1.424005
0.290 1.337782
0.300 1.514759
0.310 -0.942162
0.320 1.418928
0.330 1.643272
0.340 1.153817
0.350 0.843285
0.360 -1.979487
0.370 3.261025
0.380 0.055703
0.390 -1.029162
0.400 -1.168585
0.410 1.446300
0.420 -1.223640
0.430 2.477260
0.440 1.184925
0.450 1.650412
0.460 2.820764
0.470 1.018261
0.480 -0.234980
0.490 -2.294212
0.500 2.076939
0.510 1.251965
0.520 -0.722683
0.530 0.108888
0.540 0.798889
0.550 0.686235
0.560 -0.032925
0.570 1.549101
0.580 0.941520
0.590 -0.666197
0.600 0.534115
0.610 0.500236
0.620 1.125859
0.630 0.209491
0.640 1.078081
0.650 4.456313
0.660 -2.203112
0.670 2.217436
0.680 -1.178402
0.690 0.217167
0.700 2.163517
0.710 -1.292537
0.720 0.623317
0.730 -0.626919
0.740 0.992881
0.750 0.433357
0.760 -2.869792
0.770 0.186911
0.780 1.166857
0.790 -1.794032
0.800 -2.267042
0.810 -0.632538
0.820 1.237384
0.830 0.275611
0.840 0.146202
0.850 -0.365598
0.860 0.510594
0.870 -0.296978
0.880 -1.574419
0.890 4.126630
0.900 3.498555
0.910 -0.850815
0.920 0.379163
0.930 0.022226
0.940 0.632341
0.950 1.931745
0.960 1.242594
0.970 3.131532
0.980 0.804454
0.990 -0.807471
