0.000 -3.128878
0.010 -0.593162
0.020 1.498961
0.030 -4.116284
0.040 -0.780609
0.050 0.594393
0.060 -1.376878
0.070 -2.116339
0.080 -0.083746
0.090 1.704954
0.100 -0.176167
0.110 0.276462
0.120 0.115781
0.130 -2.321586
0.140 -0.790443
0.150 -3.924489
0.160 1.218081
0.170 -1.926581
0.180 4.334240
0.190 -0.804015
0.200 1.712953
0.210 -1.658589
0.220 0.777320
0.230 0.923113
0.240 -0.377066
0.250 0.252506
0.260 0.404771
0.270 -0.119496
0.280 1.092546
0.290 -1.662008
0.300 -1.126711
0.310 1.161102
0.320 4.242395
0.330 4.493527
0.340 2.564413
0.350 0.161304
0.360 -1.560880
0.370 0.056118
0.380 0.271433
0.390 0.797159
0.400 2.113069
0.410 1.382078
0.420 -0.035924
0.430 1.106680
0.440 1.261593
0.450 1.296830
0.460 -0.748528
0.470 0.606752
0.480 2.423421
0.490 0.946040
0.500 -1.075648
0.510 -0.961909
0.520 3.139323
0.530 0.663738
0.540 -0.874036
0.550 1.623344
0.560 1.841594
0.570 -3.487531
0.580 1.374093
0.590 1.667033
0.600 0.221352
0.610 2.913353
0.620 -0.383073
0.630 1.728139
0.640 1.480226
0.650 -0.052000
0.660 -0.645681
0.670 0.143984
0.680 0.921372
0.690 -0.256949
0.700 -0.217043
0.710 -0.412678
0.720 -0.243435
0.730 -0.224844
0.740 -0.563607
0.750 -2.166222
0.760 2.850486
0.770 1.265826
0.780 -2.772452
0.790 -1.347241
0.800 0.183924
0.810 1.989671
0.820 1.693569
0.830 0.709334
0.840 0.326105
0.850 -0.800252
0.860 0.104850
0.870 0.376630
0.880 -1.710909
0.890 1.256839
0.900 -1.335948
0.910 0.579274
0.920 -1.592301
0.930 -0.957405
0.940 -1.977462
0.950 0.685972
0.960 0.586951
0.970 -0.519073
0.980 0.067206
0.990 1.666632
