0.000 0.705303
0.010 0.500649
0.020 0.197270
0.030 1.354457
0.040 0.330665
0.050 0.050533
0.060 -3.990854
0.070 0.522900
0.080 0.076634
0.090 2.171039
0.100 -1.689234
0.110 0.428919
0.120 -1.571018
0.130 -0.592824
0.140 3.186071
0.150 -0.843694
0.160 -1.099068
0.170 0.845254
0.180 1.198696
0.190 1.231099
0.200 0.752812
0.210 1.340716
0.220 -1.054530
0.230 -0.833446
0.240 1.565686
0.250 0.998089
0.260 -0.073139
0.270 2.977935
0.280 -2.303274
0.290 -1.105550
0.300 -3.269323
0.310 -2.114234
0.320 -1.258945
0.330 0.936139
0.340 0.514714
0.350 1.314467
0.360 0.463168
0.370 1.283559
0.380 0.559292
0.390 1.087453
0.400 -0.853462
0.410 4.216770
0.420 0.833429
0.430 -2.332014
0.440 1.465787
0.450 1.739584
0.460 0.287256
0.470 -1.507199
0.480 -3.014215
0.490 -1.146020
0.500 -0.643288
0.510 2.102389
0.520 1.811639
0.530 -0.689512
0.540 -2.577738
0.550 1.555345
0.560 -2.751792
0.570 -2.622927
0.580 0.251020
0.590 2.406457
0.600 0.877033
0.610 -1.062881
0.620 1.961395
0.630 -1.420494
0.640 -0.604098
0.650 -0.198555
0.660 0.974767
0.670 -0.794905
0.680 1.484445
0.690 3.623159
0.700 0.379202
0.710 -1.278269
0.720 0.989089
0.730 -2.188145
0.740 0.722285
0.750 2.745336
0.760 1.864025
0.770 1.872933
0.780 -1.327063
0.790 0.322144
0.800 -0.908170
0.810 -0.247332
0.820 0.475820
0.830 0.598223
0.840 2.250647
0.850 -1.132499
0.860 0.259827
0.870 3.750843
0.880 4.918862
0.890 -0.105201
0.900 -0.081557
0.910 2.213678
0.920 -1.121104
0.930 1.592329
0.940 1.925607
0.950 1.162630
0.960 -1.777749
0.970 -0.834265
0.980 -1.467096
0.990 -1.239556
