0.000 0.304464
0.010 2.535843
0.020 0.775446
0.030 -0.416503
0.040 2.738036
0.050 0.031873
0.060 -0.204470
0.070 -0.684667
0.080 -1.654637
0.090 -2.242690
0.100 -1.731597
0.110 -1.183865
0.120 -0.067467
0.130 -2.264610
0.140 -0.646962
0.150 1.261957
0.160 -1.606637
0.170 -1.396529
0.180 0.603396
0.190 -2.176149
0.200 -0.499074
0.210 -2.381103
0.220 0.135523
0.230 2.868928
0.240 0.235328
0.250 0.630632
0.260 1.417497
0.270 -0.781197
0.280 2.581200
0.290 1.053352
0.300 0.593097
0.310 -1.412202
0.320 -1.875079
0.330 2.015151
0.340 -2.423502
0.350 -2.824659
0.360 0.346113
0.370 -1.085735
0.380 2.535922
0.390 0.904536
0.400 -1.983754
0.410 1.397980
0.420 1.848688
0.430 -0.346703
0.440 -0.864932
0.450 1.689502
0.460 0.653144
0.470 1.727002
0.480 -0.050988
0.490 1.807967
0.500 -1.149889
0.510 4.235809
0.520 -2.008844
0.530 3.556418
0.540 1.559548
0.550 -0.420004
0.560 1.115531
0.570 -1.337570
0.580 1.481092
0.590 1.154702
0.600 2.212080
0.610 -3.368150
0.620 2.415912
0.630 -3.945903
0.640 -0.260457
0.650 0.759878
0.660 -0.482450
0.670 -0.472669
0.680 -1.219559
0.690 -0.620233
0.700 -1.543797
0.710 1.453141
0.720 -3.152371
0.730 -1.574430
0.740 -2.352426
0.750 4.320733
0.760 1.334234
0.770 -0.835710
0.780 0.420977
0.790 -1.248355
0.800 -1.086469
0.810 -1.256299
0.820 -0.410281
0.830 0.710004
0.840 1.418997
0.850 1.075023
0.860 0.611671
0.870 2.398372
0.880 1.052832
0.890 -0.787280
0.900 -1.525399
0.910 -0.931933
0.920 0.873094
0.930 -0.988096
0.940 -0.218364
0.950 2.780842
0.960 0.616888
0.970 -1.171433
0.980 -0.093646
0.990 1.020836
