0.000 -0.214263
0.010 2.138391
0.020 -0.123284
0.030 -0.988198
0.040 0.073866
0.050 1.492661
0.060 -0.253303
0.070 0.372099
0.080 0.784374
0.090 -1.862233
0.100 -1.149128
0.110 -2.099427
0.120 -1.534524
0.130 0.620462
0.140 -2.178705
0.150 -1.015679
0.160 0.875645
0.170 1.042366
0.180 1.258802
0.190 -0.844510
0.200 1.591587
0.210 0.249706
0.220 0.580585
0.230 2.488761
0.240 -3.233108
0.250 -1.536770
0.260 -2.621717
0.270 2.980064
0.280 1.330092
0.290 1.780993
0.300 -0.707434
0.310 1.535862
0.320 0.216684
0.330 -2.186908
0.340 -0.527009
0.350 3.040182
0.360 0.471089
0.370 -0.784686
0.380 2.250168
0.390 3.607237
0.400 1.667733
0.410 1.240668
0.420 3.095053
0.430 0.844815
0.440 -0.210864
0.450 -0.041934
0.460 -0.250923
0.470 1.099105
0.480 1.195823
0.490 -1.002210
0.500 -2.638045
0.510 -0.418849
0.520 0.408621
0.530 2.569779
0.540 -2.057363
0.550 -0.596276
0.560 1.496613
0.570 1.057593
0.580 1.908406
0.590 0.400657
0.600 -0.880280
0.610 -1.924087
0.620 1.041542
0.630 -0.001818
0.640 -1.049269
0.650 0.426257
0.660 -0.056038
0.670 2.132917
0.680 -0.240226
0.690 0.592386
0.700 4.277670
0.710 2.383018
0.720 2.827003
0.730 1.681593
0.740 -0.228497
0.750 -1.345994
0.760 2.219322
0.770 3.043795
0.780 3.545973
0.790 -1.611516
0.800 0.227724
0.810 0.129059
0.820 -2.698120
0.830 1.030563
0.840 0.094930
0.850 1.644497
0.860 -0.020345
0.870 2.318184
0.880 0.375152
0.890 -1.338557
0.900 0.342158
0.910 -3.520661
0.920 -0.272102
0.930 2.612386
0.940 0.217951
0.950 0.158844
0.960 2.600911
0.970 0.703153
0.980 1.760250
0.990 -0.944362
