0.000 -1.608263
0.010 -1.278863
0.020 0.871316
0.030 1.265355
0.040 -0.106494
0.050 -1.521261
0.060 0.413982
0.070 -1.130768
0.080 2.216952
0.090 0.618932
0.100 -1.163928
0.110 -1.903298
0.120 0.423484
0.130 1.197191
0.140 1.066068
0.150 -2.334110
0.160 0.964104
0.170 0.769456
0.180 -0.419819
0.190 -0.311630
0.200 -0.502524
0.210 0.406691
0.220 -2.203736
0.230 2.536626
0.240 -1.100169
0.250 -1.124870
0.260 -2.049579
0.270 -0.551719
0.280 -0.901497
0.290 0.987373
0.300 1.090961
0.310 -0.236526
0.320 -0.496367
0.330 -1.364543
0.340 -2.576823
0.350 1.126398
0.360 0.209444
0.370 -1.808683
0.380 2.436857
0.390 -0.967347
0.400 1.062213
0.410 4.490531
0.420 2.326999
0.430 1.804325
0.440 1.622243
0.450 -1.669647
0.460 1.410126
0.470 -0.312060
0.480 1.944442
0.490 -1.183282
0.500 2.044782
0.510 -3.434312
0.520 0.342001
0.530 -1.212385
0.540 1.112963
0.550 -2.132488
0.560 -2.213310
0.570 -1.020376
0.580 0.808957
0.590 2.682007
0.600 0.613822
0.610 2.322125
0.620 -4.849023
0.630 0.197851
0.640 2.779851
0.650 0.031603
0.660 -0.575980
0.670 -1.058810
0.680 0.081836
0.690 1.447810
0.700 -0.128872
0.710 1.214704
0.720 -0.994868
0.730 1.131550
0.740 1.450927
0.750 1.458163
0.760 0.134377
0.770 -1.592935
0.780 1.233469
0.790 -1.084977
0.800 -1.010186
0.810 2.362749
0.820 -1.522514
0.830 -0.943616
0.840 -0.473252
0.850 0.189578
0.860 -0.829494
0.870 3.239350
0.880 -1.072510
0.890 0.106868
0.900 0.169099
0.910 -1.281726
0.920 2.428886
0.930 -0.750700
0.940 2.001330
0.950 -2.415633
0.960 -4.714668
0.970 -1.755340
0.980 -2.021316
0.990 0.104507
