0.000 1.564118
0.010 0.777791
0.020 -0.589973
0.030 -1.785955
0.040 0.671258
0.050 -0.990959
0.060 3.375425
0.070 0.833480
0.080 1.282785
0.090 -1.753411
0.100 -2.267584
0.110 -2.874648
0.120 0.393799
0.130 2.727588
0.140 0.850553
0.150 2.919940
0.160 -1.740207
0.170 1.565355
0.180 -1.792170
0.190 1.242689
0.200 -0.689778
0.210 0.336354
0.220 -1.565474
0.230 0.952444
0.240 0.374750
0.250 -0.243999
0.260 0.204642
0.270 -1.539885
0.280 1.142260
0.290 3.069269
0.300 0.234863
0.310 1.748167
0.320 -0.618756
0.330 -0.465509
0.340 -1.076760
0.350 -0.329493
0.360 2.148872
0.370 1.210981
0.380 0.377535
0.390 -0.549101
0.400 1.228797
0.410 -1.996966
0.420 0.967481
0.430 -2.640393
0.440 1.259289
0.450 -2.872057
0.460 0.041124
0.470 -1.781854
0.480 2.789174
0.490 -1.437907
0.500 2.479858
0.510 0.060072
0.520 -2.233208
0.530 -1.434735
0.540 2.275560
0.550 -1.477787
0.560 -2.292743
0.570 0.415241
0.580 -0.319478
0.590 0.611772
0.600 1.222625
0.610 1.717809
0.620 -2.851560
0.630 -2.067138
0.640 -2.707198
0.650 -1.498696
0.660 -1.158355
0.670 1.998991
0.680 3.411974
0.690 0.971020
0.700 -3.698633
0.710 -0.089090
0.720 1.679383
0.730 -0.385130
0.740 2.315918
0.750 -1.161995
0.760 -0.397771
0.770 1.237607
0.780 0.491315
0.790 -0.964002
0.800 -0.434280
0.810 -1.848324
0.820 -2.004365
0.830 -0.872396
0.840 1.792384
0.850 1.078642
0.860 -3.204729
0.870 -0.430550
0.880 -1.104360
0.890 -0.703202
0.900 1.467405
0.910 -0.737142
0.920 2.437782
0.930 2.259887
0.940 -0.126209
0.950 0.500645
0.960 -0.436351
0.970 -3.125447
0.980 0.840467
0.990 0.719943
