0.000 -1.598185
0.010 1.753400
0.020 1.719267
0.030 4.734740
0.040 0.697091
0.050 0.217705
0.060 1.417629
0.070 -0.310395
0.080 -0.553160
0.090 -1.458338
0.100 0.414610
0.110 1.719630
0.120 -0.890027
0.130 -0.859177
0.140 -1.985984
0.150 0.088265
0.160 -1.576668
0.170 -1.344165
0.180 -1.204635
0.190 0.164924
0.200 -0.346073
0.210 -0.306957
0.220 2.877902
0.230 1.263008
0.240 2.892646
0.250 -0.765591
0.260 1.460077
0.270 0.667296
0.280 -0.205575
0.290 2.450032
0.300 -1.024683
0.310 1.117239
0.320 -0.285179
0.330 -2.664111
0.340 0.602018
0.350 1.313281
0.360 0.819654
0.370 0.746398
0.380 -1.087432
0.390 -1.686506
0.400 2.003539
0.410 2.880321
0.420 2.133774
0.430 -0.801720
0.440 -1.731209
0.450 2.396700
0.460 0.204263
0.470 -0.233875
0.480 -1.599590
0.490 1.863736
0.500 0.385803
0.510 -0.718492
0.520 0.037070
0.530 -0.004544
0.540 2.304772
0.550 -0.210257
0.560 -0.330516
0.570 0.324783
0.580 0.531830
0.590 -1.187821
0.600 -3.557086
0.610 0.463113
0.620 -3.168750
0.630 -2.027931
0.640 -0.246553
0.650 -2.357600
0.660 -1.679862
0.670 -1.330387
0.680 -1.151103
0.690 1.563137
0.700 0.788083
0.710 -1.746624
0.720 1.175105
0.730 -0.832189
0.740 0.924929
0.750 -0.753045
0.760 -1.433365
0.770 0.210154
0.780 -2.030133
0.790 1.007033
0.800 0.130293
0.810 2.372746
0.820 -1.487190
0.830 -2.476452
0.840 2.318773
0.850 0.125582
0.860 -3.808107
0.870 -2.944625
0.880 -0.696788
0.890 -1.945732
0.900 -0.393137
0.910 -1.946328
0.920 1.983770
0.930 -0.106934
0.940 -0.484723
0.950 1.985699
0.960 1.434684
0.970 2.115262
0.980 4.123398
0.990 -1.734046
