0.000 -0.044312
0.010 0.152141
0.020 1.582713
0.030 -1.910206
0.040 3.687559
0.050 2.003036
0.060 0.470896
0.070 -2.094314
0.080 1.518921
0.090 1.975560
0.100 0.709656
0.110 -0.997944
0.120 -1.285200
0.130 -0.066897
0.140 -3.631457
0.150 2.320834
0.160 2.237845
0.170 -0.441684
0.180 -0.020492
0.190 -0.616763
0.200 -0.982310
0.210 -1.151339
0.220 -2.389084
0.230 2.153633
0.240 0.111578
0.250 -0.591812
0.260 -0.166764
0.270 0.567514
0.280 0.253437
0.290 -1.952630
0.300 -0.254579
0.310 0.871933
0.320 -0.583665
0.330 -3.229284
0.340 0.754207
0.350 -0.529937
0.360 3.582262
0.370 -0.463250
0.380 -1.471542
0.390 0.942725
0.400 -1.234951
0.410 0.107643
0.420 -0.749811
0.430 -1.446130
0.440 1.764630
0.450 1.015360
0.460 -0.884952
0.470 2.019725
0.480 2.220194
0.490 1.523500
0.500 -1.057098
0.510 -2.208235
0.520 0.187942
0.530 -1.897002
0.540 2.536230
0.550 -1.481174
0.560 0.991950
0.570 1.800336
0.580 3.684708
0.590 2.359701
0.600 -1.371984
0.610 2.301132
0.620 2.154601
0.630 1.974095
0.640 1.611475
0.650 0.132524
0.660 2.317713
0.670 -1.427140
0.680 -0.181117
0.690 4.112601
0.700 -1.503776
0.710 -0.849927
0.720 -0.038245
0.730 -0.869333
0.740 1.383564
0.750 2.380151
0.760 -1.087683
0.770 -0.940989
0.780 5.229197
0.790 -1.537793
0.800 1.604135
0.810 2.601398
0.820 1.635291
0.830 -3.204038
0.840 0.238130
0.850 -0.830430
0.860 -2.244790
0.870 1.789025
0.880 0.824301
0.890 -2.051722
0.900 0.359349
0.910 1.655895
0.920 0.513220
0.930 -0.036182
0.940 0.939874
0.950 1.248471
0.960 -2.528533
0.970 -1.602433
0.980 1.600257
0.990 1.053237
