0.000 -1.106633
0.010 1.109318
0.020 3.276283
0.030 0.124341
0.040 0.822666
0.050 2.389622
0.060 -1.086322
0.070 -0.049499
0.080 1.023441
0.090 0.503690
0.100 3.476773
0.110 0.342677
0.120 1.013995
0.130 -2.411156
0.140 4.183781
0.150 1.891306
0.160 -2.236044
0.170 -0.318749
0.180 0.766802
0.190 0.699519
0.200 0.567503
0.210 -0.145030
0.220 -1.538465
0.230 -0.740612
0.240 -0.964239
0.250 4.256396
0.260 0.635638
0.270 1.433140
0.280 1.160811
0.290 0.770390
0.300 0.027085
0.310 0.408405
0.320 -0.247530
0.330 -0.754574
0.340 -2.496609
0.350 -0.134777
0.360 -0.203044
0.370 -0.853233
0.380 0.400155
0.390 -0.450142
0.400 -1.389379
0.410 -0.008728
0.420 -0.576817
0.430 -0.032713
0.440 -1.619402
0.450 -0.559700
0.460 -0.785336
0.470 2.280288
0.480 -2.789985
0.490 2.013465
0.500 -1.681074
0.510 0.006253
0.520 1.004743
0.530 -0.102076
0.540 1.149124
0.550 -0.388022
0.560 0.056273
0.570 0.935561
0.580 1.908743
0.590 1.245988
0.600 1.792553
0.610 -5.251620
0.620 0.473998
0.630 0.785863
0.640 0.815054
0.650 0.301963
0.660 -2.611852
0.670 2.390882
0.680 0.017203
0.690 -0.982965
0.700 1.865376
0.710 1.738148
0.720 -0.518839
0.730 -0.736733
0.740 -0.385381
0.750 2.768253
0.760 -1.742312
0.770 2.047001
0.780 2.590305
0.790 0.513195
0.800 0.532193
0.810 -1.436641
0.820 0.993357
0.830 -0.126014
0.840 2.432818
0.850 -0.296527
0.860 -1.239074
0.870 -1.606398
0.880 0.221855
0.890 0.797904
0.900 0.074001
0.910 -2.658140
0.920 -0.751168
0.930 -0.302926
0.940 -2.142063
0.950 -0.193092
0.960 0.586471
0.970 -3.995813
0.980 -1.082751
0.990 0.832332
