0.000 1.128975
0.010 -1.504053
0.020 0.324735
0.030 -4.095329
0.040 0.122819
0.050 0.372927
0.060 -0.128482
0.070 -1.028240
0.080 -0.203669
0.090 -0.731253
0.100 -0.589838
0.110 3.496929
0.120 -2.464482
0.130 1.539135
0.140 1.234662
0.150 -0.726031
0.160 4.443744
0.170 0.767118
0.180 2.667277
0.190 -0.961979
0.200 0.478385
0.210 -0.867931
0.220 -1.613846
0.230 -0.107943
0.240 0.157787
0.250 0.612144
0.260 -3.895804
0.270 -1.382368
0.280 2.248764
0.290 0.243603
0.300 -0.504471
0.310 -0.049375
0.320 0.250617
0.330 -1.230034
0.340 1.020948
0.350 1.444677
0.360 -0.509318
0.370 -2.050507
0.380 -0.813476
0.390 0.063949
0.400 -3.293445
0.410 -2.146566
0.420 -2.335803
0.430 -1.371699
0.440 2.278522
0.450 2.726384
0.460 3.263167
0.470 0.719858
0.480 -0.085119
0.490 0.729480
0.500 1.593150
0.510 -0.365920
0.520 -0.133598
0.530 -1.281892
0.540 -1.767459
0.550 0.479786
0.560 -0.634827
0.570 -0.911931
0.580 0.104407
0.590 2.875069
0.600 2.659402
0.610 0.955303
0.620 0.186874
0.630 0.747596
0.640 -0.843139
0.650 -1.067108
0.660 -1.606016
0.670 -0.739029
0.680 -3.388503
0.690 -0.398660
0.700 1.295081
0.710 0.703005
0.720 2.522638
0.730 -1.509182
0.740 0.181501
0.750 -4.500491
0.760 -0.724384
0.770 -2.377268
0.780 0.398638
0.790 0.136336
0.800 -0.333530
0.810 3.094327
0.820 -2.351814
0.830 3.304441
0.840 0.774038
0.850 -2.127353
0.860 2.513371
0.870 3.444390
0.880 -0.035970
0.890 1.725385
0.900 -1.516979
0.910 2.229673
0.920 -0.967919
0.930 0.472191
0.940 2.813329
0.950 1.961287
0.960 0.433196
0.970 -0.082544
0.980 -2.939545
0.990 -0.165771
