0.000 2.429203
0.010 -0.634648
0.020 1.446770
0.030 -0.141131
0.040 0.728571
0.050 0.419616
0.060 -0.573775
0.070 0.880860
0.080 0.036698
0.090 0.333559
0.100 -0.424624
0.110 0.193657
0.120 -1.854013
0.130 -2.269855
0.140 -1.421449
0.150 0.950115
0.160 -1.073362
0.170 -3.381766
0.180 -1.201663
0.190 -0.411742
0.200 -0.409551
0.210 -1.426317
0.220 -1.718402
0.230 -0.850203
0.240 1.418922
0.250 -1.420289
0.260 -0.629525
0.270 -1.397175
0.280 0.187310
0.290 -0.112757
0.300 0.120531
0.310 -1.767893
0.320 -0.241632
0.330 -0.111050
0.340 -2.094261
0.350 2.118586
0.360 -1.772319
0.370 -3.119896
0.380 3.143122
0.390 0.770268
0.400 2.431369
0.410 1.519065
0.420 -0.866951
0.430 -1.770501
0.440 0.897894
0.450 -2.320385
0.460 -0.652475
0.470 -2.793191
0.480 0.113063
0.490 2.679517
0.500 1.486765
0.510 0.112707
0.520 -0.954772
0.530 -0.407373
0.540 1.572012
0.550 2.379049
0.560 0.320980
0.570 -0.783946
0.580 0.005444
0.590 -0.165435
0.600 -1.032771
0.610 -1.576998
0.620 -0.795698
0.630 4.340330
0.640 3.074894
0.650 -3.034089
0.660 0.173067
0.670 3.628733
0.680 1.389644
0.690 1.977812
0.700 1.442664
0.710 -1.087313
0.720 -0.333630
0.730 3.077734
0.740 0.921848
0.750 1.455952
0.760 -0.925704
0.770 -0.604135
0.780 -0.388819
0.790 -0.411713
0.800 0.290659
0.810 1.882767
0.820 -1.020492
0.830 0.788235
0.840 -1.353902
0.850 2.234507
0.860 -2.022537
0.870 2.368671
0.880 -0.621570
0.890 -1.404205
0.900 3.285588
0.910 5.523312
0.920 1.196204
0.930 -1.091940
0.940 4.203593
0.950 -1.035740
0.960 -0.804439
0.970 -0.230068
0.980 0.235320
0.990 1.381047
