0.000 -1.038944
0.010 1.516581
0.020 -1.003715
0.030 -1.125082
0.040 -0.013534
0.050 2.558528
0.060 0.068497
0.070 1.114983
0.080 -1.497850
0.090 0.765927
0.100 0.147390
0.110 0.216321
0.120 1.020632
0.130 2.959161
0.140 -0.007790
0.150 -1.753849
0.160 0.394041
0.170 -1.177970
0.180 -2.925793
0.190 2.123691
0.200 -0.096957
0.210 -0.617934
0.220 -0.335346
0.230 -0.881675
0.240 -0.342392
0.250 2.495685
0.260 -0.442931
0.270 -1.487977
0.280 1.129473
0.290 -0.012263
0.300 1.191980
0.310 3.199829
0.320 -1.600741
0.330 1.167578
0.340 -1.537601
0.350 0.015277
0.360 1.057534
0.370 1.377876
0.380 -0.496486
0.390 -0.324321
0.400 3.565774
0.410 0.869821
0.420 -1.039429
0.430 0.755237
0.440 1.597327
0.450 -0.197188
0.460 1.210548
0.470 0.902135
0.480 0.000207
0.490 1.065900
0.500 1.253629
0.510 -2.247317
0.520 -2.077890
0.530 -1.431116
0.540 -0.496718
0.550 0.980605
0.560 -0.560787
0.570 -1.897470
0.580 2.515105
0.590 -0.254688
0.600 0.919476
0.610 2.980699
0.620 0.848160
0.630 0.932073
0.640 2.325807
0.650 -1.443432
0.660 -0.624176
0.670 1.771084
0.680 1.836347
0.690 -0.759964
0.700 1.489443
0.710 -0.017383
0.720 1.507527
0.730 1.275668
0.740 -0.567957
0.750 1.452155
0.760 -0.325481
0.770 3.221700
0.780 2.208501
0.790 0.452143
0.800 3.966594
0.810 2.411761
0.820 1.337989
0.830 2.120451
0.840 -2.532916
0.850 1.359488
0.860 -0.616329
0.870 -1.499448
0.880 -1.612375
0.890 -2.570758
0.900 1.855248
0.910 3.622625
0.920 -0.803419
0.930 1.826256
0.940 1.980279
0.950 2.327637
0.960 0.772601
0.970 0.857392
0.980 -1.088929
0.990 0.751685
