0.000 1.250664
0.010 0.978115
0.020 1.154121
0.030 -0.486637
0.040 -1.218132
0.050 -1.701420
0.060 -0.107161
0.070 1.611159
0.080 1.937655
0.090 0.025207
0.100 0.574860
0.110 -1.546516
0.120 2.566577
0.130 0.907473
0.140 1.784589
0.150 0.783801
0.160 -1.740284
0.170 -0.193724
0.180 -0.391694
0.190 -0.902239
0.200 -0.779024
0.210 3.055976
0.220 1.349752
0.230 -1.529605
0.240 0.480089
0.250 1.421800
0.260 1.055337
0.270 1.325287
0.280 2.851384
0.290 0.539177
0.300 0.339023
0.310 -1.477475
0.320 0.763302
0.330 -3.258623
0.340 -1.508438
0.350 -1.594000
0.360 0.699429
0.370 0.363453
0.380 -0.966764
0.390 -1.159052
0.400 -1.694915
0.410 -3.110354
0.420 -0.339923
0.430 0.667235
0.440 -4.625410
0.450 -0.939433
0.460 0.756332
0.470 -0.683542
0.480 -0.204956
0.490 -1.442795
0.500 1.950101
0.510 -0.971496
0.520 -2.354870
0.530 1.752626
0.540 2.096676
0.550 1.576300
0.560 -1.398924
0.570 -0.716430
0.580 -2.782325
0.590 -2.892055
0.600 1.811912
0.610 -1.232358
0.620 -2.478716
0.630 -1.983736
0.640 1.621211
0.650 2.701969
0.660 -2.778334
0.670 1.427559
0.680 -1.319686
0.690 -2.612286
0.700 2.660647
0.710 -2.780016
0.720 0.377698
0.730 0.424037
0.740 0.910661
0.750 -0.120604
0.760 1.991071
0.770 1.493575
0.780 0.592122
0.790 0.840029
0.800 1.953466
0.810 0.349942
0.820 -1.530888
0.830 1.126357
0.840 0.195791
0.850 0.102715
0.860 -0.322781
0.870 2.247449
0.880 0.900138
0.890 0.565735
0.900 -1.890965
0.910 -0.483698
0.920 -2.639726
0.930 -0.486591
0.940 2.189085
0.950 1.178829
0.960 -3.006585
0.970 -1.392452
0.980 -0.978346
0.990 1.548758
