0.000 0.581346
0.010 -0.477374
0.020 -0.197894
0.030 -1.574704
0.040 0.636372
0.050 0.205283
0.060 -2.114476
0.070 -3.378305
0.080 0.959962
0.090 1.891724
0.100 2.583090
0.110 0.436652
0.120 3.784971
0.130 2.289755
0.140 -3.792845
0.150 -2.286252
0.160 0.751165
0.170 1.013397
0.180 -0.946828
0.190 -0.087619
0.200 -2.639659
0.210 1.129786
0.220 0.236493
0.230 1.382887
0.240 -3.677670
0.250 0.219979
0.260 0.692855
0.270 1.930818
0.280 -2.479519
0.290 -1.267746
0.300 0.732574
0.310 -1.426418
0.320 -0.007312
0.330 3.659806
0.340 1.681315
0.350 0.252571
0.360 0.467360
0.370 0.950562
0.380 4.294151
0.390 1.461264
0.400 0.959860
0.410 0.157989
0.420 -4.307858
0.430 1.293979
0.440 -1.133303
0.450 3.272613
0.460 -2.834644
0.470 -0.900886
0.480 2.007948
0.490 -1.007346
0.500 -0.437388
0.510 5.680042
0.520 0.490499
0.530 1.838695
0.540 1.508657
0.550 1.610284
0.560 0.578454
0.570 -0.506726
0.580 -1.502137
0.590 -3.681660
0.600 0.388596
0.610 1.551782
0.620 0.315092
0.630 0.145537
0.640 2.219385
0.650 -2.735090
0.660 2.904080
0.670 1.620768
0.680 -0.272005
0.690 -3.543423
0.700 -0.798070
0.710 3.643314
0.720 0.080019
0.730 -1.438294
0.740 -1.112026
0.750 1.965622
0.760 2.122280
0.770 -0.126049
0.780 -1.135948
0.790 0.973183
0.800 2.567628
0.810 -2.484752
0.820 -0.963878
0.830 -0.241384
0.840 -3.033430
0.850 0.472151
0.860 1.447349
0.870 -0.541002
0.880 -2.803050
0.890 1.101540
0.900 -0.431337
0.910 0.081646
0.920 3.255303
0.930 1.223421
0.940 1.354981
0.950 -0.469880
0.960 -1.221177
0.970 -2.087417
0.980 -1.222047
0.990 -0.183618
