0.000 0.784313
0.010 -1.900474
0.020 -1.422350
0.030 -3.306965
0.040 2.690054
0.050 0.054397
0.060 -0.276265
0.070 -1.901325
0.080 2.930492
0.090 2.358926
0.100 1.019287
0.110 0.782986
0.120 2.620183
0.130 -0.448714
0.140 0.414656
0.150 -0.160555
0.160 0.273434
0.170 -0.416480
0.180 -1.280403
0.190 0.827532
0.200 0.816923
0.210 0.087707
0.220 -0.481853
0.230 3.098706
0.240 0.857415
0.250 -0.401198
0.260 -1.791819
0.270 0.057843
0.280 3.191835
0.290 -1.620464
0.300 0.458735
0.310 -0.996277
0.320 1.490259
0.330 -0.174518
0.340 -0.006500
0.350 0.447203
0.360 -0.860540
0.370 2.860348
0.380 -2.280989
0.390 -0.279896
0.400 -0.789607
0.410 0.925629
0.420 1.577862
0.430 1.328665
0.440 -0.208198
0.450 0.345129
0.460 0.155411
0.470 0.215068
0.480 0.161849
0.490 -2.725020
0.500 -1.793732
0.510 0.939470
0.520 -0.140898
0.530 0.883110
0.540 0.459188
0.550 -1.490793
0.560 -0.556604
0.570 1.290123
0.580 -1.898467
0.590 -0.975650
0.600 -1.919298
0.610 -2.012930
0.620 -0.422161
0.630 -3.465827
0.640 -1.957554
0.650 0.490444
0.660 1.740939
0.670 0.754588
0.680 -1.573496
0.690 0.688406
0.700 1.593999
0.710 2.077598
0.720 -0.346423
0.730 4.605303
0.740 1.380047
0.750 4.755614
0.760 -0.074041
0.770 -1.409303
0.780 -3.193430
0.790 -0.912397
0.800 1.783034
0.810 -0.095479
0.820 0.732953
0.830 -0.929160
0.840 -1.486130
0.850 -0.298214
0.860 -0.735258
0.870 1.980821
0.880 2.609865
0.890 -0.603999
0.900 0.279376
0.910 -2.241669
0.920 -0.497516
0.930 0.679157
0.940 -0.987704
0.950 1.832625
0.960 -0.965910
0.970 0.553444
0.980 -1.782890
0.990 2.529359
