0.000 2.712818
0.010 -0.556069
0.020 2.655415
0.030 -0.903771
0.040 -0.344115
0.050 1.579964
0.060 1.784281
0.070 -1.307887
0.080 0.717416
0.090 2.842189
0.100 -0.950736
0.110 0.589275
0.120 -3.641960
0.130 -1.405652
0.140 -0.624674
0.150 -0.791662
0.160 0.979095
0.170 3.179119
0.180 0.490477
0.190 3.012375
0.200 1.035878
0.210 -1.304639
0.220 3.470528
0.230 1.365528
0.240 2.651396
0.250 -1.482093
0.260 -1.324068
0.270 1.756703
0.280 1.431848
0.290 -2.655292
0.300 0.244408
0.310 -1.434675
0.320 0.668410
0.330 3.111779
0.340 -2.469031
0.350 0.259200
0.360 -0.207988
0.370 1.003888
0.380 -1.626901
0.390 -0.043951
0.400 1.055716
0.410 0.048567
0.420 -2.675732
0.430 -0.785087
0.440 2.979249
0.450 -1.182970
0.460 -1.114159
0.470 0.090742
0.480 0.992914
0.490 -2.716249
0.500 3.374737
0.510 2.643598
0.520 -1.880030
0.530 -1.727284
0.540 0.180257
0.550 3.064473
0.560 1.102881
0.570 -3.376440
0.580 0.388713
0.590 0.263301
0.600 0.374069
0.610 -2.075767
0.620 -1.835802
0.630 0.261805
0.640 1.835114
0.650 -1.796330
0.660 -2.485444
0.670 1.437575
0.680 -1.047017
0.690 0.373592
0.700 -2.238233
0.710 3.765395
0.720 0.831536
0.730 1.850953
0.740 2.498147
0.750 4.118812
0.760 0.078345
0.770 -0.722257
0.780 0.021793
0.790 2.717571
0.800 1.236161
0.810 -2.038870
0.820 -1.194132
0.830 2.147259
0.840 1.316406
0.850 2.501179
0.860 1.220291
0.870 2.018797
0.880 0.083292
0.890 1.163615
0.900 2.042030
0.910 0.113856
0.920 0.875931
0.930 0.991634
0.940 -1.164774
0.950 0.052563
0.960 1.392736
0.970 0.729247
0.980 2.274586
0.990 -2.916464
