0.000 -0.871920
0.010 1.195064
0.020 -1.240698
0.030 -0.650765
0.040 1.061270
0.050 0.222153
0.060 -0.825160
0.070 0.589436
0.080 1.399562
0.090 -0.269099
0.100 0.785421
0.110 -0.765342
0.120 0.778209
0.130 0.126595
0.140 -3.290858
0.150 -0.958199
0.160 -0.028405
0.170 0.964251
0.180 3.218501
0.190 -0.729217
0.200 -0.398534
0.210 1.613888
0.220 0.810787
0.230 -0.877809
0.240 3.132829
0.250 0.168170
0.260 -0.245239
0.270 -1.444857
0.280 0.495875
0.290 -0.233286
0.300 2.455658
0.310 -1.304655
0.320 2.439660
0.330 2.047003
0.340 0.275803
0.350 -1.767423
0.360 0.453669
0.370 -2.920708
0.380 -0.216529
0.390 -0.458134
0.400 2.635125
0.410 1.645625
0.420 -0.596432
0.430 -0.387936
0.440 0.402011
0.450 0.460984
0.460 0.510140
0.470 0.393920
0.480 -1.713708
0.490 1.625323
0.500 -1.396702
0.510 -1.618737
0.520 -0.576981
0.530 -0.080234
0.540 0.202669
0.550 0.645606
0.560 -1.507592
0.570 0.552479
0.580 -1.030995
0.590 0.231340
0.600 0.839364
0.610 1.636603
0.620 -0.796264
0.630 0.371638
0.640 2.862558
0.650 1.742616
0.660 -0.485636
0.670 -2.001113
0.680 -0.025590
0.690 -1.006344
0.700 -1.354206
0.710 1.623953
0.720 0.565478
0.730 1.818819
0.740 1.487095
0.750 -0.045292
0.760 1.947200
0.770 -0.870946
0.780 3.621454
0.790 -1.712635
0.800 -1.270696
0.810 2.586428
0.820 -2.589318
0.830 2.082441
0.840 -3.124566
0.850 1.382014
0.860 0.149605
0.870 0.943090
0.880 -2.516978
0.890 -0.098391
0.900 1.504117
0.910 -0.713194
0.920 2.221873
0.930 -2.225784
0.940 -1.242989
0.950 -1.654671
0.960 0.090946
0.970 0.656488
0.980 -0.968879
0.990 -0.070316
