0.000 1.691712
0.010 1.566708
0.020 -2.961334
0.030 -2.084708
0.040 -1.827194
0.050 -1.098144
0.060 1.158913
0.070 0.128312
0.080 2.378497
0.090 2.002795
0.100 0.273392
0.110 1.619220
0.120 -0.739844
0.130 -0.742726
0.140 1.661537
0.150 -0.650661
0.160 2.205871
0.170 -0.343774
0.180 -2.576106
0.190 0.791822
0.200 1.150790
0.210 1.992753
0.220 -0.505034
0.230 -0.688147
0.240 0.182575
0.250 1.261987
0.260 -3.941898
0.270 1.951097
0.280 0.646102
0.290 -1.656409
0.300 1.704541
0.310 0.083692
0.320 2.231641
0.330 1.327533
0.340 -0.792888
0.350 0.373927
0.360 -0.057311
0.370 -2.355209
0.380 -1.369508
0.390 -1.410195
0.400 -1.363114
0.410 0.490529
0.420 2.098960
0.430 0.544732
0.440 -1.227204
0.450 1.416963
0.460 0.286423
0.470 1.688381
0.480 2.754568
0.490 0.920573
0.500 0.081076
0.510 0.147392
0.520 -0.169939
0.530 0.170531
0.540 0.430678
0.550 0.278602
0.560 -1.804193
0.570 1.631974
0.580 2.320065
0.590 1.272236
0.600 1.864904
0.610 -0.892972
0.620 -3.880071
0.630 -1.148043
0.640 -2.230004
0.650 2.185525
0.660 -1.625553
0.670 1.829710
0.680 -2.025104
0.690 -0.919925
0.700 1.656016
0.710 -1.487089
0.720 1.762973
0.730 0.695664
0.740 -1.642758
0.750 -0.201519
0.760 1.501621
0.770 -0.524146
0.780 -0.392447
0.790 -0.473506
0.800 -1.352013
0.810 -1.188840
0.820 1.829799
0.830 0.899297
0.840 -2.025963
0.850 -0.119892
0.860 -1.386843
0.870 1.128110
0.880 0.021446
0.890 0.168254
0.900 0.035450
0.910 -1.212525
0.920 -1.094686
0.930 -1.814209
0.940 3.190203
0.950 -0.758917
0.960 -0.359568
0.970 0.414360
0.980 -0.696801
0.990 1.194700
