0.000 -0.574288
0.010 1.349059
0.020 0.841681
0.030 6.435141
0.040 2.122880
0.050 4.369789
0.060 -1.664142
0.070 1.498303
0.080 0.026685
0.090 -0.522887
0.100 -1.287394
0.110 -1.147738
0.120 0.138144
0.130 -4.621717
0.140 -0.140476
0.150 -1.300497
0.160 0.343274
0.170 -2.147050
0.180 3.252682
0.190 1.611594
0.200 2.054288
0.210 1.778495
0.220 0.297521
0.230 -0.617377
0.240 -2.726813
0.250 0.483240
0.260 0.085857
0.270 -1.623339
0.280 -1.483229
0.290 -0.759043
0.300 2.431993
0.310 -1.194644
0.320 1.245684
0.330 -0.583498
0.340 0.723490
0.350 -0.508583
0.360 -0.492937
0.370 2.296296
0.380 0.515503
0.390 0.402080
0.400 1.170031
0.410 -2.091088
0.420 0.295846
0.430 1.807824
0.440 0.270982
0.450 3.996874
0.460 -0.399295
0.470 -4.367047
0.480 0.444570
0.490 0.016478
0.500 -0.550081
0.510 1.182080
0.520 -2.141028
0.530 0.526176
0.540 0.840591
0.550 -0.416193
0.560 0.420423
0.570 0.379165
0.580 -0.302644
0.590 1.170846
0.600 2.018614
0.610 2.680707
0.620 0.336210
0.630 -1.587093
0.640 -1.978881
0.650 1.319263
0.660 -1.890215
0.670 1.034559
0.680 -0.513699
0.690 -3.535016
0.700 0.403030
0.710 -0.342472
0.720 -2.409808
0.730 -0.181901
0.740 -0.853256
0.750 2.018545
0.760 -0.173169
0.770 -2.181210
0.780 0.112242
0.790 1.015882
0.800 -2.370750
0.810 3.255070
0.820 0.173340
0.830 -0.122943
0.840 0.627672
0.850 3.527752
0.860 4.715696
0.870 1.431829
0.880 0.673698
0.890 1.784255
0.900 -0.698951
0.910 2.549722
0.920 0.748675
0.930 -2.956980
0.940 1.175749
0.950 1.522717
0.960 4.099970
0.970 0.669944
0.980 0.699806
0.990 0.606580
