0.000 -0.375635
0.010 -2.647349
0.020 0.569284
0.030 1.716747
0.040 -2.059359
0.050 -1.918342
0.060 0.280666
0.070 -1.474857
0.080 0.440868
0.090 -1.375044
0.100 2.825666
0.110 -0.610560
0.120 1.444627
0.130 -0.960600
0.140 -0.173168
0.150 0.702551
0.160 0.372472
0.170 1.190467
0.180 1.749066
0.190 -0.242896
0.200 0.246505
0.210 -0.291344
0.220 -0.099746
0.230 2.507710
0.240 3.844658
0.250 1.331268
0.260 2.270898
0.270 -0.633877
0.280 -1.440055
0.290 -0.123913
0.300 -2.417476
0.310 1.751364
0.320 1.980538
0.330 0.456574
0.340 1.861189
0.350 0.892982
0.360 4.747301
0.370 -2.154963
0.380 -1.857735
0.390 -1.660148
0.400 -1.138197
0.410 -0.487769
0.420 -0.694214
0.430 -1.654783
0.440 -0.502890
0.450 -0.633952
0.460 0.655116
0.470 -0.368597
0.480 -0.277957
0.490 -3.273327
0.500 3.685780
0.510 0.943710
0.520 -1.815906
0.530 -3.691583
0.540 0.060339
0.550 -0.108203
0.560 -1.974426
0.570 -0.227879
0.580 -1.622419
0.590 -1.978224
0.600 -0.788222
0.610 -2.060805
0.620 3.090572
0.630 -1.854674
0.640 -1.815288
0.650 0.965699
0.660 -1.728008
0.670 0.253908
0.680 1.221019
0.690 -1.243717
0.700 2.005582
0.710 -3.384000
0.720 -0.346385
0.730 0.149217
0.740 -1.858633
0.750 -0.268409
0.760 -1.589953
0.770 -1.618092
0.780 -1.314818
0.790 1.169545
0.800 0.703788
0.810 3.396807
0.820 1.008068
0.830 3.677850
0.840 1.061640
0.850 1.881042
0.860 1.535545
0.870 1.950968
0.880 -0.599954
0.890 0.182941
0.900 1.556841
0.910 1.464127
0.920 0.063035
0.930 1.520211
0.940 0.499507
0.950 4.479098
0.960 4.078526
0.970 0.018338
0.980 -4.124716
0.990 -3.615890
