0.000 -0.013123
0.010 1.109126
0.020 2.617222
0.030 3.140385
0.040 -1.117967
0.050 0.312729
0.060 0.240308
0.070 0.697074
0.080 3.912958
0.090 -2.831996
0.100 -0.463111
0.110 1.002069
0.120 0.001648
0.130 -1.052029
0.140 -0.515771
0.150 3.546791
0.160 -1.223479
0.170 -1.180038
0.180 -1.492085
0.190 2.015251
0.200 1.683234
0.210 0.320995
0.220 1.608933
0.230 -0.343804
0.240 0.870299
0.250 -1.289759
0.260 1.994559
0.270 -1.937732
0.280 -1.064740
0.290 -2.728285
0.300 1.533511
0.310 -2.491212
0.320 -1.796330
0.330 -0.229182
0.340 0.641643
0.350 1.363034
0.360 2.039030
0.370 1.861986
0.380 0.845833
0.390 -0.656614
0.400 3.090163
0.410 -0.940200
0.420 0.308010
0.430 -1.499504
0.440 -0.113143
0.450 0.205004
0.460 -0.125461
0.470 1.719688
0.480 -0.910005
0.490 2.462279
0.500 0.754822
0.510 1.233020
0.520 0.287808
0.530 2.618110
0.540 -1.503084
0.550 1.978934
0.560 -0.236269
0.570 -2.524874
0.580 -0.727857
0.590 -2.254849
0.600 0.242673
0.610 2.544619
0.620 0.019625
0.630 -0.906646
0.640 0.220400
0.650 0.693154
0.660 0.214770
0.670 -0.339448
0.680 -0.431621
0.690 1.499635
0.700 -2.092158
0.710 1.737073
0.720 -0.237236
0.730 3.059858
0.740 0.713096
0.750 0.008635
0.760 -0.340719
0.770 3.707635
0.780 -0.173454
0.790 -3.782802
0.800 1.858635
0.810 -3.630378
0.820 0.533230
0.830 -0.769075
0.840 0.079293
0.850 1.499888
0.860 1.405602
0.870 3.887891
0.880 -0.551643
0.890 -0.524793
0.900 -1.846417
0.910 -1.480304
0.920 3.397367
0.930 1.876445
0.940 2.103466
0.950 -2.314363
0.960 0.269682
0.970 -1.079368
0.980 -0.674852
0.990 0.219044
