0.000 -0.603861
0.010 -1.305715
0.020 -1.232681
0.030 0.715579
0.040 -1.963964
0.050 0.990921
0.060 -1.431174
0.070 2.112648
0.080 0.335730
0.090 1.322537
0.100 -1.842932
0.110 -0.586060
0.120 3.173471
0.130 -3.368840
0.140 0.121632
0.150 0.496753
0.160 -1.778415
0.170 2.563357
0.180 1.111560
0.190 1.122558
0.200 0.809691
0.210 -0.502144
0.220 3.884153
0.230 1.968972
0.240 0.460238
0.250 3.040551
0.260 -0.781946
0.270 -1.064275
0.280 0.147444
0.290 -0.142734
0.300 4.248057
0.310 -1.809592
0.320 0.517051
0.330 2.521663
0.340 -1.073767
0.350 -2.449136
0.360 -0.848054
0.370 3.488408
0.380 -1.405775
0.390 1.637667
0.400 -1.445608
0.410 1.855587
0.420 4.046586
0.430 -0.864734
0.440 -2.993473
0.450 2.083614
0.460 -0.071838
0.470 0.702249
0.480 1.950964
0.490 0.543137
0.500 0.219475
0.510 -0.632588
0.520 -0.547942
0.530 -2.654036
0.540 1.008052
0.550 -1.985311
0.560 0.273519
0.570 1.912114
0.580 -1.353612
0.590 -1.214876
0.600 -2.749200
0.610 0.071310
0.620 2.098175
0.630 1.171910
0.640 1.287748
0.650 2.127234
0.660 -0.283842
0.670 0.144972
0.680 -0.430177
0.690 0.174475
0.700 -0.765679
0.710 -0.797480
0.720 4.952737
0.730 -0.186989
0.740 -0.842740
0.750 -1.455644
0.760 1.169818
0.770 -1.900882
0.780 -0.448216
0.790 1.668785
0.800 -1.459425
0.810 -2.917636
0.820 2.292647
0.830 0.823464
0.840 0.436044
0.850 -0.210401
0.860 0.128742
0.870 -0.501363
0.880 1.558253
0.890 0.738758
0.900 -0.643738
0.910 1.520669
0.920 -1.638512
0.930 2.910610
0.940 -1.145875
0.950 0.469488
0.960 -0.883221
0.970 -0.584854
0.980 1.393014
0.990 1.897609
