0.000 1.386962
0.010 1.240317
0.020 -0.449466
0.030 0.338460
0.040 -0.025290
0.050 1.890489
0.060 2.416140
0.070 -0.718331
0.080 -0.031178
0.090 -0.720023
0.100 0.738293
0.110 2.014448
0.120 -1.071200
0.130 -0.009955
0.140 1.279192
0.150 2.372155
0.160 -1.107894
0.170 3.146727
0.180 1.955663
0.190 -1.443066
0.200 -0.400507
0.210 -1.411504
0.220 -0.848520
0.230 3.122318
0.240 0.674136
0.250 -0.597430
0.260 0.138356
0.270 1.223326
0.280 2.344202
0.290 -0.186992
0.300 0.684018
0.310 0.354289
0.320 0.436910
0.330 1.365539
0.340 -1.707212
0.350 0.969281
0.360 -0.170072
0.370 -0.227688
0.380 -0.454934
0.390 0.629041
0.400 0.134360
0.410 -3.310726
0.420 -0.551283
0.430 -0.849092
0.440 -1.595207
0.450 2.279172
0.460 0.476506
0.470 -1.054140
0.480 1.470245
0.490 1.853305
0.500 0.034230
0.510 2.937067
0.520 1.103602
0.530 -0.785043
0.540 -0.780922
0.550 1.315981
0.560 2.627471
0.570 0.941797
0.580 0.148034
0.590 1.859807
0.600 -2.507111
0.610 -1.229751
0.620 -0.072542
0.630 2.561949
0.640 1.991666
0.650 0.481332
0.660 1.749966
0.670 2.659374
0.680 -4.192570
0.690 1.041002
0.700 2.946126
0.710 0.054660
0.720 0.534306
0.730 2.223417
0.740 2.260563
0.750 2.637120
0.760 -1.794451
0.770 -1.602878
0.780 1.087373
0.790 -0.572847
0.800 -1.000165
0.810 -1.340577
0.820 1.971769
0.830 -0.787196
0.840 2.855651
0.850 0.333323
0.860 -1.397895
0.870 0.050428
0.880 1.470993
0.890 -3.255066
0.900 -1.928899
0.910 -0.448982
0.920 0.740977
0.930 3.062353
0.940 1.127194
0.950 0.556584
0.960 0.090286
0.970 2.621795
0.980 -0.862071
0.990 1.261301
