0.000 -1.546854
0.010 3.170720
0.020 5.569827
0.030 -0.878988
0.040 2.141889
0.050 3.394420
0.060 -3.304616
0.070 -1.967695
0.080 1.574888
0.090 -1.224677
0.100 -0.298010
0.110 -0.608673
0.120 2.765258
0.130 3.548174
0.140 1.669668
0.150 -0.576936
0.160 -1.609273
0.170 0.632814
0.180 0.663190
0.190 0.766517
0.200 -0.299219
0.210 0.110899
0.220 2.830044
0.230 -2.125880
0.240 1.915483
0.250 1.528524
0.260 1.086826
0.270 2.991000
0.280 -2.956577
0.290 3.676132
0.300 -0.809674
0.310 0.247543
0.320 0.838319
0.330 1.997061
0.340 1.879543
0.350 -0.917606
0.360 -0.087355
0.370 0.684132
0.380 -2.293548
0.390 -1.321179
0.400 0.335712
0.410 1.891521
0.420 -0.086480
0.430 -0.245925
0.440 -0.828195
0.450 2.230689
0.460 -1.971799
0.470 3.852625
0.480 3.270522
0.490 -0.590564
0.500 2.149951
0.510 0.802205
0.520 1.475917
0.530 -0.002666
0.540 0.521424
0.550 0.216460
0.560 1.882212
0.570 -0.331600
0.580 -0.572073
0.590 0.173253
0.600 0.504579
0.610 0.559169
0.620 -0.889196
0.630 3.272660
0.640 -1.287582
0.650 0.204539
0.660 0.913419
0.670 1.082221
0.680 -2.135504
0.690 1.626669
0.700 -0.732914
0.710 2.145979
0.720 3.433451
0.730 2.119578
0.740 2.900088
0.750 2.637259
0.760 -0.701706
0.770 0.869032
0.780 -0.158034
0.790 -1.043918
0.800 -1.689965
0.810 -0.883664
0.820 -3.193471
0.830 2.355071
0.840 -0.960989
0.850 0.029791
0.860 -1.591153
0.870 0.514006
0.880 0.672647
0.890 0.184369
0.900 -0.346270
0.910 1.543783
0.920 1.953827
0.930 0.626953
0.940 -0.239463
0.950 -0.369792
0.960 -0.834790
0.970 2.198331
0.980 -0.929028
0.990 -0.388259
