0.000 -3.875506
0.010 1.220405
0.020 -1.843367
0.030 0.349990
0.040 2.205597
0.050 -0.629395
0.060 0.839001
0.070 0.375907
0.080 -1.423443
0.090 -1.019067
0.100 1.745226
0.110 -1.194057
0.120 1.633626
0.130 1.081902
0.140 -0.037438
0.150 1.212057
0.160 -2.017436
0.170 -1.846029
0.180 -2.475739
0.190 0.116108
0.200 -1.133062
0.210 2.102863
0.220 -0.331785
0.230 0.146506
0.240 2.014953
0.250 -0.873162
0.260 1.564740
0.270 1.313667
0.280 -0.727558
0.290 -0.394871
0.300 1.963208
0.310 -2.983830
0.320 2.309142
0.330 0.786889
0.340 -0.586552
0.350 -3.076616
0.360 0.319272
0.370 0.698591
0.380 1.956533
0.390 2.149017
0.400 0.905038
0.410 0.901872
0.420 1.357434
0.430 3.904992
0.440 -0.324841
0.450 -3.861972
0.460 -1.006459
0.470 -4.777486
0.480 -0.774035
0.490 1.603521
0.500 1.372034
0.510 0.532360
0.520 -0.749819
0.530 3.796599
0.540 5.017346
0.550 -0.600066
0.560 2.517004
0.570 3.611371
0.580 1.147859
0.590 0.098188
0.600 -0.604459
0.610 -1.167309
0.620 0.010129
0.630 0.544093
0.640 1.669763
0.650 1.474184
0.660 0.563929
0.670 -0.704874
0.680 1.758877
0.690 1.520580
0.700 2.759496
0.710 1.495608
0.720 1.082376
0.730 0.015590
0.740 -0.901027
0.750 -0.032340
0.760 2.490121
0.770 -0.526948
0.780 1.055151
0.790 3.785429
0.800 0.401263
0.810 -0.678334
0.820 -0.674878
0.830 0.002150
0.840 0.515571
0.850 2.516739
0.860 -0.281329
0.870 2.290701
0.880 0.896783
0.890 1.171830
0.900 1.305234
0.910 0.587542
0.920 -0.127280
0.930 -0.004507
0.940 1.463659
0.950 1.951649
0.960 -0.969472
0.970 1.091986
0.980 1.406394
0.990 -1.399283
