0.000 -0.622606
0.010 0.627461
0.020 -0.313546
0.030 -0.236261
0.040 -0.136149
0.050 3.409385
0.060 1.764002
0.070 2.402188
0.080 1.462598
0.090 2.138777
0.100 2.226046
0.110 1.668245
0.120 0.619228
0.130 2.075092
0.140 -1.563572
0.150 0.737334
0.160 -1.750282
0.170 2.140177
0.180 1.055969
0.190 -1.830311
0.200 1.091150
0.210 1.077939
0.220 -2.665195
0.230 -1.304366
0.240 2.571864
0.250 -1.246335
0.260 0.694894
0.270 0.788919
0.280 -0.012283
0.290 -1.126907
0.300 0.560708
0.310 1.652038
0.320 -1.248686
0.330 -1.209237
0.340 -0.486114
0.350 0.695556
0.360 3.462311
0.370 0.058491
0.380 -0.461809
0.390 0.639645
0.400 1.126905
0.410 -3.538160
0.420 0.796010
0.430 1.783357
0.440 0.107962
0.450 -1.758600
0.460 0.268696
0.470 2.113933
0.480 -3.564207
0.490 -3.224663
0.500 0.608167
0.510 -1.503598
0.520 -2.028012
0.530 -0.137900
0.540 -1.220796
0.550 -0.934478
0.560 1.316120
0.570 -0.061550
0.580 -0.111372
0.590 1.395111
0.600 -2.774429
0.610 1.015965
0.620 4.053850
0.630 -1.281582
0.640 0.116347
0.650 -2.692548
0.660 1.073491
0.670 -1.575389
0.680 -1.722258
0.690 -0.544566
0.700 2.746162
0.710 -1.587133
0.720 -0.327598
0.730 2.279136
0.740 0.510941
0.750 -0.840111
0.760 0.729290
0.770 -0.948835
0.780 0.566637
0.790 -2.445588
0.800 -0.214283
0.810 0.808816
0.820 3.131320
0.830 0.027476
0.840 1.054918
0.850 -2.589034
0.860 -0.455111
0.870 -0.313676
0.880 1.213013
0.890 1.068360
0.900 0.663599
0.910 2.247999
0.920 -2.810004
0.930 -1.543387
0.940 1.702966
0.950 0.705490
0.960 -0.398735
0.970 -3.929501
0.980 -0.005902
0.990 1.231513
