0.000 1.463742
0.010 0.571294
0.020 -2.173863
0.030 -0.584101
0.040 -2.065593
0.050 -2.183257
0.060 0.142983
0.070 3.973288
0.080 -2.172254
0.090 3.848374
0.100 -2.886884
0.110 0.114898
0.120 -0.571371
0.130 0.526922
0.140 3.596925
0.150 -1.865159
0.160 -1.003635
0.170 -2.985860
0.180 0.456905
0.190 -0.105948
0.200 0.864588
0.210 1.262145
0.220 -1.615000
0.230 0.500333
0.240 0.388066
0.250 0.252621
0.260 0.216486
0.270 0.660522
0.280 -1.431563
0.290 5.423814
0.300 3.237282
0.310 2.094501
0.320 0.125659
0.330 -1.357281
0.340 0.107413
0.350 -1.933309
0.360 1.739309
0.370 -4.300110
0.380 0.901914
0.390 0.905447
0.400 0.063822
0.410 2.361774
0.420 1.362498
0.430 -2.067203
0.440 -0.586628
0.450 1.235112
0.460 1.204379
0.470 -1.411178
0.480 -0.562798
0.490 3.788225
0.500 -3.938963
0.510 -1.627373
0.520 -0.463697
0.530 -0.197987
0.540 -0.830248
0.550 0.032925
0.560 1.079063
0.570 0.851588
0.580 1.282460
0.590 1.508038
0.600 0.223946
0.610 0.925938
0.620 1.764023
0.630 0.702137
0.640 -0.500065
0.650 -3.138931
0.660 -0.798450
0.670 -2.246710
0.680 1.173206
0.690 2.034078
0.700 1.933608
0.710 2.323792
0.720 -2.021623
0.730 1.347777
0.740 -0.496237
0.750 -0.436091
0.760 0.443262
0.770 1.861212
0.780 1.167364
0.790 -1.823974
0.800 -0.529008
0.810 0.418460
0.820 -0.469798
0.830 -0.155451
0.840 0.594342
0.850 0.535327
0.860 -0.854792
0.870 -2.293461
0.880 0.296387
0.890 0.732299
0.900 2.210882
0.910 -2.099517
0.920 0.609060
0.930 2.014858
0.940 -2.507259
0.950 -0.127285
0.960 -2.202005
0.970 -2.098205
0.980 -0.469678
0.990 -1.630339
