0.000 0.628085
0.010 2.241920
0.020 -0.468194
0.030 -1.474288
0.040 -0.505178
0.050 1.938395
0.060 2.737049
0.070 -0.302663
0.080 -2.512237
0.090 -0.463980
0.100 -0.087199
0.110 -1.589999
0.120 -1.191687
0.130 3.928881
0.140 -1.865105
0.150 -0.807433
0.160 2.313151
0.170 0.527739
0.180 -0.245608
0.190 -0.177371
0.200 -0.205205
0.210 2.685947
0.220 -0.526617
0.230 0.792878
0.240 -0.786273
0.250 -0.899124
0.260 0.694071
0.270 0.886312
0.280 -1.497086
0.290 0.708164
0.300 -0.106566
0.310 -0.224690
0.320 1.039129
0.330 -0.400920
0.340 3.208086
0.350 0.131227
0.360 -2.356401
0.370 0.521564
0.380 0.948666
0.390 2.317027
0.400 -0.904415
0.410 -0.047381
0.420 4.197271
0.430 3.950078
0.440 -2.498960
0.450 -1.013604
0.460 0.989373
0.470 -0.819970
0.480 -1.575178
0.490 -1.523343
0.500 0.868403
0.510 -2.624242
0.520 0.490986
0.530 2.631840
0.540 1.807739
0.550 2.952314
0.560 -0.377075
0.570 -1.788174
0.580 -0.012122
0.590 -1.105884
0.600 1.014889
0.610 -0.708699
0.620 1.388082
0.630 -0.274560
0.640 -1.693790
0.650 -2.427163
0.660 -2.144281
0.670 1.203192
0.680 -1.707273
0.690 -0.521279
0.700 3.603562
0.710 -1.986376
0.720 -0.880126
0.730 -0.011110
0.740 1.040901
0.750 -0.205164
0.760 0.821648
0.770 -2.649618
0.780 -1.746157
0.790 2.436541
0.800 1.244706
0.810 -0.934531
0.820 -0.064244
0.830 0.673978
0.840 2.859977
0.850 -2.282267
0.860 0.240637
0.870 -2.339299
0.880 -0.200298
0.890 -1.023848
0.900 2.530675
0.910 1.045361
0.920 -0.116088
0.930 0.086812
0.940 -1.364352
0.950 0.271406
0.960 1.247428
0.970 1.839051
0.980 -1.214309
0.990 2.156807
