0.000 2.518497
0.010 0.510976
0.020 0.458882
0.030 -1.608441
0.040 -1.147476
0.050 1.219357
0.060 3.496872
0.070 -1.688655
0.080 1.833415
0.090 -0.517956
0.100 0.279819
0.110 1.555063
0.120 1.056477
0.130 1.200347
0.140 -0.048323
0.150 -0.158210
0.160 -0.464633
0.170 -0.634160
0.180 1.187497
0.190 0.199859
0.200 -1.229527
0.210 -1.530549
0.220 -3.217464
0.230 -2.102772
0.240 0.624798
0.250 -0.900607
0.260 1.827352
0.270 -0.844957
0.280 0.610673
0.290 -1.243623
0.300 0.103544
0.310 0.582265
0.320 -0.133320
0.330 1.372135
0.340 0.916265
0.350 0.206539
0.360 1.395553
0.370 1.029900
0.380 -2.079194
0.390 1.116679
0.400 -0.095467
0.410 0.004584
0.420 -2.950286
0.430 0.797062
0.440 1.060203
0.450 -0.027130
0.460 0.444281
0.470 -1.916455
0.480 -3.359906
0.490 3.163101
0.500 1.674931
0.510 -3.523699
0.520 -0.683924
0.530 -0.335995
0.540 -1.811086
0.550 0.853837
0.560 2.189873
0.570 -1.278272
0.580 0.907246
0.590 -0.491463
0.600 1.209687
0.610 -1.717521
0.620 -1.590485
0.630 -1.641363
0.640 1.185098
0.650 -2.128280
0.660 1.970593
0.670 -1.518519
0.680 0.309238
0.690 -0.342704
0.700 2.789527
0.710 -1.444605
0.720 0.297315
0.730 -1.858012
0.740 -0.641604
0.750 0.088877
0.760 -1.582156
0.770 1.890399
0.780 1.826996
0.790 0.580710
0.800 3.129340
0.810 0.922546
0.820 0.124812
0.830 0.119898
0.840 0.940633
0.850 2.232926
0.860 1.379260
0.870 0.895481
0.880 0.826574
0.890 2.056018
0.900 -3.349165
0.910 -0.082229
0.920 -3.231619
0.930 1.109847
0.940 -1.925913
0.950 0.885522
0.960 -0.619940
0.970 1.935398
0.980 0.214205
0.990 1.783305
