0.000 0.412528
0.010 2.658309
0.020 1.047274
0.030 -0.015471
0.040 1.412568
0.050 -0.754171
0.060 -3.175767
0.070 0.898865
0.080 -0.787866
0.090 -1.207610
0.100 1.840392
0.110 -0.408456
0.120 -2.576598
0.130 1.105918
0.140 -1.858824
0.150 -0.399567
0.160 -0.013931
0.170 0.977551
0.180 1.357367
0.190 1.585765
0.200 -0.265701
0.210 -0.890835
0.220 -0.401662
0.230 -0.459461
0.240 0.310040
0.250 -1.014664
0.260 1.816525
0.270 -0.482839
0.280 1.290513
0.290 0.517746
0.300 2.235140
0.310 -0.158508
0.320 2.845854
0.330 2.269114
0.340 -0.527021
0.350 2.153332
0.360 0.332812
0.370 0.966143
0.380 1.121848
0.390 -1.596925
0.400 0.476436
0.410 -2.000029
0.420 -2.614802
0.430 -1.820317
0.440 0.499043
0.450 -0.233525
0.460 -0.691449
0.470 1.896005
0.480 -0.366770
0.490 -0.033325
0.500 -0.841059
0.510 -0.398443
0.520 1.242045
0.530 0.377070
0.540 -0.070927
0.550 0.414543
0.560 -1.356330
0.570 -0.547274
0.580 0.966398
0.590 2.722118
0.600 0.575111
0.610 0.864616
0.620 -1.047464
0.630 2.671013
0.640 0.281493
0.650 0.538280
0.660 2.843612
0.670 0.986674
0.680 -0.227203
0.690 2.463040
0.700 3.070602
0.710 0.056665
0.720 -1.946365
0.730 -0.990245
0.740 2.199243
0.750 1.851727
0.760 0.173652
0.770 0.158095
0.780 1.689383
0.790 1.875561
0.800 1.096752
0.810 0.115006
0.820 -1.777776
0.830 -3.019631
0.840 0.013388
0.850 2.241555
0.860 1.389534
0.870 -0.063332
0.880 -2.006774
0.890 -0.360154
0.900 -0.199708
0.910 -1.001418
0.920 0.147625
0.930 2.336177
0.940 0.441649
0.950 0.923922
0.960 -1.496058
0.970 1.099343
0.980 2.337770
0.990 -0.892339
