0.000 0.375169
0.010 0.290544
0.020 -0.137744
0.030 1.931603
0.040 2.559179
0.050 0.477202
0.060 0.818204
0.070 -2.607013
0.080 -2.558730
0.090 2.493954
0.100 -1.258696
0.110 3.662165
0.120 -1.330471
0.130 0.013212
0.140 -0.069977
0.150 1.443609
0.160 1.368811
0.170 -0.971457
0.180 0.048969
0.190 -0.521547
0.200 0.579433
0.210 0.723146
0.220 0.383033
0.230 -0.230892
0.240 0.433762
0.250 0.957476
0.260 1.446356
0.270 0.970472
0.280 -1.738272
0.290 -0.452982
0.300 0.516520
0.310 3.189375
0.320 -4.200631
0.330 0.870546
0.340 3.997657
0.350 0.472502
0.360 0.071382
0.370 -0.521106
0.380 2.843630
0.390 1.366777
0.400 -0.059494
0.410 0.621768
0.420 1.037601
0.430 1.723577
0.440 -1.401008
0.450 -0.458287
0.460 4.166486
0.470 -1.001632
0.480 4.036056
0.490 0.931353
0.500 -0.136860
0.510 4.511795
0.520 0.662827
0.530 -1.271784
0.540 0.400831
0.550 -1.235409
0.560 -3.203138
0.570 1.333449
0.580 1.451609
0.590 1.306767
0.600 -2.054177
0.610 1.162117
0.620 -2.264983
0.630 1.093024
0.640 1.388332
0.650 1.685281
0.660 1.881272
0.670 1.396869
0.680 -2.408891
0.690 1.559073
0.700 -0.528674
0.710 -0.617987
0.720 2.412622
0.730 1.145993
0.740 0.292402
0.750 2.275737
0.760 -1.042288
0.770 -2.670183
0.780 -0.014750
0.790 1.429993
0.800 -2.152416
0.810 2.304111
0.820 1.246686
0.830 1.598821
0.840 -1.306095
0.850 1.435918
0.860 4.013522
0.870 -1.837767
0.880 -1.803145
0.890 0.056296
0.900 2.781278
0.910 -0.689309
0.920 -0.688178
0.930 2.659884
0.940 0.720552
0.950 -1.568714
0.960 1.309665
0.970 0.576926
0.980 4.529968
0.990 -0.950592
