0.000 1.625328
0.010 1.987953
0.020 1.544879
0.030 -2.319852
0.040 -0.412124
0.050 0.730091
0.060 3.207563
0.070 2.279100
0.080 -0.052397
0.090 3.991608
0.100 -1.819396
0.110 2.006064
0.120 1.700862
0.130 -0.929986
0.140 -1.079855
0.150 3.647827
0.160 -0.973712
0.170 0.742167
0.180 0.722956
0.190 0.831159
0.200 -0.502024
0.210 -1.738305
0.220 -0.088428
0.230 -2.689986
0.240 3.246072
0.250 1.281697
0.260 2.426450
0.270 3.674609
0.280 3.628202
0.290 0.484086
0.300 0.160224
0.310 -0.093795
0.320 0.070487
0.330 -0.663413
0.340 -1.518907
0.350 4.935786
0.360 -1.164838
0.370 1.535067
0.380 -0.487329
0.390 -1.436108
0.400 -2.604142
0.410 3.391446
0.420 0.976421
0.430 -0.657787
0.440 -1.559840
0.450 -0.401679
0.460 0.338315
0.470 0.656549
0.480 -1.197444
0.490 1.730779
0.500 0.346831
0.510 2.485098
0.520 0.114444
0.530 -0.497388
0.540 2.093326
0.550 0.434794
0.560 -0.293004
0.570 1.221559
0.580 2.428287
0.590 2.105725
0.600 -0.424497
0.610 -0.970071
0.620 -2.965266
0.630 1.219597
0.640 1.347820
0.650 -0.138495
0.660 -0.013220
0.670 3.386835
0.680 -1.426206
0.690 -1.600533
0.700 -0.186338
0.710 2.989812
0.720 -0.423649
0.730 2.465330
0.740 0.683879
0.750 -0.394227
0.760 -3.519887
0.770 -0.067803
0.780 0.591354
0.790 -4.366118
0.800 -0.254238
0.810 -0.273126
0.820 -0.177715
0.830 0.422549
0.840 -0.683703
0.850 2.035985
0.860 3.613799
0.870 -3.851111
0.880 0.030385
0.890 0.847720
0.900 0.565130
0.910 1.907061
0.920 -3.626085
0.930 2.904599
0.940 0.472580
0.950 2.111091
0.960 2.907459
0.970 2.094028
0.980 0.130719
0.990 -0.449625
