0.000 0.344669
0.010 -1.449420
0.020 -0.695469
0.030 -1.905653
0.040 -0.149116
0.050 -1.505736
0.060 2.195321
0.070 1.908512
0.080 0.662304
0.090 1.381517
0.100 -0.443619
0.110 -0.023431
0.120 -0.012337
0.130 1.252438
0.140 -0.130520
0.150 -0.244361
0.160 -2.311551
0.170 -1.196473
0.180 -0.261913
0.190 1.330496
0.200 2.807909
0.210 -0.149105
0.220 0.254737
0.230 1.503598
0.240 1.043157
0.250 1.241927
0.260 1.919210
0.270 -0.030054
0.280 -0.751885
0.290 -0.681118
0.300 -1.509668
0.310 -1.454762
0.320 3.568178
0.330 0.389495
0.340 2.874533
0.350 3.119516
0.360 -0.545351
0.370 -1.299198
0.380 -1.070813
0.390 0.876429
0.400 -0.016593
0.410 2.397340
0.420 2.133011
0.430 1.564715
0.440 3.231152
0.450 0.693076
0.460 1.441490
0.470 0.841422
0.480 -0.641399
0.490 0.616295
0.500 -0.921373
0.510 1.096010
0.520 -1.118812
0.530 -3.247848
0.540 1.950255
0.550 0.825318
0.560 3.141663
0.570 0.936859
0.580 1.360159
0.590 1.190786
0.600 -1.084999
0.610 -0.648067
0.620 1.562822
0.630 -1.178336
0.640 -0.714204
0.650 -1.069051
0.660 2.242671
0.670 3.424227
0.680 2.160776
0.690 -0.911178
0.700 -0.296684
0.710 0.611529
0.720 0.738976
0.730 2.982871
0.740 0.503784
0.750 2.234280
0.760 -1.296865
0.770 -0.575219
0.780 -1.768704
0.790 3.196564
0.800 -1.568414
0.810 -0.925781
0.820 -0.511798
0.830 -0.168026
0.840 -1.154442
0.850 0.946160
0.860 4.034600
0.870 0.151702
0.880 -1.970422
0.890 -0.474896
0.900 -1.118072
0.910 -2.354708
0.920 -0.360942
0.930 1.336116
0.940 1.459942
0.950 1.848537
0.960 1.596429
0.970 -0.250364
0.980 -2.023068
0.990 -0.121200
