0.000 -1.525831
0.010 1.696695
0.020 0.805904
0.030 1.171979
0.040 2.759025
0.050 0.204014
0.060 0.782091
0.070 0.950675
0.080 4.937246
0.090 0.917271
0.100 1.267670
0.110 4.044859
0.120 -0.750115
0.130 -0.428851
0.140 2.912054
0.150 -1.216951
0.160 -1.323666
0.170 2.962587
0.180 0.723057
0.190 1.743099
0.200 -1.212230
0.210 0.055119
0.220 1.263521
0.230 2.547108
0.240 -0.080553
0.250 -1.377834
0.260 -2.284935
0.270 1.278957
0.280 1.950753
0.290 -2.563795
0.300 2.073982
0.310 0.151235
0.320 2.186505
0.330 0.430215
0.340 0.672979
0.350 0.190470
0.360 -0.235546
0.370 1.075062
0.380 -1.555344
0.390 -1.651655
0.400 1.993867
0.410 1.151444
0.420 -0.488919
0.430 0.932980
0.440 -0.808280
0.450 3.280881
0.460 -1.677316
0.470 1.492000
0.480 2.670637
0.490 0.356641
0.500 0.294997
0.510 1.264010
0.520 1.133677
0.530 1.837616
0.540 2.304509
0.550 -1.679640
0.560 -1.374794
0.570 0.273240
0.580 2.861661
0.590 2.083431
0.600 -1.668755
0.610 4.107332
0.620 -1.091118
0.630 0.885561
0.640 -0.006918
0.650 0.599452
0.660 -1.091742
0.670 0.407867
0.680 -0.462580
0.690 1.974529
0.700 0.239683
0.710 0.954560
0.720 -0.087613
0.730 -1.193814
0.740 2.171100
0.750 0.739673
0.760 0.317417
0.770 1.021481
0.780 -0.051306
0.790 3.204814
0.800 0.152307
0.810 -0.038920
0.820 2.393897
0.830 1.677697
0.840 2.565195
0.850 -1.982522
0.860 -1.458333
0.870 -0.459750
0.880 -1.217720
0.890 0.390639
0.900 0.771998
0.910 0.554976
0.920 0.225239
0.930 -0.369915
0.940 1.583858
0.950 -1.298477
0.960 0.619918
0.970 -1.151018
0.980 1.495842
0.990 -2.018108
