0.000 0.318282
0.010 2.161400
0.020 0.553214
0.030 1.834626
0.040 -2.986281
0.050 -0.123640
0.060 -0.630584
0.070 -0.056257
0.080 -1.299142
0.090 -1.991383
0.100 0.403638
0.110 1.172294
0.120 1.154278
0.130 -0.501172
0.140 -2.352407
0.150 0.331460
0.160 -2.531374
0.170 0.620544
0.180 0.253981
0.190 1.108556
0.200 1.407408
0.210 -0.763720
0.220 -1.833487
0.230 -0.339070
0.240 0.224884
0.250 0.690587
0.260 -1.732302
0.270 -1.918845
0.280 -1.997884
0.290 1.010045
0.300 -1.895342
0.310 -0.544786
0.320 0.346082
0.330 -0.865428
0.340 -3.203912
0.350 2.660775
0.360 -1.517929
0.370 1.162616
0.380 0.869454
0.390 -1.215200
0.400 -1.635488
0.410 1.652998
0.420 -2.343228
0.430 -1.185479
0.440 -0.074807
0.450 1.054948
0.460 -1.630857
0.470 -3.848800
0.480 -0.791405
0.490 2.310330
0.500 0.465122
0.510 0.641375
0.520 1.196506
0.530 0.280172
0.540 1.459183
0.550 1.682937
0.560 0.396760
0.570 -0.052322
0.580 0.517914
0.590 1.868038
0.600 0.212728
0.610 -0.103544
0.620 2.008281
0.630 -2.643302
0.640 1.762807
0.650 2.690687
0.660 0.276517
0.670 -0.637732
0.680 1.857984
0.690 2.258651
0.700 1.284204
0.710 1.921657
0.720 0.274103
0.730 -3.552459
0.740 1.715963
0.750 -0.084002
0.760 -1.918549
0.770 1.116368
0.780 0.627008
0.790 4.642608
0.800 0.616347
0.810 -1.645617
0.820 -1.634828
0.830 0.142397
0.840 2.333422
0.850 -1.378131
0.860 -1.493321
0.870 -0.882902
0.880 1.070006
0.890 2.232343
0.900 -0.373811
0.910 -0.936165
0.920 -1.153702
0.930 -0.048487
0.940 -0.757265
0.950 -0.132132
0.960 -0.048301
0.970 0.324518
0.980 2.549614
0.990 -2.133917
