0.000 0.155992
0.010 -1.060660
0.020 -1.522076
0.030 0.190442
0.040 1.038078
0.050 2.112571
0.060 1.930379
0.070 1.013793
0.080 0.698211
0.090 -2.146682
0.100 -1.190736
0.110 -1.633690
0.120 -1.378225
0.130 0.454654
0.140 0.332955
0.150 1.385783
0.160 1.056031
0.170 -2.861802
0.180 -2.132709
0.190 -0.577924
0.200 2.642226
0.210 -1.290693
0.220 -1.396926
0.230 -1.528499
0.240 -1.775121
0.250 0.783934
0.260 1.572216
0.270 -1.506530
0.280 0.472932
0.290 -0.324031
0.300 -1.161095
0.310 -0.806879
0.320 -2.131729
0.330 -0.984181
0.340 3.996075
0.350 0.306859
0.360 -2.534115
0.370 2.389803
0.380 -0.597977
0.390 0.519892
0.400 1.223654
0.410 3.130714
0.420 0.785000
0.430 0.266566
0.440 -0.686118
0.450 3.969163
0.460 -0.657946
0.470 0.127172
0.480 2.654722
0.490 0.651440
0.500 2.772463
0.510 0.328069
0.520 1.010958
0.530 0.267790
0.540 -0.402313
0.550 2.684419
0.560 1.350857
0.570 -0.990745
0.580 -0.485071
0.590 -2.531183
0.600 0.962563
0.610 1.428132
0.620 -0.871741
0.630 1.058947
0.640 2.057793
0.650 -0.964956
0.660 1.479145
0.670 -4.133137
0.680 -1.389750
0.690 2.954155
0.700 -0.964560
0.710 -1.122607
0.720 1.305293
0.730 -1.013758
0.740 -2.424213
0.750 -2.630097
0.760 0.698522
0.770 0.575523
0.780 -2.002654
0.790 0.613414
0.800 -1.716941
0.810 -1.370492
0.820 2.835390
0.830 -2.252964
0.840 -1.812149
0.850 -0.804429
0.860 0.338628
0.870 0.474765
0.880 1.483779
0.890 2.263543
0.900 -0.142496
0.910 -1.151598
0.920 2.989621
0.930 -0.125168
0.940 1.046637
0.950 1.011185
0.960 -1.123741
0.970 -3.151494
0.980 3.115737
0.990 -0.494369
