0.000 1.332669
0.010 -1.470598
0.020 2.983065
0.030 -0.756052
0.040 2.995821
0.050 -2.607132
0.060 2.965640
0.070 -1.615698
0.080 0.065923
0.090 0.411851
0.100 -0.410313
0.110 -0.501752
0.120 -1.220139
0.130 2.047437
0.140 1.889516
0.150 3.374518
0.160 -1.184768
0.170 2.212899
0.180 0.011555
0.190 -0.864878
0.200 3.047567
0.210 -2.907070
0.220 -1.197953
0.230 1.087291
0.240 -3.979261
0.250 -0.679076
0.260 0.211948
0.270 0.627427
0.280 -0.324627
0.290 0.155986
0.300 2.170062
0.310 0.216714
0.320 1.437804
0.330 -0.637089
0.340 -2.550055
0.350 -0.628531
0.360 1.916408
0.370 -1.837812
0.380 -0.092274
0.390 -2.004439
0.400 -1.373074
0.410 -0.549704
0.420 1.058876
0.430 -2.233095
0.440 1.203593
0.450 1.593360
0.460 0.006018
0.470 1.942776
0.480 2.569277
0.490 0.636716
0.500 -2.193941
0.510 0.202162
0.520 -0.669622
0.530 1.501303
0.540 -1.336692
0.550 -0.838956
0.560 1.536383
0.570 0.058306
0.580 3.653286
0.590 2.264801
0.600 4.288285
0.610 0.557991
0.620 -0.287714
0.630 4.024284
0.640 -0.195670
0.650 -0.329545
0.660 -0.865451
0.670 -1.205538
0.680 1.875572
0.690 2.476454
0.700 1.087730
0.710 2.379244
0.720 -2.543502
0.730 2.118507
0.740 -2.666347
0.750 -1.418081
0.760 -0.797554
0.770 -0.280281
0.780 3.802735
0.790 1.067128
0.800 0.242648
0.810 0.515206
0.820 1.547942
0.830 -2.128357
0.840 3.122598
0.850 1.096007
0.860 -1.116124
0.870 1.486045
0.880 -2.283888
0.890 -1.001689
0.900 0.972987
0.910 1.934647
0.920 -0.208143
0.930 0.329156
0.940 1.450608
0.950 -1.437069
0.960 1.869262
0.970 2.296314
0.980 -2.022368
0.990 2.357511
