0.000 2.050470
0.010 1.967891
0.020 0.258473
0.030 2.924848
0.040 1.844347
0.050 -2.912512
0.060 -0.645893
0.070 -0.221612
0.080 0.836213
0.090 -1.687887
0.100 0.387569
0.110 1.030825
0.120 0.460370
0.130 -0.150129
0.140 -0.302430
0.150 0.643408
0.160 -2.631228
0.170 0.132188
0.180 0.927655
0.190 -0.406627
0.200 2.382744
0.210 -2.942567
0.220 0.937010
0.230 -2.909706
0.240 -1.039908
0.250 1.583686
0.260 -0.516251
0.270 0.184058
0.280 0.346098
0.290 -1.724102
0.300 2.085177
0.310 -0.468184
0.320 -0.376426
0.330 -0.842268
0.340 0.321410
0.350 2.207475
0.360 1.117077
0.370 -0.015448
0.380 1.272780
0.390 -0.075336
0.400 -1.115637
0.410 0.041170
0.420 0.738974
0.430 1.843932
0.440 -1.788942
0.450 1.534798
0.460 -1.714838
0.470 2.482285
0.480 0.567705
0.490 1.208898
0.500 -1.409545
0.510 0.869454
0.520 3.346029
0.530 0.427405
0.540 3.852855
0.550 2.040227
0.560 1.354797
0.570 1.883803
0.580 0.191958
0.590 -0.640043
0.600 0.255274
0.610 0.172906
0.620 -0.428606
0.630 -0.565314
0.640 1.809843
0.650 0.717565
0.660 3.555317
0.670 0.136636
0.680 -0.031844
0.690 0.686583
0.700 1.627036
0.710 -0.784911
0.720 -0.871914
0.730 1.149513
0.740 1.993878
0.750 0.640274
0.760 0.997990
0.770 -2.406774
0.780 1.929689
0.790 -1.224477
0.800 0.522355
0.810 -2.959976
0.820 2.457817
0.830 -2.027324
0.840 0.799201
0.850 0.608116
0.860 -1.182503
0.870 0.707195
0.880 3.989895
0.890 -0.350327
0.900 1.207848
0.910 2.658173
0.920 -1.159041
0.930 1.349372
0.940 -0.607377
0.950 2.635198
0.960 1.398678
0.970 2.164407
0.980 -2.296053
0.990 -0.458888
