0.000 -0.098053
0.010 1.511742
0.020 1.019569
0.030 2.916279
0.040 2.544561
0.050 0.597990
0.060 -2.259014
0.070 -2.980774
0.080 2.496482
0.090 -2.310178
0.100 -1.164128
0.110 1.741263
0.120 2.364090
0.130 0.134669
0.140 3.177700
0.150 -1.903971
0.160 -0.660105
0.170 2.074599
0.180 2.087693
0.190 -0.028646
0.200 2.755070
0.210 -1.188553
0.220 2.045463
0.230 1.627575
0.240 -1.524300
0.250 1.511813
0.260 1.694446
0.270 -1.484446
0.280 2.829391
0.290 -0.850883
0.300 -0.539285
0.310 2.067225
0.320 2.273907
0.330 3.469701
0.340 1.516823
0.350 -4.889287
0.360 -0.627664
0.370 0.254062
0.380 0.325400
0.390 0.910178
0.400 1.358856
0.410 1.993135
0.420 -0.228140
0.430 0.601541
0.440 0.492779
0.450 -1.004858
0.460 0.583517
0.470 -0.850794
0.480 -1.072731
0.490 -3.131859
0.500 0.051999
0.510 -0.535545
0.520 -0.587393
0.530 2.911510
0.540 2.982375
0.550 -1.010234
0.560 0.929278
0.570 -0.799433
0.580 -1.302642
0.590 -4.873225
0.600 -1.078009
0.610 0.307969
0.620 1.802328
0.630 0.511863
0.640 2.682273
0.650 -0.340142
0.660 -1.612523
0.670 -0.751236
0.680 0.292153
0.690 -0.412981
0.700 -0.689673
0.710 -1.716376
0.720 -0.048650
0.730 1.892519
0.740 2.099522
0.750 0.219000
0.760 0.415912
0.770 -0.219502
0.780 0.243120
0.790 -0.238820
0.800 -2.234738
0.810 4.071164
0.820 -2.809933
0.830 -2.100494
0.840 1.762915
0.850 3.907203
0.860 3.569498
0.870 0.190974
0.880 2.044436
0.890 0.074140
0.900 -1.131875
0.910 -0.281610
0.920 -0.059966
0.930 0.668695
0.940 -2.265439
0.950 0.122953
0.960 0.009416
0.970 0.126858
0.980 -0.163114
0.990 2.015027
