0.000 -4.033099
0.010 -2.737338
0.020 -1.787230
0.030 2.568972
0.040 1.218248
0.050 -0.379917
0.060 -0.433157
0.070 -0.873985
0.080 0.528946
0.090 4.106907
0.100 -1.960824
0.110 -1.296366
0.120 -0.494064
0.130 2.874499
0.140 0.822921
0.150 -1.505850
0.160 2.374048
0.170 -0.003337
0.180 -2.164312
0.190 0.065957
0.200 0.577529
0.210 0.726746
0.220 -1.017474
0.230 0.855446
0.240 -2.237302
0.250 0.396865
0.260 0.103902
0.270 -0.798044
0.280 1.236619
0.290 0.043977
0.300 -2.555370
0.310 -0.908484
0.320 0.610051
0.330 3.268385
0.340 0.030240
0.350 -0.071212
0.360 1.344649
0.370 -0.490943
0.380 -1.349576
0.390 1.639811
0.400 -1.450879
0.410 0.509198
0.420 -1.822773
0.430 0.329689
0.440 2.191303
0.450 0.643657
0.460 -1.451499
0.470 -1.641393
0.480 3.854388
0.490 2.524750
0.500 1.843416
0.510 -0.716050
0.520 -0.516093
0.530 -3.546951
0.540 -0.060518
0.550 -2.119003
0.560 1.278529
0.570 0.912208
0.580 1.485031
0.590 -1.552185
0.600 1.301090
0.610 1.654925
0.620 -0.115255
0.630 -1.692017
0.640 0.862464
0.650 2.013315
0.660 -0.228390
0.670 -0.494396
0.680 -0.185716
0.690 0.737165
0.700 0.723255
0.710 -1.132117
0.720 1.112360
0.730 -0.657798
0.740 0.631587
0.750 3.490399
0.760 0.056381
0.770 -0.033029
0.780 0.049267
0.790 -2.040718
0.800 -1.443750
0.810 -0.161983
0.820 0.024644
0.830 1.720091
0.840 -2.647778
0.850 -1.258797
0.860 -0.073879
0.870 -2.372427
0.880 -0.342004
0.890 -2.054731
0.900 1.708770
0.910 -0.016361
0.920 3.027938
0.930 -1.319428
0.940 2.340371
0.950 -1.111158
0.960 -1.912462
0.970 0.337624
0.980 -1.410077
0.990 1.115930
