0.000 -0.078843
0.010 -2.310397
0.020 0.164702
0.030 -0.073770
0.040 2.875441
0.050 0.167262
0.060 1.236574
0.070 -2.333511
0.080 0.381004
0.090 2.133170
0.100 -0.155787
0.110 -0.323766
0.120 1.143111
0.130 1.421747
0.140 -0.543854
0.150 -1.233238
0.160 2.041557
0.170 -0.977057
0.180 2.785129
0.190 -1.755242
0.200 3.221723
0.210 0.272649
0.220 1.346998
0.230 1.713568
0.240 -1.089810
0.250 0.414829
0.260 -2.377045
0.270 -2.024767
0.280 -2.823011
0.290 1.404454
0.300 -2.535820
0.310 -0.139057
0.320 1.058167
0.330 -2.629035
0.340 -0.723643
0.350 -1.925367
0.360 -0.542756
0.370 -0.079089
0.380 0.463302
0.390 -1.791462
0.400 0.100624
0.410 0.150301
0.420 0.870261
0.430 3.718908
0.440 -0.824206
0.450 0.154055
0.460 -0.456823
0.470 -2.378016
0.480 -0.751050
0.490 -1.022490
0.500 2.827339
0.510 1.828205
0.520 1.418045
0.530 0.133653
0.540 2.236913
0.550 -1.436779
0.560 0.790731
0.570 -0.480807
0.580 1.367528
0.590 -2.589262
0.600 -0.548713
0.610 1.037874
0.620 3.580094
0.630 0.299963
0.640 -3.024191
0.650 0.540985
0.660 2.959253
0.670 -1.055009
0.680 -0.118116
0.690 2.501581
0.700 1.423641
0.710 3.581401
0.720 -0.290170
0.730 0.552990
0.740 2.161460
0.750 0.520716
0.760 -0.732253
0.770 -0.669623
0.780 -0.123379
0.790 -2.003767
0.800 0.654845
0.810 -2.304476
0.820 1.690578
0.830 -0.569964
0.840 -3.784711
0.850 1.756403
0.860 0.059199
0.870 -2.244865
0.880 2.743982
0.890 1.171194
0.900 1.699996
0.910 3.141231
0.920 0.973493
0.930 1.825691
0.940 -2.053096
0.950 0.304737
0.960 0.593572
0.970 1.781097
0.980 -0.074697
0.990 0.534930
