0.000 -1.851461
0.010 1.883286
0.020 -3.071902
0.030 3.165325
0.040 2.723695
0.050 0.204500
0.060 -0.756420
0.070 1.156640
0.080 2.129146
0.090 -1.918638
0.100 -0.906174
0.110 1.088216
0.120 -0.944759
0.130 -0.409709
0.140 -0.281313
0.150 1.097858
0.160 -0.626157
0.170 -0.006230
0.180 -0.889398
0.190 -0.758945
0.200 -3.937594
0.210 -2.121122
0.220 2.901136
0.230 3.451134
0.240 -1.518201
0.250 0.460857
0.260 0.919054
0.270 -1.109106
0.280 -1.155224
0.290 -0.505618
0.300 -0.508350
0.310 -4.819571
0.320 -1.936034
0.330 0.685018
0.340 2.976187
0.350 2.622350
0.360 -3.232723
0.370 0.319999
0.380 0.889471
0.390 2.364787
0.400 0.630136
0.410 2.106777
0.420 1.890816
0.430 -1.040556
0.440 -2.232529
0.450 1.620963
0.460 2.120490
0.470 0.228931
0.480 -0.462713
0.490 0.723296
0.500 2.413068
0.510 0.556424
0.520 -0.616669
0.530 0.001309
0.540 0.445556
0.550 0.654498
0.560 -0.060788
0.570 -0.269341
0.580 1.810289
0.590 -0.860055
0.600 0.673170
0.610 -0.721193
0.620 0.647913
0.630 1.840038
0.640 0.613380
0.650 -2.285125
0.660 -2.715913
0.670 3.139635
0.680 1.552659
0.690 -0.467905
0.700 0.471691
0.710 -1.849308
0.720 0.529531
0.730 1.426600
0.740 -0.162345
0.750 -1.593255
0.760 -1.674646
0.770 3.085785
0.780 0.810288
0.790 -0.911479
0.800 0.405261
0.810 1.078214
0.820 1.367890
0.830 -0.438165
0.840 0.794779
0.850 1.499316
0.860 -0.990837
0.870 -2.218924
0.880 -2.139872
0.890 0.109036
0.900 0.081772
0.910 -2.878471
0.920 -0.670709
0.930 -0.490485
0.940 1.861562
0.950 1.266075
0.960 -1.291307
0.970 -2.859962
0.980 -0.553834
0.990 -0.621997
