0.000 2.426229
0.010 -1.627325
0.020 -1.143487
0.030 -0.939464
0.040 1.858975
0.050 -0.099794
0.060 -1.918452
0.070 -2.488845
0.080 -2.642123
0.090 0.014395
0.100 1.143140
0.110 0.558484
0.120 -1.278528
0.130 -2.953284
0.140 -0.291461
0.150 -1.854384
0.160 2.496387
0.170 -0.943955
0.180 -1.265329
0.190 -1.241124
0.200 2.449062
0.210 1.742076
0.220 3.306584
0.230 3.956912
0.240 3.601624
0.250 -1.598671
0.260 0.355249
0.270 -0.906988
0.280 -1.402895
0.290 -3.956821
0.300 -0.915344
0.310 -0.521364
0.320 4.185206
0.330 -0.986658
0.340 1.095166
0.350 -0.007391
0.360 -0.757542
0.370 1.040526
0.380 -1.593527
0.390 1.122856
0.400 1.000561
0.410 -1.703344
0.420 1.468800
0.430 1.999973
0.440 1.579579
0.450 -1.792525
0.460 -0.288077
0.470 2.081837
0.480 2.633063
0.490 -0.553707
0.500 -2.783440
0.510 0.626822
0.520 0.839501
0.530 -1.575183
0.540 2.038957
0.550 -1.359526
0.560 1.181579
0.570 0.267023
0.580 1.970626
0.590 -1.281971
0.600 -3.578490
0.610 -1.939736
0.620 0.504181
0.630 1.107347
0.640 -2.267666
0.650 0.404341
0.660 -0.830076
0.670 3.479565
0.680 -0.585351
0.690 0.546855
0.700 0.819525
0.710 -0.175270
0.720 2.426674
0.730 0.234617
0.740 1.319576
0.750 2.374882
0.760 0.758533
0.770 -2.892966
0.780 2.786816
0.790 -0.283178
0.800 1.194474
0.810 1.522734
0.820 -0.082388
0.830 0.617832
0.840 -2.410063
0.850 -1.215605
0.860 -1.051142
0.870 -3.983436
0.880 3.911854
0.890 -0.091706
0.900 -2.443386
0.910 -0.787417
0.920 2.119820
0.930 -0.803895
0.940 -0.203348
0.950 -0.370153
0.960 1.828923
0.970 -1.148693
0.980 1.276620
0.990 4.034974
