0.000 -1.776397
0.010 -2.331634
0.020 2.846387
0.030 1.309872
0.040 -1.267243
0.050 0.686861
0.060 0.238485
0.070 0.422272
0.080 -1.669508
0.090 -1.980497
0.100 0.942775
0.110 -0.056007
0.120 0.689285
0.130 0.019506
0.140 2.701718
0.150 1.457468
0.160 0.540304
0.170 2.551251
0.180 2.473276
0.190 1.652297
0.200 -3.391346
0.210 4.186104
0.220 1.962058
0.230 1.955269
0.240 -1.413934
0.250 -0.482928
0.260 -0.508465
0.270 -0.392018
0.280 1.045224
0.290 0.536101
0.300 0.306652
0.310 -1.747912
0.320 0.856214
0.330 -0.364370
0.340 0.715565
0.350 2.040966
0.360 -0.265059
0.370 2.907739
0.380 -0.123752
0.390 1.344023
0.400 0.276319
0.410 1.362859
0.420 -0.390375
0.430 2.951190
0.440 0.166195
0.450 1.216709
0.460 1.834915
0.470 -1.854793
0.480 -0.477159
0.490 2.404283
0.500 2.175544
0.510 2.510447
0.520 1.448942
0.530 1.415543
0.540 -4.701938
0.550 2.309470
0.560 0.424872
0.570 -2.272796
0.580 0.342956
0.590 2.441521
0.600 -0.151222
0.610 -2.814904
0.620 -2.230829
0.630 0.435054
0.640 -1.955416
0.650 -0.682324
0.660 0.542654
0.670 1.590580
0.680 -1.153815
0.690 -0.434344
0.700 -0.409965
0.710 0.350638
0.720 2.597020
0.730 -1.041522
0.740 0.937793
0.750 0.134503
0.760 0.528070
0.770 -1.809225
0.780 -1.013410
0.790 -0.531757
0.800 1.343614
0.810 0.093180
0.820 -0.817534
0.830 1.017558
0.840 2.126479
0.850 0.765214
0.860 -3.419753
0.870 2.440678
0.880 -2.335361
0.890 1.435991
0.900 0.911262
0.910 -0.859059
0.920 -1.662690
0.930 0.506660
0.940 0.100960
0.950 1.576650
0.960 -1.405163
0.970 0.142384
0.980 1.394100
0.990 -0.331198
