0.000 -0.545003
0.010 0.599208
0.020 1.688501
0.030 -0.913588
0.040 1.895019
0.050 1.374587
0.060 0.527627
0.070 -0.558981
0.080 2.521198
0.090 0.341826
0.100 3.638156
0.110 -0.559764
0.120 2.069500
0.130 -0.163461
0.140 -0.776776
0.150 4.383954
0.160 0.000135
0.170 0.468030
0.180 -1.110048
0.190 -1.152450
0.200 2.788129
0.210 1.822148
0.220 0.092818
0.230 1.149802
0.240 -1.486683
0.250 1.919907
0.260 1.048090
0.270 -1.785322
0.280 -0.202095
0.290 1.355836
0.300 3.028145
0.310 -1.341797
0.320 -1.129509
0.330 0.246342
0.340 -3.140812
0.350 -1.374262
0.360 2.621663
0.370 -1.213247
0.380 1.144689
0.390 1.305322
0.400 -0.593782
0.410 -0.768818
0.420 -0.377702
0.430 1.514941
0.440 -1.503231
0.450 1.381063
0.460 -0.293321
0.470 1.966554
0.480 -0.134657
0.490 -1.404363
0.500 0.279712
0.510 -1.550903
0.520 -0.406668
0.530 -0.298033
0.540 -2.353824
0.550 2.538978
0.560 0.371485
0.570 -0.080335
0.580 0.039266
0.590 -1.101835
0.600 0.305520
0.610 0.499226
0.620 -1.063410
0.630 0.964094
0.640 -1.437123
0.650 -4.237039
0.660 2.966566
0.670 0.570521
0.680 0.424634
0.690 -1.997589
0.700 0.634835
0.710 0.578593
0.720 1.434822
0.730 -1.513527
0.740 -1.039389
0.750 1.999314
0.760 -2.415463
0.770 -0.525690
0.780 0.864883
0.790 -0.194865
0.800 -0.871903
0.810 2.200033
0.820 1.244896
0.830 0.198404
0.840 1.237872
0.850 -3.168491
0.860 -2.122208
0.870 -0.379896
0.880 -1.414769
0.890 -1.288368
0.900 3.806717
0.910 -0.608411
0.920 0.783298
0.930 -2.145591
0.940 1.051500
0.950 0.587083
0.960 1.609065
0.970 1.031551
0.980 0.747382
0.990 -2.100209
