0.000 1.871464
0.010 0.190639
0.020 -1.846128
0.030 2.398769
0.040 2.318344
0.050 0.527976
0.060 0.619655
0.070 -1.186853
0.080 0.495278
0.090 0.079935
0.100 -2.667376
0.110 -1.816441
0.120 0.538160
0.130 2.643653
0.140 0.218928
0.150 1.546372
0.160 -2.068405
0.170 -0.567155
0.180 -1.246133
0.190 -0.852927
0.200 -1.317912
0.210 0.005478
0.220 1.550021
0.230 -3.870582
0.240 -0.589593
0.250 0.965161
0.260 -2.112132
0.270 -2.281016
0.280 1.423345
0.290 1.467620
0.300 0.604256
0.310 -0.753912
0.320 -0.185922
0.330 1.345495
0.340 -0.601663
0.350 -2.736925
0.360 1.479282
0.370 -1.798732
0.380 0.564984
0.390 2.743297
0.400 -0.761299
0.410 1.710490
0.420 1.959646
0.430 0.924563
0.440 2.595774
0.450 -1.255557
0.460 0.816535
0.470 -2.026231
0.480 -1.342951
0.490 3.028312
0.500 2.968734
0.510 -0.785193
0.520 0.575191
0.530 0.754328
0.540 -0.056750
0.550 -1.073587
0.560 4.183104
0.570 -0.178386
0.580 0.918422
0.590 -2.374772
0.600 2.370923
0.610 3.426024
0.620 -1.885305
0.630 1.291585
0.640 -2.249785
0.650 0.097950
0.660 -1.352518
0.670 0.874282
0.680 -0.382503
0.690 -2.567266
0.700 -1.618312
0.710 -1.628124
0.720 2.239185
0.730 0.294974
0.740 0.188958
0.750 1.388776
0.760 1.150019
0.770 -0.420753
0.780 0.561961
0.790 -0.563160
0.800 0.246571
0.810 0.043288
0.820 -0.666413
0.830 0.507271
0.840 0.133035
0.850 0.362502
0.860 0.924934
0.870 1.647658
0.880 0.960625
0.890 2.833303
0.900 -3.278213
0.910 -2.373007
0.920 -0.923791
0.930 1.131307
0.940 -0.978182
0.950 0.006566
0.960 -0.000681
0.970 -0.904551
0.980 -0.354104
0.990 -0.243929
