0.000 1.372439
0.010 3.356635
0.020 -1.910298
0.030 -0.905957
0.040 -0.791229
0.050 1.058361
0.060 2.054350
0.070 0.136926
0.080 3.056059
0.090 -0.073127
0.100 2.578826
0.110 1.332015
0.120 2.880288
0.130 0.397964
0.140 0.970377
0.150 -1.351033
0.160 0.430351
0.170 -0.131344
0.180 0.631790
0.190 -1.594164
0.200 1.565496
0.210 0.367306
0.220 -3.169776
0.230 2.098414
0.240 0.239993
0.250 1.429423
0.260 -2.450958
0.270 -0.854013
0.280 -2.159152
0.290 -0.935377
0.300 1.580060
0.310 -1.723799
0.320 1.474738
0.330 -0.152975
0.340 0.903736
0.350 3.295896
0.360 0.486850
0.370 2.219310
0.380 1.150801
0.390 -2.372588
0.400 0.527817
0.410 -0.369025
0.420 1.280949
0.430 0.970538
0.440 -1.135021
0.450 -1.595359
0.460 0.009003
0.470 -1.977684
0.480 0.871721
0.490 1.786573
0.500 -1.364928
0.510 1.854580
0.520 2.316112
0.530 0.718455
0.540 0.335952
0.550 0.729328
0.560 -1.366840
0.570 -0.789918
0.580 0.332158
0.590 3.842564
0.600 0.428762
0.610 3.630166
0.620 -0.090285
0.630 -1.884950
0.640 0.603861
0.650 -1.963929
0.660 -2.198715
0.670 -1.252067
0.680 1.182267
0.690 -1.299347
0.700 0.409464
0.710 -1.022365
0.720 -0.197115
0.730 -0.969835
0.740 3.682100
0.750 0.820208
0.760 -0.587679
0.770 2.696405
0.780 -1.540230
0.790 -0.155006
0.800 0.475610
0.810 1.539117
0.820 1.224372
0.830 0.034091
0.840 2.862892
0.850 -0.195085
0.860 1.798888
0.870 0.352241
0.880 -1.671118
0.890 -0.779705
0.900 -1.126244
0.910 3.031701
0.920 -0.772444
0.930 1.567010
0.940 -0.714612
0.950 -4.083409
0.960 1.517260
0.970 3.191311
0.980 -0.546374
0.990 2.555649
