0.000 -2.495324
0.010 2.883476
0.020 2.227771
0.030 -1.870528
0.040 -1.269959
0.050 2.217105
0.060 -0.882415
0.070 1.261775
0.080 -0.069861
0.090 -4.057867
0.100 0.599274
0.110 1.984701
0.120 0.319822
0.130 0.023335
0.140 2.141478
0.150 3.850092
0.160 2.787254
0.170 4.075962
0.180 -3.693733
0.190 1.495188
0.200 -0.532669
0.210 2.037411
0.220 -0.848747
0.230 -1.349253
0.240 0.625800
0.250 -2.590461
0.260 2.520924
0.270 -0.513279
0.280 -1.809228
0.290 -0.686720
0.300 1.134418
0.310 0.081079
0.320 4.095306
0.330 0.778343
0.340 -3.090540
0.350 -0.903337
0.360 -1.509063
0.370 1.398653
0.380 -1.020267
0.390 1.793963
0.400 -1.537138
0.410 0.629828
0.420 0.804825
0.430 0.870888
0.440 -0.499939
0.450 -0.480993
0.460 -1.418760
0.470 -0.218494
0.480 0.300857
0.490 -0.177262
0.500 -4.188495
0.510 0.373651
0.520 1.885896
0.530 0.820605
0.540 -3.249768
0.550 1.195934
0.560 -1.109230
0.570 4.005238
0.580 0.821026
0.590 2.048898
0.600 -0.023763
0.610 -0.811873
0.620 -1.862984
0.630 -1.659185
0.640 -1.359208
0.650 -0.294750
0.660 0.350847
0.670 1.369266
0.680 0.561275
0.690 1.158094
0.700 1.087029
0.710 -0.915209
0.720 -0.876764
0.730 1.364348
0.740 -3.445579
0.750 1.210248
0.760 -0.346274
0.770 -2.749115
0.780 -1.311764
0.790 0.006499
0.800 0.905476
0.810 0.130699
0.820 -1.349674
0.830 -2.454918
0.840 0.463200
0.850 -2.192304
0.860 2.377059
0.870 -0.672789
0.880 0.133821
0.890 0.430740
0.900 -0.716422
0.910 0.116056
0.920 -0.215403
0.930 -0.377170
0.940 -2.749099
0.950 0.122218
0.960 -0.311147
0.970 1.248944
0.980 1.418115
0.990 -1.485633
