0.000 -2.876000
0.010 0.391526
0.020 -0.001934
0.030 -1.220081
0.040 -0.687314
0.050 0.890791
0.060 3.486839
0.070 3.526394
0.080 -0.206633
0.090 -2.891736
0.100 -0.730954
0.110 -0.334841
0.120 -0.477665
0.130 -2.497231
0.140 -0.333499
0.150 3.035423
0.160 1.062164
0.170 1.193240
0.180 1.134710
0.190 4.098033
0.200 -0.528996
0.210 0.220171
0.220 2.472278
0.230 2.424147
0.240 2.864065
0.250 3.163603
0.260 1.866888
0.270 2.547178
0.280 -3.361281
0.290 0.260878
0.300 -3.176836
0.310 -0.658433
0.320 -2.422136
0.330 0.335527
0.340 1.912347
0.350 0.039123
0.360 -2.274145
0.370 -1.382697
0.380 -6.122993
0.390 2.450119
0.400 0.984408
0.410 -0.914765
0.420 -0.445960
0.430 1.399846
0.440 0.443252
0.450 -0.135791
0.460 2.828452
0.470 0.424351
0.480 0.410259
0.490 0.505839
0.500 1.754818
0.510 1.497991
0.520 -2.110521
0.530 -0.354348
0.540 2.276850
0.550 -0.166246
0.560 1.681964
0.570 0.930423
0.580 1.870340
0.590 -1.401181
0.600 1.478041
0.610 0.371838
0.620 2.475299
0.630 -3.199235
0.640 2.228280
0.650 -0.389025
0.660 -3.402198
0.670 -1.672508
0.680 -0.015174
0.690 1.557727
0.700 -0.396306
0.710 1.369441
0.720 0.313770
0.730 1.126243
0.740 -0.833261
0.750 1.080342
0.760 2.493532
0.770 0.042901
0.780 1.236138
0.790 0.175443
0.800 -0.828565
0.810 -0.430796
0.820 0.362892
0.830 -0.692676
0.840 1.612081
0.850 2.254159
0.860 0.278197
0.870 -2.651278
0.880 -0.489320
0.890 -0.656470
0.900 0.129215
0.910 -1.581347
0.920 -0.034307
0.930 0.179894
0.940 1.213978
0.950 1.938998
0.960 -3.489961
0.970 3.658662
0.980 -1.215856
0.990 0.667879
