0.000 -1.300590
0.010 -2.133620
0.020 0.575193
0.030 0.081132
0.040 -1.201899
0.050 0.210178
0.060 -3.643012
0.070 2.209403
0.080 -2.311650
0.090 1.750084
0.100 0.731013
0.110 -2.690432
0.120 1.377973
0.130 -0.362574
0.140 3.296561
0.150 -1.540382
0.160 -2.343984
0.170 -0.351903
0.180 1.302856
0.190 1.038086
0.200 1.282449
0.210 1.556987
0.220 1.263449
0.230 -1.301824
0.240 -2.556749
0.250 -1.260122
0.260 0.289459
0.270 4.541226
0.280 1.891778
0.290 -0.279763
0.300 0.134676
0.310 1.232524
0.320 -2.617802
0.330 2.218768
0.340 -0.096256
0.350 0.030431
0.360 -3.246017
0.370 3.940145
0.380 -0.972605
0.390 0.526027
0.400 2.255889
0.410 -0.894338
0.420 3.272728
0.430 -0.438414
0.440 0.382407
0.450 0.136419
0.460 1.023796
0.470 -1.228527
0.480 -0.348555
0.490 -1.247929
0.500 2.926715
0.510 2.009119
0.520 1.148495
0.530 2.028492
0.540 -1.337668
0.550 0.228381
0.560 0.973985
0.570 0.194332
0.580 1.717883
0.590 1.901065
0.600 1.321381
0.610 -1.347077
0.620 -3.031980
0.630 -0.614917
0.640 -1.054560
0.650 2.012919
0.660 1.302352
0.670 -4.472240
0.680 0.975429
0.690 2.337377
0.700 0.640685
0.710 2.421246
0.720 -0.658037
0.730 -1.291848
0.740 0.176470
0.750 0.047979
0.760 -0.511716
0.770 0.121049
0.780 -2.724230
0.790 -0.816970
0.800 0.698600
0.810 -0.107258
0.820 -0.802108
0.830 1.530519
0.840 0.512379
0.850 -3.003995
0.860 -1.446293
0.870 -1.357337
0.880 2.848659
0.890 2.160875
0.900 1.477687
0.910 0.661005
0.920 0.614208
0.930 -0.233652
0.940 -4.129405
0.950 0.425315
0.960 1.665919
0.970 1.699727
0.980 0.493167
0.990 1.510954
