0.000 -0.250611
0.010 1.774217
0.020 4.285914
0.030 0.448521
0.040 -1.564405
0.050 -1.538783
0.060 0.037629
0.070 5.084895
0.080 2.215739
0.090 -2.889667
0.100 -2.697219
0.110 0.872985
0.120 -1.845730
0.130 -4.076583
0.140 -0.122894
0.150 1.307346
0.160 2.788832
0.170 1.848305
0.180 1.066334
0.190 -2.282815
0.200 -0.421729
0.210 0.570594
0.220 1.549156
0.230 0.144443
0.240 2.681056
0.250 -2.178587
0.260 1.365931
0.270 -2.046317
0.280 -2.652925
0.290 0.008525
0.300 -0.896132
0.310 3.110316
0.320 1.346628
0.330 -0.914084
0.340 -2.242051
0.350 -0.744168
0.360 2.262721
0.370 -0.034042
0.380 4.040917
0.390 -0.441456
0.400 -1.924471
0.410 -0.531371
0.420 0.725350
0.430 0.163562
0.440 1.092810
0.450 0.787278
0.460 -0.573103
0.470 -3.651358
0.480 2.343144
0.490 -0.172753
0.500 3.616061
0.510 -1.496848
0.520 0.814265
0.530 -0.628365
0.540 -3.471613
0.550 -2.553728
0.560 -1.708462
0.570 2.080256
0.580 -0.819768
0.590 -0.305310
0.600 -1.836293
0.610 0.191359
0.620 2.426229
0.630 -0.080233
0.640 0.678476
0.650 1.196186
0.660 0.077478
0.670 0.552116
0.680 0.568713
0.690 -2.141493
0.700 2.042081
0.710 -1.007806
0.720 -0.626066
0.730 2.970543
0.740 0.546758
0.750 1.739642
0.760 1.039987
0.770 0.521226
0.780 -0.195597
0.790 2.350260
0.800 0.264887
0.810 -0.287138
0.820 0.430465
0.830 2.603265
0.840 3.134011
0.850 0.068120
0.860 0.023122
0.870 4.242278
0.880 3.215757
0.890 0.447127
0.900 -0.311475
0.910 -1.556206
0.920 -1.194436
0.930 2.070433
0.940 3.194718
0.950 0.167715
0.960 -1.715012
0.970 -1.563490
0.980 1.273218
0.990 -0.680142
