0.000 0.581379
0.010 -1.870983
0.020 -0.549203
0.030 3.022104
0.040 6.081665
0.050 -1.100554
0.060 -1.321548
0.070 -1.213734
0.080 -2.058626
0.090 -1.038453
0.100 1.355064
0.110 2.552053
0.120 1.367602
0.130 0.510815
0.140 -0.576703
0.150 -2.356054
0.160 -5.053677
0.170 -1.106374
0.180 -1.765374
0.190 1.760568
0.200 -0.963393
0.210 -4.056781
0.220 -2.476341
0.230 -1.526339
0.240 2.600921
0.250 -2.911596
0.260 0.500202
0.270 0.137894
0.280 -0.747794
0.290 -1.542793
0.300 2.906657
0.310 -0.413169
0.320 0.661902
0.330 1.459859
0.340 1.244493
0.350 2.305620
0.360 1.695695
0.370 -1.243356
0.380 1.960003
0.390 0.395872
0.400 -2.477192
0.410 0.140937
0.420 -0.445344
0.430 2.349930
0.440 1.493247
0.450 -0.186430
0.460 -1.707263
0.470 2.123914
0.480 -1.417685
0.490 -3.407855
0.500 -1.238718
0.510 0.645147
0.520 0.267009
0.530 1.733677
0.540 -0.593885
0.550 0.371578
0.560 -1.074113
0.570 -0.367947
0.580 -0.767598
0.590 2.935924
0.600 0.859003
0.610 0.863574
0.620 -0.889455
0.630 3.318769
0.640 2.810891
0.650 0.656882
0.660 0.715985
0.670 -2.811432
0.680 -3.904632
0.690 2.887506
0.700 0.538365
0.710 -0.715484
0.720 -1.771976
0.730 -1.220460
0.740 -1.407630
0.750 2.140760
0.760 0.803056
0.770 -1.669035
0.780 -2.353683
0.790 1.680818
0.800 -2.145978
0.810 -0.358599
0.820 3.814597
0.830 -2.437939
0.840 -1.822438
0.850 -1.176816
0.860 -0.761205
0.870 0.445919
0.880 1.145769
0.890 1.010846
0.900 -0.429739
0.910 -0.500381
0.920 2.376631
0.930 -0.258626
0.940 0.529494
0.950 1.376420
0.960 -0.336930
0.970 -0.582232
0.980 0.299856
0.990 -0.729056
