0.000 -1.617956
0.010 -0.352538
0.020 0.347964
0.030 0.362866
0.040 -1.106052
0.050 0.910145
0.060 -1.798269
0.070 0.841172
0.080 2.745056
0.090 -1.594116
0.100 1.564102
0.110 -2.091576
0.120 1.360796
0.130 0.050589
0.140 0.373426
0.150 -0.772612
0.160 1.612507
0.170 -0.507895
0.180 -3.075924
0.190 1.484855
0.200 -3.498270
0.210 -1.877166
0.220 0.695939
0.230 2.059130
0.240 0.441888
0.250 -1.738938
0.260 -1.346613
0.270 2.308865
0.280 -2.690711
0.290 -3.276568
0.300 1.440040
0.310 -1.996401
0.320 0.543676
0.330 0.045035
0.340 0.321832
0.350 -0.349873
0.360 0.700942
0.370 -0.107860
0.380 -1.079824
0.390 -0.109132
0.400 2.689616
0.410 -3.880353
0.420 0.487141
0.430 2.389218
0.440 4.006824
0.450 -2.476472
0.460 1.354150
0.470 -0.563327
0.480 0.452094
0.490 -0.668862
0.500 -0.222241
0.510 -2.919346
0.520 -3.452905
0.530 0.427108
0.540 -0.596759
0.550 -0.400976
0.560 -2.683239
0.570 1.575038
0.580 0.380979
0.590 0.738113
0.600 2.569803
0.610 1.050196
0.620 1.901546
0.630 -1.716168
0.640 -1.124509
0.650 0.283594
0.660 -0.522414
0.670 -0.905834
0.680 0.222558
0.690 5.080882
0.700 -1.048155
0.710 1.055815
0.720 -2.200763
0.730 -1.560357
0.740 1.041582
0.750 1.846043
0.760 0.665501
0.770 0.985964
0.780 2.716130
0.790 -2.783097
0.800 -1.942244
0.810 1.330281
0.820 -0.193464
0.830 2.113474
0.840 3.041358
0.850 -0.471974
0.860 0.591288
0.870 1.877837
0.880 -1.993973
0.890 2.800330
0.900 1.054582
0.910 -0.308100
0.920 0.968888
0.930 -2.089788
0.940 2.004469
0.950 0.070306
0.960 -1.028328
0.970 2.750463
0.980 2.432628
0.990 0.560537
