0.000 0.727567
0.010 -0.985902
0.020 0.086099
0.030 0.795933
0.040 -2.121482
0.050 3.225412
0.060 -1.726697
0.070 0.318998
0.080 -0.993425
0.090 -1.871381
0.100 2.280842
0.110 0.282630
0.120 -2.898557
0.130 2.256206
0.140 1.477861
0.150 -0.306314
0.160 -1.098395
0.170 1.001255
0.180 -2.519812
0.190 1.295959
0.200 -0.838432
0.210 -1.236913
0.220 0.003992
0.230 -0.151706
0.240 -2.766309
0.250 -2.611943
0.260 1.317594
0.270 0.789117
0.280 -1.036718
0.290 -1.237101
0.300 -0.586605
0.310 -0.353734
0.320 0.614651
0.330 0.263100
0.340 -0.833108
0.350 -2.152379
0.360 2.078050
0.370 -0.896309
0.380 1.721510
0.390 -2.260437
0.400 0.827832
0.410 2.120539
0.420 0.689805
0.430 0.239985
0.440 -2.241101
0.450 1.046910
0.460 1.685150
0.470 -0.359293
0.480 5.012311
0.490 3.048950
0.500 -3.291501
0.510 2.051798
0.520 -1.054224
0.530 -0.982244
0.540 0.060952
0.550 0.283110
0.560 0.763090
0.570 1.205269
0.580 -1.750673
0.590 0.623606
0.600 2.428017
0.610 -2.959800
0.620 -1.336946
0.630 0.947936
0.640 -0.164408
0.650 -2.823976
0.660 -0.199346
0.670 -1.482878
0.680 1.047503
0.690 1.128634
0.700 1.869600
0.710 0.636486
0.720 -1.743012
0.730 -0.535815
0.740 -1.377523
0.750 -0.226239
0.760 2.173489
0.770 -0.412931
0.780 -0.050674
0.790 -1.468391
0.800 -2.108037
0.810 1.330060
0.820 -1.028458
0.830 -0.902579
0.840 0.665234
0.850 2.562837
0.860 -0.700368
0.870 0.807324
0.880 0.143220
0.890 -1.278255
0.900 1.116637
0.910 2.574661
0.920 -1.004783
0.930 -1.417351
0.940 -0.371443
0.950 2.941971
0.960 -0.890956
0.970 0.050240
0.980 -0.413609
0.990 -0.991082
