0.000 1.753581
0.010 -2.230511
0.020 1.029973
0.030 -0.284376
0.040 3.449241
0.050 -0.137176
0.060 0.712515
0.070 0.143668
0.080 0.138914
0.090 2.643431
0.100 2.247375
0.110 -0.302780
0.120 4.857893
0.130 -0.512126
0.140 1.811179
0.150 0.753768
0.160 -0.510018
0.170 0.087308
0.180 -1.726947
0.190 4.647223
0.200 -0.315961
0.210 2.271091
0.220 0.446784
0.230 -2.566333
0.240 0.222833
0.250 -0.531246
0.260 0.327961
0.270 0.379387
0.280 1.553629
0.290 1.959435
0.300 -2.050590
0.310 2.608610
0.320 1.899226
0.330 -1.645298
0.340 0.569369
0.350 0.596650
0.360 0.415049
0.370 -2.927084
0.380 1.514696
0.390 1.453326
0.400 -0.171971
0.410 2.583087
0.420 0.266222
0.430 -1.371492
0.440 0.659192
0.450 1.283557
0.460 -2.072640
0.470 1.220569
0.480 -0.260503
0.490 0.611449
0.500 -1.169720
0.510 -2.351083
0.520 0.160538
0.530 -0.787841
0.540 0.735741
0.550 -2.026148
0.560 1.574064
0.570 1.996749
0.580 -0.796566
0.590 -3.399290
0.600 -1.609882
0.610 -1.177822
0.620 0.272352
0.630 -0.850463
0.640 0.907965
0.650 2.236522
0.660 0.011736
0.670 -0.189354
0.680 -0.678531
0.690 -2.847869
0.700 1.261259
0.710 -1.571571
0.720 -2.043809
0.730 3.597055
0.740 -2.508918
0.750 0.277572
0.760 1.713223
0.770 0.294824
0.780 -0.787592
0.790 -1.081766
0.800 0.714403
0.810 4.093382
0.820 -0.391699
0.830 1.539396
0.840 0.842439
0.850 3.496423
0.860 1.794049
0.870 -1.808253
0.880 0.564409
0.890 -1.293623
0.900 -2.448744
0.910 0.464965
0.920 -1.116587
0.930 0.237279
0.940 0.588277
0.950 -2.523223
0.960 1.293335
0.970 -0.337710
0.980 -2.060993
0.990 1.260143
