0.000 1.884689
0.010 0.707669
0.020 3.109146
0.030 0.548498
0.040 2.541935
0.050 2.806435
0.060 -1.470869
0.070 -2.797793
0.080 0.025614
0.090 -0.899901
0.100 -0.596744
0.110 1.483106
0.120 0.242348
0.130 2.021285
0.140 -1.551146
0.150 3.582985
0.160 3.910325
0.170 0.335130
0.180 0.952189
0.190 0.864707
0.200 1.576972
0.210 2.946047
0.220 2.517497
0.230 -2.187063
0.240 -0.650440
0.250 2.243309
0.260 1.723059
0.270 1.277042
0.280 -0.515549
0.290 1.843474
0.300 -0.479301
0.310 -0.342141
0.320 1.236365
0.330 0.178852
0.340 -0.667490
0.350 0.589245
0.360 2.944297
0.370 -2.112598
0.380 1.452944
0.390 0.795697
0.400 0.562767
0.410 -0.840113
0.420 -0.263864
0.430 1.596651
0.440 -0.997174
0.450 -0.254510
0.460 -0.623347
0.470 0.311722
0.480 0.324410
0.490 3.608380
0.500 -0.184993
0.510 2.498707
0.520 -1.289838
0.530 -0.092768
0.540 -1.550055
0.550 -0.091373
0.560 -0.963707
0.570 0.367751
0.580 -2.772266
0.590 -1.093791
0.600 -1.971490
0.610 -1.175997
0.620 -0.490144
0.630 2.176143
0.640 1.324871
0.650 0.708290
0.660 -1.307616
0.670 -0.460658
0.680 -0.809037
0.690 -0.356053
0.700 -1.089243
0.710 2.533220
0.720 2.766989
0.730 0.321148
0.740 0.371839
0.750 -1.416945
0.760 -0.316710
0.770 1.069576
0.780 -1.869743
0.790 -0.258775
0.800 3.430347
0.810 -0.317775
0.820 2.253419
0.830 -0.577461
0.840 -3.483812
0.850 -0.238433
0.860 3.625418
0.870 1.242526
0.880 -0.407971
0.890 2.655991
0.900 -2.628777
0.910 0.825010
0.920 -0.071273
0.930 -2.846399
0.940 -0.320458
0.950 2.408375
0.960 0.210913
0.970 -0.603466
0.980 1.509040
0.990 2.715157
