0.000 -0.688335
0.010 -0.827066
0.020 1.688463
0.030 -0.707679
0.040 1.321701
0.050 1.993352
0.060 -2.384616
0.070 -0.915558
0.080 1.691105
0.090 0.546824
0.100 0.285364
0.110 -0.416355
0.120 0.794041
0.130 -0.654423
0.140 0.718360
0.150 -0.656794
0.160 0.421793
0.170 4.566341
0.180 0.113270
0.190 -2.012769
0.200 -0.549502
0.210 1.995721
0.220 2.972920
0.230 -1.688578
0.240 0.815191
0.250 1.840190
0.260 0.071609
0.270 -0.760322
0.280 1.846752
0.290 -0.017475
0.300 0.284785
0.310 -0.775514
0.320 0.119053
0.330 0.818963
0.340 -3.295315
0.350 -0.331122
0.360 2.297489
0.370 -2.074774
0.380 0.513310
0.390 0.341104
0.400 0.163680
0.410 -2.410458
0.420 -0.516385
0.430 -0.710220
0.440 -0.102009
0.450 0.814038
0.460 1.163679
0.470 2.090205
0.480 -1.022466
0.490 -0.045270
0.500 0.941172
0.510 1.329806
0.520 1.659793
0.530 -4.224267
0.540 1.966639
0.550 -2.169306
0.560 3.542717
0.570 -1.419375
0.580 -0.168009
0.590 -2.318688
0.600 -0.799698
0.610 -2.301440
0.620 -3.980974
0.630 1.104858
0.640 2.732991
0.650 0.761242
0.660 -0.447712
0.670 1.368226
0.680 0.606521
0.690 -2.030327
0.700 1.117720
0.710 1.409597
0.720 3.070534
0.730 -0.350410
0.740 0.912130
0.750 1.053564
0.760 -2.288992
0.770 -2.499931
0.780 -2.889772
0.790 3.252561
0.800 1.046930
0.810 -3.111718
0.820 2.922468
0.830 1.341890
0.840 0.437072
0.850 0.810329
0.860 -0.204786
0.870 1.268203
0.880 -0.655694
0.890 1.980884
0.900 -1.465325
0.910 -2.834431
0.920 -1.735893
0.930 1.867805
0.940 -1.736777
0.950 0.364919
0.960 0.631910
0.970 -0.445044
0.980 2.916394
0.990 1.790078
