0.000 -1.549136
0.010 -1.867818
0.020 -4.592121
0.030 -4.257218
0.040 1.396985
0.050 1.846012
0.060 3.992830
0.070 -0.503546
0.080 -0.378188
0.090 -0.006292
0.100 -1.033759
0.110 1.369184
0.120 -0.201637
0.130 2.461795
0.140 -0.490032
0.150 1.807537
0.160 1.926705
0.170 -0.192240
0.180 0.332847
0.190 1.014363
0.200 1.637266
0.210 0.506012
0.220 1.074760
0.230 0.048380
0.240 2.481319
0.250 -1.518485
0.260 2.987216
0.270 0.757428
0.280 1.163953
0.290 4.181967
0.300 1.698601
0.310 1.761665
0.320 -0.944677
0.330 1.380882
0.340 -0.262346
0.350 0.125994
0.360 2.652110
0.370 2.051204
0.380 -2.960298
0.390 2.254476
0.400 -1.275829
0.410 1.493717
0.420 1.227317
0.430 1.056395
0.440 -0.223397
0.450 -1.921378
0.460 1.130344
0.470 1.472857
0.480 0.496635
0.490 -0.705940
0.500 1.377340
0.510 -0.332397
0.520 -1.804281
0.530 2.752592
0.540 -0.890139
0.550 -0.985367
0.560 -0.553014
0.570 3.807006
0.580 3.358803
0.590 -0.481510
0.600 -0.573073
0.610 0.033600
0.620 -1.434273
0.630 0.659332
0.640 -2.177217
0.650 0.110132
0.660 3.533118
0.670 -0.036414
0.680 0.058871
0.690 2.657393
0.700 0.475922
0.710 0.421210
0.720 1.360272
0.730 -0.739592
0.740 1.397342
0.750 -1.956270
0.760 0.224738
0.770 -0.665787
0.780 0.662620
0.790 1.743980
0.800 -1.830593
0.810 1.178080
0.820 -0.334527
0.830 0.845513
0.840 0.443673
0.850 1.206332
0.860 1.768081
0.870 -1.100678
0.880 3.209573
0.890 -0.580549
0.900 -1.670026
0.910 1.608683
0.920 1.556714
0.930 0.452796
0.940 1.143744
0.950 -0.838814
0.960 -0.120620
0.970 -0.769432
0.980 -0.556718
0.990 0.049408
