0.000 -2.987433
0.010 -2.832275
0.020 0.376786
0.030 1.660928
0.040 -0.136332
0.050 1.740135
0.060 -1.353680
0.070 -1.475091
0.080 1.903489
0.090 -1.172954
0.100 -1.534540
0.110 -2.457008
0.120 0.116070
0.130 -0.283033
0.140 -1.541333
0.150 -0.386858
0.160 -3.657864
0.170 -1.334961
0.180 -0.903812
0.190 1.807642
0.200 0.874374
0.210 0.080635
0.220 0.909233
0.230 -0.942698
0.240 0.346388
0.250 -0.013876
0.260 0.380819
0.270 -0.480068
0.280 0.249267
0.290 3.670279
0.300 1.815970
0.310 -0.469752
0.320 1.541509
0.330 1.582771
0.340 1.145268
0.350 -0.177098
0.360 -1.419359
0.370 1.904245
0.380 -3.154182
0.390 1.181459
0.400 0.145562
0.410 2.147931
0.420 -0.441908
0.430 0.918934
0.440 -2.118359
0.450 1.920165
0.460 -0.145273
0.470 0.910886
0.480 1.337575
0.490 -0.204213
0.500 -1.310832
0.510 -3.445925
0.520 0.360326
0.530 1.509123
0.540 4.560294
0.550 0.025756
0.560 0.145878
0.570 -1.860060
0.580 0.777767
0.590 -0.569827
0.600 -1.056761
0.610 2.426763
0.620 2.047633
0.630 -1.141777
0.640 -0.955717
0.650 2.813605
0.660 2.670678
0.670 0.319514
0.680 2.789099
0.690 0.260789
0.700 -1.593890
0.710 -0.547752
0.720 1.570437
0.730 1.604864
0.740 -2.421213
0.750 2.678654
0.760 -1.724937
0.770 -0.688129
0.780 2.910005
0.790 1.071634
0.800 1.562664
0.810 1.881771
0.820 0.817439
0.830 2.095723
0.840 -1.136309
0.850 3.782155
0.860 1.233124
0.870 -2.916961
0.880 -1.109715
0.890 -1.672813
0.900 3.198984
0.910 2.269567
0.920 2.431195
0.930 2.292659
0.940 3.777923
0.950 4.375847
0.960 -2.270638
0.970 0.484582
0.980 -1.730495
0.990 -0.154697
