0.000 -2.002359
0.010 1.237971
0.020 -0.425043
0.030 0.747158
0.040 -0.590301
0.050 1.421916
0.060 -0.657573
0.070 1.482703
0.080 2.245092
0.090 -0.639170
0.100 0.910986
0.110 1.534253
0.120 1.099070
0.130 0.443175
0.140 -1.548280
0.150 0.075150
0.160 1.488463
0.170 -0.249050
0.180 1.254057
0.190 3.470424
0.200 1.901800
0.210 2.098786
0.220 -4.286150
0.230 0.850465
0.240 2.633700
0.250 -1.558969
0.260 0.760005
0.270 0.629341
0.280 -0.808727
0.290 2.097386
0.300 -0.780999
0.310 -0.638963
0.320 1.274754
0.330 -0.264713
0.340 1.946057
0.350 1.840044
0.360 -0.511557
0.370 -0.819005
0.380 -1.802173
0.390 0.127079
0.400 -1.129177
0.410 0.115207
0.420 1.401170
0.430 0.908902
0.440 0.129396
0.450 0.461776
0.460 1.679991
0.470 0.669493
0.480 1.925324
0.490 1.114473
0.500 0.179558
0.510 2.156919
0.520 0.903840
0.530 0.397808
0.540 2.410622
0.550 -1.138031
0.560 -0.157159
0.570 2.154534
0.580 -0.351681
0.590 -1.321729
0.600 -0.709492
0.610 0.132764
0.620 0.163990
0.630 -0.022175
0.640 0.789719
0.650 -1.373163
0.660 3.977707
0.670 -0.979824
0.680 -0.582313
0.690 -2.082480
0.700 1.296698
0.710 -0.835528
0.720 0.814912
0.730 0.168078
0.740 -0.645797
0.750 -0.570738
0.760 0.153107
0.770 -2.710146
0.780 -1.266135
0.790 -1.085250
0.800 -1.302806
0.810 1.423323
0.820 -0.858576
0.830 2.521614
0.840 -3.208328
0.850 1.739406
0.860 -0.196077
0.870 -0.775851
0.880 1.435784
0.890 1.123121
0.900 -2.390507
0.910 0.325374
0.920 -0.306854
0.930 2.171267
0.940 0.455150
0.950 0.723482
0.960 -0.605120
0.970 -0.003172
0.980 0.499380
0.990 -2.169880
