0.000 1.619888
0.010 2.111487
0.020 0.180804
0.030 0.503424
0.040 -0.374099
0.050 -0.587645
0.060 1.732122
0.070 -1.135488
0.080 -1.264202
0.090 0.520360
0.100 -0.892404
0.110 3.437568
0.120 -1.523037
0.130 -2.438916
0.140 3.524724
0.150 2.725250
0.160 -0.855887
0.170 0.245931
0.180 0.773330
0.190 -2.835849
0.200 5.229159
0.210 -0.405303
0.220 -1.880699
0.230 0.641576
0.240 -1.760899
0.250 -2.230602
0.260 0.144284
0.270 1.298393
0.280 -1.399950
0.290 1.430447
0.300 -1.149992
0.310 2.615187
0.320 1.059652
0.330 -0.124872
0.340 3.882320
0.350 -1.233182
0.360 1.793191
0.370 -1.269338
0.380 0.187192
0.390 -0.576724
0.400 1.072645
0.410 -2.220501
0.420 -0.540673
0.430 0.929879
0.440 0.174447
0.450 -1.005424
0.460 1.852909
0.470 1.450278
0.480 -0.816733
0.490 2.245698
0.500 0.021222
0.510 4.852386
0.520 0.819609
0.530 1.529417
0.540 1.207302
0.550 1.144142
0.560 1.584716
0.570 2.414986
0.580 1.479577
0.590 3.428846
0.600 0.522499
0.610 0.669019
0.620 0.164279
0.630 2.856036
0.640 3.287102
0.650 -0.682326
0.660 2.839934
0.670 2.664523
0.680 -0.979582
0.690 3.470260
0.700 0.809318
0.710 -0.825582
0.720 0.151708
0.730 2.307327
0.740 -1.792610
0.750 3.060003
0.760 1.994954
0.770 2.099377
0.780 1.416752
0.790 2.488567
0.800 -1.218543
0.810 0.535471
0.820 -1.459264
0.830 -2.584533
0.840 -0.985866
0.850 -1.039546
0.860 2.645526
0.870 0.316779
0.880 -0.071997
0.890 -1.657047
0.900 3.538398
0.910 -0.602823
0.920 -1.477880
0.930 1.474431
0.940 1.035148
0.950 -2.586745
0.960 0.829433
0.970 -2.645531
0.980 2.429840
0.990 1.090323
