0.000 -0.062666
0.010 -3.873954
0.020 -0.536426
0.030 -0.602495
0.040 0.764896
0.050 0.722963
0.060 0.660513
0.070 0.068185
0.080 -3.020976
0.090 0.816655
0.100 2.416551
0.110 -0.019344
0.120 -0.855004
0.130 0.229097
0.140 -0.916710
0.150 -1.575279
0.160 2.243497
0.170 1.272412
0.180 0.129809
0.190 -0.587888
0.200 2.188054
0.210 2.744861
0.220 -2.050873
0.230 -0.056013
0.240 2.566540
0.250 2.029659
0.260 2.302994
0.270 -2.447015
0.280 -0.901932
0.290 -1.271270
0.300 -2.840828
0.310 1.456461
0.320 0.836462
0.330 0.888751
0.340 0.281630
0.350 -2.151021
0.360 0.359844
0.370 0.549114
0.380 1.672740
0.390 0.241024
0.400 -1.815718
0.410 2.872522
0.420 -1.784835
0.430 1.577337
0.440 0.268705
0.450 0.352610
0.460 -1.406687
0.470 0.808951
0.480 1.690385
0.490 3.057319
0.500 0.687818
0.510 -0.961129
0.520 0.164882
0.530 -0.245879
0.540 1.337887
0.550 1.113103
0.560 -0.499150
0.570 -1.296414
0.580 -1.717303
0.590 2.303615
0.600 1.304998
0.610 -0.736843
0.620 0.823872
0.630 -1.573023
0.640 -0.267494
0.650 2.579308
0.660 4.520804
0.670 2.981800
0.680 -1.298713
0.690 -1.175959
0.700 -0.996672
0.710 -1.153390
0.720 3.418751
0.730 1.228706
0.740 -1.867640
0.750 -1.459460
0.760 0.997177
0.770 0.642532
0.780 -0.596486
0.790 -0.440027
0.800 -1.609941
0.810 2.216013
0.820 1.163378
0.830 -0.134522
0.840 2.608410
0.850 -1.820624
0.860 -1.937830
0.870 0.872276
0.880 1.080541
0.890 -1.793650
0.900 -0.299612
0.910 1.779582
0.920 0.538570
0.930 1.497979
0.940 -1.767371
0.950 3.308912
0.960 3.171831
0.970 -0.546517
0.980 1.314330
0.990 1.656797
