0.000 -1.325039
0.010 -1.580062
0.020 3.393068
0.030 2.302466
0.040 1.594822
0.050 3.956106
0.060 -2.322881
0.070 -0.313018
0.080 0.983758
0.090 0.235674
0.100 -0.398850
0.110 -3.081039
0.120 0.484861
0.130 1.490104
0.140 -0.138761
0.150 -0.033149
0.160 0.672794
0.170 0.285305
0.180 -1.206806
0.190 -1.149480
0.200 1.989710
0.210 -0.706947
0.220 1.076266
0.230 -1.825755
0.240 -0.032416
0.250 2.111316
0.260 1.309923
0.270 -0.454176
0.280 -0.004072
0.290 4.130807
0.300 0.879998
0.310 -0.500161
0.320 2.035088
0.330 0.616180
0.340 -1.036004
0.350 -1.153391
0.360 0.981242
0.370 0.718603
0.380 -1.360595
0.390 2.029971
0.400 -1.235466
0.410 3.242107
0.420 0.370398
0.430 3.684491
0.440 -3.175622
0.450 -3.184854
0.460 0.927466
0.470 1.126447
0.480 -0.826566
0.490 0.534446
0.500 2.510598
0.510 -0.282719
0.520 -0.412556
0.530 0.894225
0.540 -0.781723
0.550 -0.717038
0.560 0.257395
0.570 1.325745
0.580 0.865116
0.590 0.422196
0.600 -1.066414
0.610 -0.415778
0.620 -0.889660
0.630 0.693921
0.640 -0.050605
0.650 2.784330
0.660 0.903735
0.670 0.742985
0.680 3.320564
0.690 0.594795
0.700 -0.435686
0.710 -1.174237
0.720 -1.816604
0.730 -0.168473
0.740 -1.589508
0.750 -1.107934
0.760 1.323444
0.770 -0.820460
0.780 -1.708077
0.790 3.826789
0.800 2.911708
0.810 0.458781
0.820 0.575090
0.830 -0.295767
0.840 0.926254
0.850 -0.980716
0.860 -0.442820
0.870 0.663796
0.880 2.998927
0.890 -2.064165
0.900 -0.279752
0.910 -0.457276
0.920 4.592759
0.930 -0.231533
0.940 1.293499
0.950 0.168879
0.960 -0.780463
0.970 -1.550990
0.980 -0.852876
0.990 -1.742220
