0.000 2.285360
0.010 -0.334244
0.020 -1.101691
0.030 1.530541
0.040 -1.315504
0.050 -1.123688
0.060 0.685106
0.070 2.749893
0.080 1.028953
0.090 1.152539
0.100 1.494798
0.110 -0.597571
0.120 -2.503411
0.130 0.237173
0.140 1.743091
0.150 -3.408986
0.160 -1.085676
0.170 -1.773360
0.180 1.901693
0.190 -0.183226
0.200 1.629371
0.210 -0.317843
0.220 -0.135824
0.230 0.734703
0.240 -0.927596
0.250 2.311601
0.260 2.571257
0.270 0.358355
0.280 -4.956676
0.290 3.108158
0.300 -0.747776
0.310 2.334152
0.320 -0.746726
0.330 -0.858980
0.340 1.347253
0.350 0.955711
0.360 -0.190214
0.370 2.319800
0.380 1.756131
0.390 2.085628
0.400 -1.235873
0.410 0.790565
0.420 0.761827
0.430 -1.578892
0.440 0.832251
0.450 1.381337
0.460 2.862799
0.470 0.290067
0.480 2.547366
0.490 0.897026
0.500 1.578850
0.510 -0.545155
0.520 2.206637
0.530 1.784257
0.540 -0.757981
0.550 0.448014
0.560 -1.220156
0.570 2.525332
0.580 -0.617469
0.590 -0.490064
0.600 -0.490749
0.610 2.349350
0.620 0.809304
0.630 3.096908
0.640 1.412372
0.650 0.955343
0.660 1.216692
0.670 1.164972
0.680 -5.096264
0.690 -0.714263
0.700 1.665789
0.710 -0.770425
0.720 2.105848
0.730 -0.030396
0.740 -0.974614
0.750 -0.970631
0.760 -0.279899
0.770 -0.947398
0.780 0.684188
0.790 0.805084
0.800 2.116802
0.810 0.487843
0.820 -2.925536
0.830 1.579998
0.840 0.513042
0.850 3.501535
0.860 1.077582
0.870 1.750326
0.880 -0.148322
0.890 -0.867508
0.900 0.945509
0.910 -0.480027
0.920 -1.513357
0.930 -0.703679
0.940 -1.929434
0.950 0.018051
0.960 -0.077642
0.970 -1.096041
0.980 0.842024
0.990 2.750462
