0.000 -1.654518
0.010 3.344290
0.020 -0.953941
0.030 2.644703
0.040 -0.457932
0.050 -0.654016
0.060 -0.982375
0.070 -1.020989
0.080 -0.637708
0.090 1.612589
0.100 1.276537
0.110 2.931912
0.120 1.039981
0.130 0.404397
0.140 -1.972764
0.150 -2.149838
0.160 -0.957502
0.170 0.172385
0.180 0.183755
0.190 -0.689813
0.200 -1.339506
0.210 0.541671
0.220 -3.043337
0.230 1.213915
0.240 -1.851662
0.250 1.119725
0.260 1.831851
0.270 2.333540
0.280 2.837974
0.290 -2.092536
0.300 -0.212011
0.310 -1.358191
0.320 1.866737
0.330 0.099688
0.340 -0.532741
0.350 2.447726
0.360 1.345529
0.370 1.127472
0.380 -0.323880
0.390 0.476209
0.400 0.108214
0.410 0.309514
0.420 -2.481700
0.430 2.904935
0.440 -2.517274
0.450 1.638037
0.460 3.643232
0.470 -0.297692
0.480 0.545215
0.490 -2.181446
0.500 2.923679
0.510 -0.563707
0.520 -0.806184
0.530 3.076556
0.540 2.332688
0.550 -3.906902
0.560 1.508714
0.570 -0.679137
0.580 0.466874
0.590 -0.416376
0.600 0.465646
0.610 2.986372
0.620 0.635206
0.630 -3.428014
0.640 0.876188
0.650 1.616630
0.660 -0.311404
0.670 0.574046
0.680 0.454038
0.690 0.915146
0.700 1.682521
0.710 0.354737
0.720 1.476123
0.730 3.994252
0.740 -0.932731
0.750 0.211576
0.760 -2.585304
0.770 2.081181
0.780 0.706805
0.790 1.724349
0.800 -2.392878
0.810 0.240319
0.820 -1.002896
0.830 0.428054
0.840 -0.923685
0.850 -0.716572
0.860 -1.894979
0.870 0.016684
0.880 1.078484
0.890 1.938381
0.900 1.757542
0.910 1.712966
0.920 -2.230179
0.930 3.737113
0.940 -0.281910
0.950 -1.186833
0.960 -1.639620
0.970 0.262499
0.980 0.318630
0.990 -2.837094
