0.000 -1.659919
0.010 3.566297
0.020 -0.164331
0.030 -1.198917
0.040 0.284756
0.050 0.105118
0.060 0.936033
0.070 1.195448
0.080 -0.191328
0.090 0.007056
0.100 -2.655592
0.110 -0.865791
0.120 1.306427
0.130 1.969640
0.140 0.285925
0.150 0.665220
0.160 1.148371
0.170 0.050756
0.180 2.552719
0.190 1.968814
0.200 -1.636401
0.210 -1.336509
0.220 -0.239976
0.230 -0.999717
0.240 -0.764970
0.250 0.832557
0.260 0.968305
0.270 1.079946
0.280 -1.042121
0.290 -0.007911
0.300 -1.207907
0.310 0.541436
0.320 1.322074
0.330 0.857422
0.340 -0.693141
0.350 -0.053046
0.360 -0.438850
0.370 -1.085422
0.380 -1.006516
0.390 -2.375051
0.400 3.223780
0.410 0.767952
0.420 -0.701191
0.430 -2.336072
0.440 -0.251259
0.450 -0.019743
0.460 -2.188090
0.470 -0.670914
0.480 0.655152
0.490 3.841774
0.500 2.204949
0.510 1.300440
0.520 -0.041178
0.530 1.280842
0.540 1.951231
0.550 4.051266
0.560 1.869770
0.570 -1.914908
0.580 3.158317
0.590 1.830974
0.600 -1.222390
0.610 -1.250614
0.620 -0.438208
0.630 -0.584481
0.640 1.147111
0.650 -2.485592
0.660 0.643058
0.670 1.546010
0.680 -0.698505
0.690 1.636905
0.700 1.293041
0.710 0.935462
0.720 -0.560554
0.730 0.929074
0.740 0.019101
0.750 -0.557326
0.760 0.899337
0.770 2.128347
0.780 2.273662
0.790 0.295297
0.800 -0.739581
0.810 0.990601
0.820 0.947214
0.830 1.421323
0.840 0.995319
0.850 3.055163
0.860 2.618336
0.870 1.408247
0.880 0.315055
0.890 -0.656654
0.900 -0.229674
0.910 1.959962
0.920 0.352626
0.930 -1.293692
0.940 -2.251167
0.950 0.719175
0.960 0.125993
0.970 1.688243
0.980 2.093323
0.990 1.565162
