0.000 -0.809572
0.010 1.023261
0.020 3.060739
0.030 0.742754
0.040 -0.245568
0.050 -1.515606
0.060 -0.619940
0.070 -2.346762
0.080 -0.506239
0.090 3.251342
0.100 -0.378011
0.110 0.695887
0.120 -1.226982
0.130 -2.646832
0.140 0.433633
0.150 -3.722342
0.160 2.752314
0.170 2.713144
0.180 -0.216908
0.190 0.428369
0.200 -0.084040
0.210 1.940364
0.220 0.895182
0.230 1.895118
0.240 0.054184
0.250 -0.413885
0.260 2.661951
0.270 -1.351344
0.280 1.368566
0.290 -3.567321
0.300 -0.104876
0.310 -1.300923
0.320 0.343626
0.330 0.674350
0.340 1.488842
0.350 0.395481
0.360 2.239317
0.370 1.154177
0.380 -0.493894
0.390 1.148625
0.400 0.424794
0.410 -1.439954
0.420 1.573154
0.430 0.092768
0.440 1.734962
0.450 0.600558
0.460 -1.693056
0.470 1.053992
0.480 -1.668657
0.490 -0.568944
0.500 -3.208960
0.510 -0.090618
0.520 1.156843
0.530 1.423881
0.540 1.558517
0.550 0.287551
0.560 -2.333625
0.570 0.682989
0.580 1.272827
0.590 1.142893
0.600 -0.791425
0.610 -1.362848
0.620 0.428900
0.630 -0.183673
0.640 0.197498
0.650 0.468544
0.660 -1.290832
0.670 2.661391
0.680 1.761645
0.690 2.023980
0.700 0.070497
0.710 2.189940
0.720 0.016115
0.730 1.290926
0.740 -2.616473
0.750 -2.150860
0.760 1.421088
0.770 0.867398
0.780 0.924590
0.790 0.472300
0.800 2.682670
0.810 0.634310
0.820 0.025044
0.830 0.490868
0.840 0.545333
0.850 0.720787
0.860 -0.606928
0.870 1.204047
0.880 -3.409281
0.890 2.312951
0.900 -0.253972
0.910 1.690243
0.920 0.402989
0.930 0.276332
0.940 2.645543
0.950 -0.138833
0.960 0.324766
0.970 -0.241609
0.980 -2.303498
0.990 2.982817
