0.000 -0.360459
0.010 -0.473651
0.020 -1.519352
0.030 -0.506952
0.040 1.138422
0.050 4.131393
0.060 -0.785088
0.070 -0.730888
0.080 -2.447447
0.090 0.624356
0.100 -1.013632
0.110 -0.290512
0.120 -0.850170
0.130 3.367204
0.140 0.600430
0.150 0.345300
0.160 -1.472118
0.170 3.774377
0.180 -0.861516
0.190 -2.501389
0.200 -1.017924
0.210 -2.590823
0.220 -0.497012
0.230 -1.792268
0.240 1.353042
0.250 -1.476246
0.260 -1.830348
0.270 3.253370
0.280 -1.412559
0.290 -0.215863
0.300 3.146573
0.310 -1.535208
0.320 3.398302
0.330 5.884857
0.340 0.886734
0.350 1.239521
0.360 0.777459
0.370 0.215639
0.380 -1.823602
0.390 -0.408529
0.400 -3.781746
0.410 -1.391933
0.420 -0.356178
0.430 0.671656
0.440 -1.513059
0.450 0.083376
0.460 2.504053
0.470 -2.404528
0.480 0.081412
0.490 1.108948
0.500 -1.650664
0.510 -3.599561
0.520 0.498487
0.530 -1.974274
0.540 1.422115
0.550 -1.140104
0.560 0.351843
0.570 0.414859
0.580 0.962863
0.590 0.434490
0.600 2.325910
0.610 0.647892
0.620 1.122562
0.630 -0.284494
0.640 0.030098
0.650 2.145836
0.660 1.744449
0.670 0.356012
0.680 -1.012800
0.690 1.389538
0.700 -1.562146
0.710 0.632688
0.720 1.588848
0.730 1.332262
0.740 0.364200
0.750 1.884677
0.760 -1.012719
0.770 0.362447
0.780 0.603113
0.790 0.635757
0.800 -1.613615
0.810 -0.691671
0.820 -0.542350
0.830 1.044291
0.840 -0.616822
0.850 0.717692
0.860 -2.508925
0.870 0.565328
0.880 -0.256862
0.890 1.139644
0.900 1.642678
0.910 0.854858
0.920 0.260445
0.930 3.455951
0.940 1.706980
0.950 -2.021523
0.960 -1.286574
0.970 0.265653
0.980 0.967057
0.990 1.578883
