0.000 -4.237716
0.010 -0.837603
0.020 -1.393175
0.030 -0.737420
0.040 1.623702
0.050 0.203592
0.060 2.079253
0.070 -1.380153
0.080 -1.550995
0.090 2.501035
0.100 0.492629
0.110 0.306467
0.120 1.257119
0.130 2.431587
0.140 0.058039
0.150 1.493511
0.160 -3.483287
0.170 -0.564796
0.180 0.131473
0.190 1.845004
0.200 0.639694
0.210 1.709042
0.220 -1.135173
0.230 0.425385
0.240 -1.342507
0.250 -2.158277
0.260 1.033083
0.270 1.495543
0.280 -2.730411
0.290 0.341179
0.300 2.158574
0.310 0.769431
0.320 -3.691147
0.330 0.722568
0.340 1.138869
0.350 0.679252
0.360 1.728131
0.370 2.769899
0.380 -1.586031
0.390 0.617575
0.400 1.911982
0.410 0.511749
0.420 -0.691019
0.430 -0.286468
0.440 0.114308
0.450 0.549949
0.460 1.795526
0.470 -3.189767
0.480 -0.184678
0.490 -1.180086
0.500 0.633541
0.510 1.763800
0.520 1.520480
0.530 1.651653
0.540 -1.821079
0.550 3.862790
0.560 1.305510
0.570 -1.056893
0.580 -0.680053
0.590 1.779303
0.600 -1.145316
0.610 3.238186
0.620 -3.042209
0.630 -0.968563
0.640 -2.105189
0.650 0.990444
0.660 1.373213
0.670 1.327590
0.680 1.918008
0.690 0.629709
0.700 2.763949
0.710 0.935797
0.720 -0.142657
0.730 2.499390
0.740 -0.436418
0.750 1.875953
0.760 -1.595013
0.770 0.354386
0.780 -1.056731
0.790 0.092405
0.800 -0.597965
0.810 2.068018
0.820 -2.052693
0.830 0.177370
0.840 0.970074
0.850 -3.120419
0.860 1.032608
0.870 -2.522442
0.880 -0.331448
0.890 -1.754230
0.900 0.300443
0.910 -0.748349
0.920 -3.032994
0.930 3.257208
0.940 -0.597033
0.950 1.061037
0.960 -1.372282
0.970 1.474748
0.980 3.157956
0.990 -0.405547
