0.000 -0.475936
0.010 -2.373841
0.020 -2.507400
0.030 0.480338
0.040 1.313824
0.050 6.488276
0.060 1.793072
0.070 -1.521601
0.080 1.740855
0.090 3.414607
0.100 -2.207189
0.110 0.019884
0.120 0.206936
0.130 -1.248398
0.140 3.702365
0.150 -1.306963
0.160 -0.370905
0.170 0.478739
0.180 -1.219988
0.190 -1.315446
0.200 -1.045615
0.210 -1.387197
0.220 -1.842860
0.230 -1.327549
0.240 2.450099
0.250 0.092201
0.260 -0.931351
0.270 0.882588
0.280 0.385879
0.290 -2.874341
0.300 0.430177
0.310 0.006951
0.320 -2.225117
0.330 0.231793
0.340 -1.594387
0.350 3.400965
0.360 1.584452
0.370 0.304626
0.380 1.105458
0.390 1.984761
0.400 -2.120727
0.410 -1.914919
0.420 3.025725
0.430 0.575869
0.440 1.773339
0.450 1.927002
0.460 2.090617
0.470 -0.932519
0.480 1.866869
0.490 -0.516011
0.500 -0.021302
0.510 -1.599902
0.520 -3.758629
0.530 -2.071548
0.540 2.450534
0.550 1.353651
0.560 -1.296123
0.570 3.142617
0.580 2.168519
0.590 -1.042329
0.600 -0.022324
0.610 1.251607
0.620 2.446081
0.630 1.377439
0.640 3.621936
0.650 2.316040
0.660 -0.289637
0.670 1.188264
0.680 1.551222
0.690 -0.690866
0.700 2.462944
0.710 0.154210
0.720 -0.646817
0.730 1.613020
0.740 -1.935849
0.750 -3.642923
0.760 0.747029
0.770 3.539016
0.780 1.098784
0.790 0.492496
0.800 -0.511484
0.810 -1.575057
0.820 3.131560
0.830 -2.569959
0.840 -1.581824
0.850 2.665414
0.860 3.099426
0.870 0.288709
0.880 -0.412801
0.890 2.071365
0.900 -0.958090
0.910 -0.344467
0.920 3.917599
0.930 0.510802
0.940 1.029363
0.950 -1.837556
0.960 1.569994
0.970 5.645630
0.980 -1.763199
0.990 -1.271754
