0.000 0.801893
0.010 -2.214185
0.020 0.334991
0.030 -2.588985
0.040 1.120215
0.050 -0.990233
0.060 0.001939
0.070 -0.688943
0.080 -0.588602
0.090 2.377726
0.100 -1.280668
0.110 0.037645
0.120 -0.121264
0.130 -1.847256
0.140 1.347667
0.150 3.339042
0.160 2.883970
0.170 1.586837
0.180 1.994352
0.190 1.309450
0.200 -0.515698
0.210 -0.113779
0.220 -1.442505
0.230 -0.992266
0.240 -0.194115
0.250 1.185528
0.260 -1.300614
0.270 1.110689
0.280 1.017427
0.290 0.215124
0.300 2.526036
0.310 -0.928765
0.320 0.175320
0.330 2.380167
0.340 1.805968
0.350 0.058445
0.360 -1.004594
0.370 1.527184
0.380 -1.932540
0.390 1.306573
0.400 1.412998
0.410 -0.507139
0.420 1.991742
0.430 -4.497527
0.440 0.469517
0.450 2.449302
0.460 1.500489
0.470 -0.795243
0.480 -0.340225
0.490 0.275041
0.500 0.131146
0.510 -1.146906
0.520 1.022982
0.530 -1.133847
0.540 -0.994666
0.550 2.072498
0.560 1.138375
0.570 0.209236
0.580 -1.791830
0.590 1.321401
0.600 -0.916333
0.610 0.534115
0.620 2.105603
0.630 2.583985
0.640 -3.166326
0.650 2.197532
0.660 -1.375200
0.670 1.558762
0.680 -0.236524
0.690 2.448537
0.700 -1.879849
0.710 1.268340
0.720 2.116461
0.730 0.929915
0.740 -1.363870
0.750 1.222839
0.760 -1.216421
0.770 1.140169
0.780 1.374665
0.790 1.479591
0.800 0.573394
0.810 -0.087748
0.820 -2.927753
0.830 1.640675
0.840 -0.479378
0.850 -0.442477
0.860 0.648933
0.870 1.559135
0.880 0.442828
0.890 0.969721
0.900 -0.451047
0.910 1.592042
0.920 -0.827403
0.930 2.322908
0.940 3.899882
0.950 -0.647497
0.960 -1.204208
0.970 -1.318705
0.980 0.701188
0.990 1.873572
