0.000 -1.767807
0.010 -0.647188
0.020 1.323806
0.030 -0.107511
0.040 -1.433853
0.050 -0.767905
0.060 0.379741
0.070 -1.353882
0.080 1.787979
0.090 0.570215
0.100 0.516746
0.110 -0.247798
0.120 0.701301
0.130 -0.020934
0.140 4.414909
0.150 3.239412
0.160 3.100354
0.170 0.092600
0.180 1.321941
0.190 -0.757054
0.200 0.679832
0.210 0.395108
0.220 -2.293424
0.230 1.497116
0.240 -2.007004
0.250 0.949585
0.260 3.378614
0.270 0.079490
0.280 -2.043708
0.290 0.822750
0.300 2.656304
0.310 -1.173614
0.320 -1.100885
0.330 2.707024
0.340 1.571921
0.350 -0.912306
0.360 2.546773
0.370 0.376508
0.380 -0.910960
0.390 -1.666662
0.400 1.568161
0.410 1.221776
0.420 -1.099920
0.430 -1.445788
0.440 1.105619
0.450 -0.148523
0.460 -2.148535
0.470 -2.697997
0.480 -2.595792
0.490 -2.148281
0.500 0.986420
0.510 1.558880
0.520 1.051900
0.530 0.303095
0.540 -3.299168
0.550 -0.229621
0.560 1.639113
0.570 -0.411923
0.580 1.705385
0.590 2.891385
0.600 -1.138867
0.610 4.603328
0.620 -1.550791
0.630 -1.010098
0.640 -0.908429
0.650 -1.261814
0.660 -2.575206
0.670 -0.022384
0.680 -0.780494
0.690 1.400236
0.700 1.186424
0.710 -2.768894
0.720 -0.445482
0.730 -1.921122
0.740 2.439287
0.750 -0.701015
0.760 2.981110
0.770 1.368631
0.780 -2.339681
0.790 0.567962
0.800 -1.144088
0.810 1.425593
0.820 2.396421
0.830 1.578638
0.840 1.443966
0.850 0.907790
0.860 1.256831
0.870 1.253751
0.880 -0.445623
0.890 1.343461
0.900 -0.114210
0.910 1.479554
0.920 0.865029
0.930 0.161136
0.940 -1.899556
0.950 0.316893
0.960 0.892484
0.970 2.208306
0.980 0.033077
0.990 0.070954
