0.000 1.662806
0.010 3.347715
0.020 -0.289280
0.030 -1.572555
0.040 1.862008
0.050 -1.567727
0.060 1.960039
0.070 1.858103
0.080 1.614878
0.090 -1.587981
0.100 -3.148553
0.110 -0.319344
0.120 -0.564373
0.130 1.103845
0.140 0.250925
0.150 -2.817765
0.160 -0.712856
0.170 2.272676
0.180 -1.486482
0.190 -1.262113
0.200 -0.603407
0.210 1.992660
0.220 0.187645
0.230 -1.160764
0.240 0.871028
0.250 1.840940
0.260 -0.149987
0.270 1.685287
0.280 1.241142
0.290 1.072929
0.300 0.442431
0.310 1.881700
0.320 0.015730
0.330 -0.723496
0.340 1.836099
0.350 1.556124
0.360 3.468734
0.370 -0.149198
0.380 0.703434
0.390 -0.756708
0.400 -1.463948
0.410 -0.542847
0.420 1.591030
0.430 1.938496
0.440 1.418818
0.450 -1.350291
0.460 -0.044963
0.470 0.168985
0.480 -2.258300
0.490 0.684903
0.500 0.132729
0.510 1.346270
0.520 -4.511700
0.530 -0.473130
0.540 1.192400
0.550 0.672935
0.560 -0.499254
0.570 0.503292
0.580 -2.455742
0.590 -0.054971
0.600 0.329807
0.610 0.204640
0.620 -1.668373
0.630 -0.489992
0.640 -1.848754
0.650 1.766528
0.660 0.162557
0.670 0.982694
0.680 0.362325
0.690 -0.082323
0.700 2.304660
0.710 0.584478
0.720 1.252517
0.730 -2.419514
0.740 3.888280
0.750 0.900166
0.760 -0.262650
0.770 2.052962
0.780 -1.028853
0.790 0.804175
0.800 -0.866434
0.810 -4.591903
0.820 -0.669264
0.830 2.517415
0.840 3.081738
0.850 0.903410
0.860 2.046135
0.870 2.799673
0.880 0.640846
0.890 1.775355
0.900 0.224045
0.910 -2.175477
0.920 0.715102
0.930 -1.806469
0.940 1.617492
0.950 -0.909937
0.960 -1.036689
0.970 0.087942
0.980 -0.937989
0.990 2.211714
