0.000 -0.859242
0.010 0.927819
0.020 -2.014977
0.030 2.428824
0.040 -0.495645
0.050 5.324906
0.060 0.864024
0.070 -0.750911
0.080 1.143877
0.090 -0.770100
0.100 -1.872337
0.110 1.007004
0.120 -0.549116
0.130 -0.927840
0.140 1.184609
0.150 -1.550883
0.160 -0.362905
0.170 -0.930967
0.180 0.274057
0.190 -0.279541
0.200 -2.927787
0.210 0.739940
0.220 -1.977284
0.230 1.330470
0.240 -1.270727
0.250 -0.259122
0.260 0.781483
0.270 2.088345
0.280 1.362481
0.290 1.505536
0.300 0.891128
0.310 -0.128507
0.320 -0.871654
0.330 2.283697
0.340 -0.952307
0.350 3.176237
0.360 -0.777901
0.370 2.622998
0.380 0.232944
0.390 -0.086798
0.400 2.444938
0.410 -0.495763
0.420 0.396943
0.430 0.326420
0.440 -2.840469
0.450 -1.343325
0.460 1.368926
0.470 -1.344530
0.480 0.294684
0.490 -1.037330
0.500 -0.902535
0.510 0.289371
0.520 -0.708819
0.530 -0.394158
0.540 -0.461273
0.550 2.588806
0.560 -0.851042
0.570 0.875085
0.580 -0.643627
0.590 -0.366071
0.600 0.804556
0.610 -1.147529
0.620 1.006057
0.630 0.784221
0.640 1.848026
0.650 0.423323
0.660 3.210715
0.670 -1.323509
0.680 1.012608
0.690 0.260438
0.700 -0.031068
0.710 -2.748228
0.720 0.491091
0.730 2.042244
0.740 -0.010140
0.750 -0.006775
0.760 2.954984
0.770 1.539235
0.780 2.496879
0.790 1.887957
0.800 -0.195943
0.810 -3.540439
0.820 2.043934
0.830 2.774052
0.840 -1.309489
0.850 0.017517
0.860 -0.900057
0.870 -1.697686
0.880 1.719312
0.890 2.817787
0.900 0.471967
0.910 0.044041
0.920 -1.096952
0.930 0.013035
0.940 1.118684
0.950 3.265172
0.960 0.764751
0.970 -0.795911
0.980 -1.053899
0.990 1.081109
