0.000 -3.488045
0.010 0.870772
0.020 -0.050844
0.030 -0.106097
0.040 1.931795
0.050 -1.222518
0.060 0.947586
0.070 -0.909305
0.080 0.139988
0.090 -1.184133
0.100 -0.945180
0.110 -0.273103
0.120 -1.112895
0.130 1.838892
0.140 1.292309
0.150 -1.188562
0.160 1.254953
0.170 0.167974
0.180 -0.772345
0.190 3.500799
0.200 0.123963
0.210 -3.485555
0.220 -3.039405
0.230 -3.841832
0.240 1.031972
0.250 -1.339936
0.260 1.581880
0.270 0.072498
0.280 1.934453
0.290 0.461290
0.300 2.039070
0.310 0.975414
0.320 1.003103
0.330 -0.381690
0.340 -0.777101
0.350 -0.369324
0.360 2.969757
0.370 0.410745
0.380 -0.989043
0.390 1.687578
0.400 4.385447
0.410 -0.520371
0.420 3.192053
0.430 1.763151
0.440 -0.276858
0.450 -0.447164
0.460 -4.663770
0.470 1.217593
0.480 1.501996
0.490 -0.851800
0.500 -0.432593
0.510 -1.471961
0.520 0.985562
0.530 0.050055
0.540 1.725503
0.550 -1.337571
0.560 -0.816212
0.570 0.923185
0.580 1.962203
0.590 -1.454702
0.600 1.719605
0.610 1.100497
0.620 0.983026
0.630 0.942890
0.640 -1.067255
0.650 4.644577
0.660 -0.348273
0.670 1.123147
0.680 -0.275027
0.690 -2.030336
0.700 -0.139789
0.710 4.170538
0.720 0.465223
0.730 -0.632144
0.740 -0.168223
0.750 3.427443
0.760 0.463346
0.770 -1.510124
0.780 3.537661
0.790 0.424575
0.800 -0.971978
0.810 1.146688
0.820 2.895919
0.830 0.097231
0.840 -0.809517
0.850 -0.629949
0.860 1.335287
0.870 0.572533
0.880 1.047232
0.890 -1.200138
0.900 -2.206440
0.910 0.085136
0.920 0.567771
0.930 1.237324
0.940 -3.205038
0.950 -0.710203
0.960 -0.240998
0.970 -2.198520
0.980 -1.216352
0.990 0.383597
