0.000 -0.566456
0.010 2.378758
0.020 1.939415
0.030 0.738193
0.040 0.791471
0.050 -1.447617
0.060 0.638341
0.070 0.268133
0.080 3.263624
0.090 -0.206054
0.100 1.449110
0.110 0.826913
0.120 1.032573
0.130 -0.220863
0.140 2.872164
0.150 0.450565
0.160 3.527761
0.170 -1.894723
0.180 1.996300
0.190 0.340436
0.200 -0.997750
0.210 -1.373858
0.220 0.053201
0.230 -1.283460
0.240 0.772257
0.250 -2.007578
0.260 1.118750
0.270 0.655639
0.280 1.222742
0.290 -1.927797
0.300 1.290795
0.310 -0.390841
0.320 1.434955
0.330 1.019726
0.340 -1.228825
0.350 -0.407837
0.360 0.144517
0.370 1.176610
0.380 -0.096970
0.390 -0.466007
0.400 0.646551
0.410 1.748606
0.420 -3.254707
0.430 -0.737885
0.440 -1.043437
0.450 0.166458
0.460 0.474157
0.470 0.598292
0.480 0.253899
0.490 2.921749
0.500 1.284951
0.510 -2.775115
0.520 0.002071
0.530 -0.856967
0.540 0.815848
0.550 1.860341
0.560 -2.907191
0.570 -0.295946
0.580 0.492330
0.590 -1.081519
0.600 1.709164
0.610 -1.329817
0.620 -1.039592
0.630 3.434165
0.640 -1.867338
0.650 2.628864
0.660 2.175108
0.670 -2.537995
0.680 0.082305
0.690 -2.068791
0.700 1.585589
0.710 0.620989
0.720 -2.098854
0.730 0.262939
0.740 1.731900
0.750 -0.932031
0.760 -2.158875
0.770 1.479659
0.780 -1.199027
0.790 1.341454
0.800 1.504881
0.810 -0.352343
0.820 -0.561103
0.830 -0.085699
0.840 -1.251678
0.850 -2.717378
0.860 0.281813
0.870 -0.154323
0.880 -0.255401
0.890 0.214954
0.900 -1.749227
0.910 -2.058809
0.920 0.366498
0.930 -0.062665
0.940 0.936362
0.950 -0.285042
0.960 2.420241
0.970 -1.269664
0.980 -1.086784
0.990 -3.567874
