0.000 -0.825673
0.010 -3.045813
0.020 -1.297030
0.030 -1.425906
0.040 0.359677
0.050 -1.565983
0.060 -1.010542
0.070 -1.439539
0.080 2.175303
0.090 1.552067
0.100 0.558074
0.110 1.286776
0.120 -0.242090
0.130 0.680418
0.140 -1.165665
0.150 1.831375
0.160 -0.166208
0.170 -0.827144
0.180 0.570805
0.190 -2.568961
0.200 -0.575707
0.210 1.145091
0.220 -0.493902
0.230 1.702790
0.240 -2.545095
0.250 -0.642002
0.260 0.947361
0.270 -0.895143
0.280 0.403037
0.290 -1.778235
0.300 1.891929
0.310 -0.795133
0.320 -0.628085
0.330 3.987495
0.340 -1.091220
0.350 2.787544
0.360 1.373092
0.370 1.662440
0.380 3.831399
0.390 -1.009554
0.400 -0.128619
0.410 3.735101
0.420 1.957934
0.430 -1.051335
0.440 1.635377
0.450 1.471559
0.460 0.598964
0.470 3.382665
0.480 0.082794
0.490 2.122559
0.500 1.180222
0.510 2.488346
0.520 1.675468
0.530 2.110518
0.540 -1.154884
0.550 -0.467861
0.560 0.965549
0.570 -0.811937
0.580 -1.608678
0.590 2.121021
0.600 -1.982923
0.610 0.973524
0.620 -1.109366
0.630 1.394187
0.640 2.342188
0.650 -0.303212
0.660 -0.150598
0.670 -0.013353
0.680 0.126456
0.690 1.386184
0.700 0.433244
0.710 3.923500
0.720 3.138602
0.730 -2.282656
0.740 0.527905
0.750 0.185928
0.760 -1.494851
0.770 -5.147101
0.780 0.704187
0.790 0.809683
0.800 -0.841818
0.810 -0.108858
0.820 4.417394
0.830 -2.396437
0.840 -0.504243
0.850 0.073649
0.860 -1.579072
0.870 -1.302716
0.880 0.398278
0.890 2.610016
0.900 -2.043769
0.910 -0.262362
0.920 1.817158
0.930 0.830022
0.940 -0.705527
0.950 2.121729
0.960 -1.386971
0.970 0.774091
0.980 -0.364643
0.990 -1.514205
