0.000 -0.040244
0.010 4.235318
0.020 -2.213830
0.030 -0.956543
0.040 0.012236
0.050 -0.578671
0.060 -0.949438
0.070 -1.280949
0.080 -0.535770
0.090 -2.349382
0.100 -1.562487
0.110 -1.438256
0.120 -5.139947
0.130 -1.801768
0.140 0.959314
0.150 -2.655892
0.160 -0.260653
0.170 1.057094
0.180 1.228103
0.190 0.671652
0.200 -1.792314
0.210 1.013407
0.220 -0.436240
0.230 1.715474
0.240 -0.655049
0.250 0.560489
0.260 2.209892
0.270 -1.087306
0.280 1.221757
0.290 1.687450
0.300 3.189257
0.310 -0.247369
0.320 -1.618868
0.330 0.327327
0.340 0.000471
0.350 -0.654034
0.360 -1.521935
0.370 -0.271255
0.380 2.089787
0.390 2.135551
0.400 0.138503
0.410 -2.150663
0.420 0.630956
0.430 1.212725
0.440 -1.583249
0.450 0.909652
0.460 -0.449266
0.470 1.619938
0.480 -0.188040
0.490 -1.298853
0.500 -0.424205
0.510 -1.908614
0.520 1.962901
0.530 1.514173
0.540 -0.930943
0.550 -0.163532
0.560 0.758577
0.570 2.871988
0.580 -2.808422
0.590 1.578006
0.600 1.660353
0.610 3.261541
0.620 1.397846
0.630 1.873801
0.640 1.850465
0.650 0.220275
0.660 -0.379829
0.670 -0.291244
0.680 -0.037623
0.690 -1.156924
0.700 1.299968
0.710 -0.154784
0.720 -0.087302
0.730 0.279886
0.740 0.563141
0.750 -1.240713
0.760 2.493888
0.770 0.217870
0.780 -1.144201
0.790 0.652836
0.800 1.719697
0.810 1.828063
0.820 0.286188
0.830 -2.027972
0.840 1.751333
0.850 0.925168
0.860 1.802818
0.870 -3.590691
0.880 2.178213
0.890 0.233052
0.900 0.221624
0.910 -2.056832
0.920 1.452713
0.930 0.341616
0.940 1.248978
0.950 1.280040
0.960 0.386208
0.970 0.755848
0.980 0.265575
0.990 -2.141491
