0.000 -0.924059
0.010 1.748086
0.020 -1.113076
0.030 -0.897228
0.040 2.851073
0.050 2.277454
0.060 1.390548
0.070 -2.906859
0.080 2.227140
0.090 -1.764116
0.100 1.457543
0.110 -1.389744
0.120 -1.465550
0.130 1.204487
0.140 2.793828
0.150 1.560023
0.160 -1.567363
0.170 -2.366345
0.180 -0.894828
0.190 -1.186233
0.200 0.707834
0.210 0.402066
0.220 -2.072082
0.230 -5.039722
0.240 2.401779
0.250 -1.450690
0.260 2.009147
0.270 0.735088
0.280 -1.098972
0.290 1.184724
0.300 2.914600
0.310 0.363472
0.320 -4.234578
0.330 -2.661160
0.340 -2.511177
0.350 -0.136644
0.360 -0.503961
0.370 0.832371
0.380 1.594788
0.390 0.943509
0.400 -0.762152
0.410 0.296087
0.420 1.441499
0.430 -3.047499
0.440 1.918918
0.450 -2.012147
0.460 0.713677
0.470 -1.135987
0.480 -0.385411
0.490 -1.531693
0.500 0.233257
0.510 1.209617
0.520 1.048991
0.530 0.287512
0.540 -2.324632
0.550 -0.643560
0.560 -1.115564
0.570 1.428415
0.580 -1.201145
0.590 0.027399
0.600 1.779462
0.610 1.741560
0.620 -0.698107
0.630 2.122269
0.640 1.282361
0.650 0.721617
0.660 -3.636724
0.670 -1.447010
0.680 -2.528247
0.690 1.861648
0.700 0.631980
0.710 -3.446301
0.720 0.866486
0.730 -1.060093
0.740 1.303547
0.750 -1.192171
0.760 0.011075
0.770 1.117035
0.780 1.419465
0.790 0.429264
0.800 2.044648
0.810 -0.226730
0.820 0.818628
0.830 -3.161272
0.840 1.708334
0.850 1.561141
0.860 -1.637808
0.870 -1.753686
0.880 -1.464850
0.890 2.247605
0.900 0.554165
0.910 -1.029148
0.920 -0.900570
0.930 1.179396
0.940 -0.750957
0.950 -0.114016
0.960 0.763216
0.970 1.070706
0.980 0.043471
0.990 -1.548791
