0.000 1.500882
0.010 1.633648
0.020 2.384652
0.030 0.325891
0.040 -1.357932
0.050 0.939238
0.060 4.356378
0.070 -0.359219
0.080 -0.898221
0.090 -0.215944
0.100 1.277543
0.110 -1.124798
0.120 2.991705
0.130 -0.532103
0.140 1.288208
0.150 2.778247
0.160 0.087968
0.170 0.532692
0.180 3.059868
0.190 -0.411796
0.200 1.433754
0.210 1.492314
0.220 2.449062
0.230 -1.610093
0.240 -1.255176
0.250 -2.368503
0.260 -0.350033
0.270 -1.239495
0.280 2.705526
0.290 -1.138906
0.300 0.588844
0.310 0.085075
0.320 2.043860
0.330 0.904384
0.340 0.840101
0.350 0.956955
0.360 5.569156
0.370 0.713054
0.380 -0.380630
0.390 1.800070
0.400 -1.432950
0.410 -0.872943
0.420 3.531980
0.430 1.851425
0.440 1.175665
0.450 -0.653993
0.460 -1.837411
0.470 -0.998388
0.480 0.359724
0.490 -2.340824
0.500 -0.623330
0.510 -1.593380
0.520 2.349007
0.530 0.601589
0.540 0.118113
0.550 2.233277
0.560 0.029302
0.570 0.773797
0.580 2.868324
0.590 0.330917
0.600 -1.848325
0.610 -1.162475
0.620 1.752993
0.630 -1.353355
0.640 -0.348602
0.650 3.160629
0.660 0.965290
0.670 -4.212533
0.680 0.375900
0.690 -0.667712
0.700 -1.201134
0.710 0.574587
0.720 -0.549173
0.730 -3.811631
0.740 1.916764
0.750 -2.584057
0.760 2.425803
0.770 2.521135
0.780 0.938285
0.790 0.718158
0.800 2.910184
0.810 0.261666
0.820 -1.543670
0.830 0.929900
0.840 -0.609923
0.850 -1.430215
0.860 -0.747944
0.870 0.975510
0.880 3.424204
0.890 3.137923
0.900 -1.023777
0.910 0.135521
0.920 -1.068300
0.930 -0.244345
0.940 2.908286
0.950 2.073796
0.960 -1.159779
0.970 -1.365044
0.980 -2.275800
0.990 -1.051085
