0.000 1.614862
0.010 -3.306073
0.020 -0.026478
0.030 -0.480815
0.040 0.806267
0.050 -0.984053
0.060 -2.607100
0.070 -0.722370
0.080 1.980682
0.090 -2.960979
0.100 1.334169
0.110 -0.695267
0.120 3.675955
0.130 -1.765562
0.140 0.281390
0.150 -0.176749
0.160 0.142030
0.170 -2.992587
0.180 0.195524
0.190 -0.290705
0.200 4.527067
0.210 -0.937291
0.220 1.264225
0.230 -1.063061
0.240 -1.719764
0.250 -1.416469
0.260 -1.097919
0.270 -0.594810
0.280 2.001247
0.290 -0.350411
0.300 2.103878
0.310 3.297061
0.320 -0.903532
0.330 0.308408
0.340 0.619736
0.350 -0.093934
0.360 -1.342645
0.370 1.779034
0.380 -0.882300
0.390 2.179783
0.400 -2.894927
0.410 0.729542
0.420 -0.395911
0.430 0.639952
0.440 1.191658
0.450 -1.597766
0.460 -0.586065
0.470 -2.670315
0.480 1.725276
0.490 -0.295199
0.500 -1.034539
0.510 -2.161355
0.520 -1.251721
0.530 1.649420
0.540 -0.483284
0.550 3.557021
0.560 -1.615807
0.570 1.223068
0.580 0.869027
0.590 -0.276650
0.600 1.501809
0.610 0.732156
0.620 0.168674
0.630 1.862723
0.640 -0.221425
0.650 3.102887
0.660 2.100317
0.670 -1.883922
0.680 -1.918823
0.690 0.656345
0.700 -0.446471
0.710 1.232817
0.720 2.753762
0.730 1.643180
0.740 -0.050624
0.750 0.357729
0.760 0.462668
0.770 -0.018747
0.780 2.147803
0.790 -0.648844
0.800 0.888218
0.810 1.743728
0.820 -1.577378
0.830 -1.525174
0.840 2.397905
0.850 -0.526843
0.860 0.310696
0.870 0.356292
0.880 1.628708
0.890 3.264076
0.900 -1.820162
0.910 0.698885
0.920 -2.465360
0.930 0.037813
0.940 1.781034
0.950 4.048513
0.960 -0.117532
0.970 -1.091321
0.980 2.078476
0.990 3.212430
