0.000 -4.553195
0.010 0.545364
0.020 0.323772
0.030 2.609569
0.040 -0.418992
0.050 0.782151
0.060 0.571159
0.070 1.126660
0.080 2.271770
0.090 -2.320758
0.100 -2.364711
0.110 -0.132035
0.120 1.822858
0.130 -0.948344
0.140 -0.352483
0.150 2.390589
0.160 -0.357724
0.170 0.631259
0.180 1.547408
0.190 -1.019729
0.200 1.694824
0.210 -1.911986
0.220 -2.205224
0.230 -0.848729
0.240 1.424432
0.250 0.969826
0.260 -0.013381
0.270 -0.660239
0.280 2.240468
0.290 -1.268597
0.300 1.716045
0.310 -0.159461
0.320 -0.390023
0.330 1.453252
0.340 0.043672
0.350 0.306352
0.360 -0.600124
0.370 -1.350020
0.380 -0.175478
0.390 -0.230142
0.400 0.833567
0.410 0.847411
0.420 -0.202883
0.430 0.158473
0.440 -2.004138
0.450 0.849012
0.460 -1.616310
0.470 -2.667333
0.480 -1.052396
0.490 1.963221
0.500 2.150434
0.510 1.612664
0.520 -1.060788
0.530 -1.092816
0.540 0.220500
0.550 -1.229232
0.560 2.843653
0.570 2.127827
0.580 1.095885
0.590 -0.066860
0.600 3.030704
0.610 -1.783023
0.620 0.678581
0.630 0.664510
0.640 2.199043
0.650 0.057473
0.660 0.543630
0.670 -2.067046
0.680 0.363902
0.690 0.725266
0.700 -1.233860
0.710 1.369643
0.720 -1.896665
0.730 0.981046
0.740 -1.164620
0.750 0.770435
0.760 -1.349774
0.770 -2.755157
0.780 1.652039
0.790 0.670252
0.800 -0.765379
0.810 -0.538872
0.820 0.614931
0.830 1.523517
0.840 -1.267305
0.850 0.955267
0.860 -0.795821
0.870 -0.675503
0.880 -1.798375
0.890 -1.335870
0.900 1.862648
0.910 -0.380930
0.920 1.957066
0.930 0.159768
0.940 0.762448
0.950 0.979682
0.960 -3.122000
0.970 -0.401871
0.980 1.781799
0.990 0.909214
