0.000 -0.083708
0.010 -0.023352
0.020 1.579624
0.030 -1.553854
0.040 1.592447
0.050 0.078441
0.060 -0.874373
0.070 -0.831478
0.080 5.322267
0.090 0.727007
0.100 2.857571
0.110 1.126992
0.120 1.220547
0.130 -0.450777
0.140 0.582743
0.150 -4.337869
0.160 0.792157
0.170 -0.836738
0.180 2.652994
0.190 0.765396
0.200 -2.859845
0.210 -1.841696
0.220 0.708108
0.230 -1.387100
0.240 -0.912242
0.250 2.226619
0.260 -2.849800
0.270 -0.260097
0.280 3.090532
0.290 1.476972
0.300 0.692990
0.310 1.530275
0.320 0.029018
0.330 0.175922
0.340 -1.857926
0.350 1.365411
0.360 0.232373
0.370 -0.825077
0.380 -1.799303
0.390 -0.212875
0.400 -0.125174
0.410 -0.652150
0.420 3.006738
0.430 -1.583573
0.440 2.881277
0.450 2.422608
0.460 0.360684
0.470 -1.574309
0.480 0.398733
0.490 3.098687
0.500 2.194418
0.510 1.150366
0.520 -1.343370
0.530 -3.677301
0.540 0.814557
0.550 1.254885
0.560 -4.463379
0.570 -0.742075
0.580 -2.112961
0.590 -0.333240
0.600 1.230454
0.610 -2.402862
0.620 1.365183
0.630 -0.788377
0.640 -0.422490
0.650 -1.032462
0.660 1.839791
0.670 -1.836654
0.680 1.574404
0.690 1.670025
0.700 1.861583
0.710 1.355676
0.720 -0.598227
0.730 0.388794
0.740 1.800466
0.750 0.336712
0.760 -0.467840
0.770 -0.248617
0.780 2.297271
0.790 1.327732
0.800 2.177799
0.810 0.744046
0.820 3.992943
0.830 0.119539
0.840 0.819599
0.850 -0.880342
0.860 3.090282
0.870 -0.061240
0.880 0.013073
0.890 1.996135
0.900 2.692758
0.910 0.044608
0.920 -2.735312
0.930 0.927343
0.940 -2.149941
0.950 0.188148
0.960 3.428392
0.970 -2.416574
0.980 -1.371235
0.990 0.583557
