0.000 -0.629305
0.010 -2.832576
0.020 2.442909
0.030 -0.672292
0.040 0.269358
0.050 0.137477
0.060 0.237150
0.070 0.801451
0.080 1.548384
0.090 0.397074
0.100 0.197393
0.110 0.876091
0.120 -0.339533
0.130 -0.896428
0.140 -0.220560
0.150 -0.676111
0.160 -0.745903
0.170 -1.121346
0.180 -0.963008
0.190 -2.260352
0.200 2.723403
0.210 2.097159
0.220 1.061324
0.230 -0.808691
0.240 0.979041
0.250 0.597077
0.260 -0.601767
0.270 -1.815741
0.280 -0.436330
0.290 0.427338
0.300 0.502831
0.310 1.223920
0.320 2.196592
0.330 0.619631
0.340 -2.308379
0.350 0.527410
0.360 -0.500726
0.370 0.652530
0.380 -0.056426
0.390 0.304884
0.400 1.601731
0.410 -1.655519
0.420 1.024312
0.430 1.710643
0.440 0.866611
0.450 -1.332602
0.460 0.050643
0.470 1.702843
0.480 1.042647
0.490 2.486031
0.500 0.168458
0.510 -0.563525
0.520 -0.037927
0.530 -2.798754
0.540 -1.285080
0.550 0.220579
0.560 0.542451
0.570 -1.813747
0.580 0.099233
0.590 0.363366
0.600 -0.319318
0.610 0.081961
0.620 -4.173175
0.630 0.864884
0.640 -0.460211
0.650 2.400929
0.660 1.087113
0.670 -0.627985
0.680 2.560529
0.690 0.529917
0.700 1.545617
0.710 0.272244
0.720 3.720231
0.730 -0.017866
0.740 -2.911777
0.750 -4.028110
0.760 1.738186
0.770 -0.345652
0.780 -0.958990
0.790 -0.868917
0.800 -0.589457
0.810 0.785087
0.820 0.873623
0.830 0.403355
0.840 2.606288
0.850 -0.162228
0.860 -1.348184
0.870 0.926679
0.880 1.411704
0.890 -1.319394
0.900 -3.502274
0.910 -5.159046
0.920 1.130249
0.930 0.714466
0.940 1.836659
0.950 1.363950
0.960 1.684883
0.970 1.333553
0.980 0.075437
0.990 -0.017509
