0.000 -0.903752
0.010 -0.285363
0.020 -1.836160
0.030 -0.321956
0.040 -0.848115
0.050 3.630093
0.060 -1.727696
0.070 -0.258964
0.080 0.665706
0.090 2.055288
0.100 -3.095211
0.110 0.874363
0.120 1.815452
0.130 0.783724
0.140 -2.541911
0.150 0.074587
0.160 0.233878
0.170 -2.006011
0.180 4.196470
0.190 1.214404
0.200 1.640841
0.210 0.482574
0.220 -1.847212
0.230 1.255148
0.240 1.308422
0.250 -1.360771
0.260 1.347245
0.270 -0.718649
0.280 -1.206254
0.290 2.956626
0.300 -0.990218
0.310 -0.039296
0.320 1.210703
0.330 -1.675554
0.340 0.856292
0.350 -2.455376
0.360 4.099296
0.370 -0.710012
0.380 0.752528
0.390 0.921123
0.400 -0.072781
0.410 2.289792
0.420 3.460246
0.430 -0.274972
0.440 2.567078
0.450 -1.153233
0.460 0.639802
0.470 -2.608024
0.480 -1.314055
0.490 2.425077
0.500 1.195332
0.510 -0.547108
0.520 -0.161762
0.530 -2.537454
0.540 -0.100114
0.550 -2.075186
0.560 -2.037142
0.570 0.878144
0.580 -2.314104
0.590 -2.061129
0.600 3.412701
0.610 1.126038
0.620 -1.699715
0.630 1.541465
0.640 2.275680
0.650 0.534556
0.660 0.217772
0.670 1.727375
0.680 -0.122760
0.690 0.772546
0.700 -2.597664
0.710 2.050155
0.720 -0.255744
0.730 2.279117
0.740 -0.804261
0.750 0.289529
0.760 -0.333552
0.770 -0.279995
0.780 -3.748569
0.790 0.892700
0.800 -0.262300
0.810 0.516727
0.820 -0.376620
0.830 -0.387011
0.840 -0.350539
0.850 -3.163145
0.860 0.276538
0.870 -0.498773
0.880 0.182441
0.890 2.064286
0.900 0.671212
0.910 0.996252
0.920 1.333504
0.930 1.253900
0.940 1.906748
0.950 0.192008
0.960 -0.013788
0.970 0.485959
0.980 0.987672
0.990 2.129268
