0.000 0.404306
0.010 0.464536
0.020 1.806531
0.030 0.117040
0.040 0.314871
0.050 -1.513274
0.060 -2.402407
0.070 -0.537510
0.080 0.031548
0.090 1.544031
0.100 0.142989
0.110 2.043742
0.120 0.997142
0.130 -0.712090
0.140 -0.304580
0.150 0.537618
0.160 2.106422
0.170 -0.958743
0.180 -0.987222
0.190 -2.887213
0.200 0.622543
0.210 2.120375
0.220 -3.753382
0.230 -0.568717
0.240 -2.031108
0.250 -2.842470
0.260 1.218442
0.270 0.799665
0.280 -0.135860
0.290 2.086888
0.300 -1.873887
0.310 -0.356866
0.320 2.206410
0.330 -0.411741
0.340 -0.415380
0.350 -0.068609
0.360 0.026282
0.370 -3.675597
0.380 1.114156
0.390 -1.418708
0.400 2.425455
0.410 2.247272
0.420 0.231200
0.430 0.410241
0.440 -1.168621
0.450 -0.526666
0.460 -1.950695
0.470 0.963335
0.480 1.516103
0.490 -2.681772
0.500 3.653608
0.510 -0.420281
0.520 1.045789
0.530 1.710363
0.540 -0.705323
0.550 1.117900
0.560 0.592532
0.570 -0.693509
0.580 -1.638960
0.590 3.081902
0.600 1.652116
0.610 3.649988
0.620 -1.774403
0.630 2.208534
0.640 0.396056
0.650 2.923947
0.660 2.692853
0.670 1.941222
0.680 0.388030
0.690 -0.109768
0.700 -1.788981
0.710 0.584940
0.720 0.674707
0.730 -0.529672
0.740 1.280828
0.750 -0.584449
0.760 -0.518337
0.770 1.994070
0.780 -0.109768
0.790 1.181003
0.800 0.664085
0.810 0.443048
0.820 -3.538124
0.830 2.707559
0.840 -2.924035
0.850 -2.468122
0.860 0.778183
0.870 -1.078071
0.880 -0.926746
0.890 0.462294
0.900 1.597732
0.910 -1.530165
0.920 1.484434
0.930 0.049366
0.940 -0.064578
0.950 1.988207
0.960 0.481618
0.970 0.035867
0.980 -0.055305
0.990 1.071694
