0.000 0.321226
0.010 1.742834
0.020 0.136667
0.030 -1.447179
0.040 0.523299
0.050 1.664233
0.060 0.315181
0.070 2.572553
0.080 2.027282
0.090 -1.661474
0.100 -1.370236
0.110 0.146646
0.120 -0.790127
0.130 1.318909
0.140 0.259942
0.150 0.923758
0.160 0.513387
0.170 0.292828
0.180 -0.945970
0.190 2.742284
0.200 1.992055
0.210 0.278993
0.220 0.700796
0.230 2.308325
0.240 0.120911
0.250 -0.148294
0.260 -1.145898
0.270 0.616316
0.280 0.664862
0.290 0.467827
0.300 0.763276
0.310 0.127861
0.320 1.789606
0.330 -1.161375
0.340 3.323160
0.350 -0.269825
0.360 -0.852579
0.370 -0.599642
0.380 1.955040
0.390 -0.328594
0.400 1.411571
0.410 0.253629
0.420 -0.255644
0.430 -0.203969
0.440 0.356441
0.450 3.586545
0.460 1.544257
0.470 -2.709719
0.480 0.348107
0.490 -1.046716
0.500 -0.709767
0.510 -1.154681
0.520 -0.896324
0.530 2.117432
0.540 0.716284
0.550 1.286187
0.560 -1.738634
0.570 -0.517516
0.580 -0.556233
0.590 0.223642
0.600 -0.635067
0.610 -2.144847
0.620 -2.493579
0.630 1.342289
0.640 0.453581
0.650 -0.214782
0.660 -0.721154
0.670 2.556646
0.680 -3.628407
0.690 -0.378357
0.700 2.213112
0.710 1.345720
0.720 -1.724774
0.730 -0.603394
0.740 -1.402127
0.750 2.675161
0.760 2.624577
0.770 -2.559711
0.780 -0.553999
0.790 2.217334
0.800 -2.233101
0.810 4.504822
0.820 -3.189947
0.830 -2.582026
0.840 -0.505444
0.850 -2.605124
0.860 0.461493
0.870 0.020515
0.880 -1.471170
0.890 -0.829630
0.900 1.123262
0.910 2.386705
0.920 1.327926
0.930 0.384812
0.940 -1.192194
0.950 1.597888
0.960 1.511209
0.970 -1.303093
0.980 -1.172200
0.990 0.147080
