0.000 -1.169944
0.010 -1.350337
0.020 -1.905082
0.030 1.546987
0.040 3.552830
0.050 3.915541
0.060 -0.139434
0.070 0.160399
0.080 3.278697
0.090 -1.711363
0.100 -0.385051
0.110 3.592821
0.120 -0.727891
0.130 -1.081105
0.140 0.092205
0.150 2.301938
0.160 0.432127
0.170 -0.101110
0.180 2.577741
0.190 0.659129
0.200 0.006004
0.210 1.452574
0.220 1.852186
0.230 0.038457
0.240 -0.413045
0.250 1.539334
0.260 0.930880
0.270 1.140800
0.280 -0.677900
0.290 -0.182072
0.300 0.054364
0.310 -2.079391
0.320 -1.608035
0.330 1.566823
0.340 -0.544998
0.350 -0.800805
0.360 -2.903334
0.370 0.323360
0.380 0.401086
0.390 1.779544
0.400 -0.993389
0.410 1.737226
0.420 3.052261
0.430 1.983898
0.440 -0.463662
0.450 -2.115041
0.460 -0.383263
0.470 -2.707545
0.480 -0.194324
0.490 0.084926
0.500 -0.617129
0.510 0.147880
0.520 2.210499
0.530 0.419156
0.540 -0.305912
0.550 -0.905990
0.560 0.977545
0.570 -0.960339
0.580 0.744506
0.590 0.543860
0.600 0.367783
0.610 -1.539281
0.620 1.646378
0.630 -1.297664
0.640 0.450596
0.650 1.186527
0.660 0.388400
0.670 2.836856
0.680 2.051299
0.690 -0.560106
0.700 -1.153180
0.710 -1.088450
0.720 2.242936
0.730 1.303227
0.740 1.004222
0.750 1.296607
0.760 0.884571
0.770 2.311343
0.780 -2.387269
0.790 2.087728
0.800 -0.253918
0.810 -2.241234
0.820 -1.480625
0.830 0.241647
0.840 -0.367355
0.850 0.530844
0.860 1.152276
0.870 1.870348
0.880 3.511072
0.890 1.556393
0.900 3.519641
0.910 -0.603531
0.920 -1.627767
0.930 0.314361
0.940 -2.215679
0.950 2.525066
0.960 0.086273
0.970 -2.946834
0.980 1.568617
0.990 1.060516
