0.000 -0.697610
0.010 -0.082480
0.020 -3.702092
0.030 -1.031226
0.040 5.440389
0.050 1.075824
0.060 -1.339236
0.070 0.503106
0.080 1.021272
0.090 -1.329517
0.100 1.912794
0.110 -0.730181
0.120 -1.278629
0.130 1.387871
0.140 -0.126023
0.150 0.719340
0.160 2.536825
0.170 -1.840684
0.180 0.103486
0.190 0.014856
0.200 -1.268876
0.210 -0.662221
0.220 1.879579
0.230 -1.582609
0.240 -1.630026
0.250 -1.888497
0.260 0.488500
0.270 -0.569742
0.280 -1.087853
0.290 1.286113
0.300 -0.052371
0.310 -1.153827
0.320 -1.129899
0.330 -1.627207
0.340 1.609304
0.350 -0.911485
0.360 -2.725932
0.370 -1.238185
0.380 0.095073
0.390 1.433944
0.400 2.017890
0.410 -0.590539
0.420 -0.243094
0.430 -3.729367
0.440 -1.196212
0.450 0.428883
0.460 -0.060841
0.470 -0.895360
0.480 1.555378
0.490 -2.416922
0.500 -0.453404
0.510 -2.556595
0.520 0.354359
0.530 2.140897
0.540 -2.092032
0.550 -0.572466
0.560 1.579898
0.570 -0.547101
0.580 -2.327279
0.590 -1.194140
0.600 -0.619806
0.610 -1.752824
0.620 -2.463500
0.630 1.075714
0.640 1.327753
0.650 -0.407502
0.660 -0.247956
0.670 0.826980
0.680 -1.664416
0.690 -1.092853
0.700 -0.273830
0.710 0.724437
0.720 -2.180508
0.730 -0.835965
0.740 -1.107543
0.750 0.078062
0.760 1.211808
0.770 0.450036
0.780 1.616957
0.790 -0.539417
0.800 1.480235
0.810 0.382394
0.820 0.550565
0.830 -1.361584
0.840 -0.016166
0.850 1.143666
0.860 2.435703
0.870 3.009016
0.880 0.888015
0.890 0.440121
0.900 -2.085531
0.910 -0.228701
0.920 -0.614110
0.930 1.040324
0.940 1.046048
0.950 1.057955
0.960 0.164690
0.970 1.116435
0.980 -2.171182
0.990 -2.101899
