0.000 1.172198
0.010 -0.696673
0.020 2.411147
0.030 0.166670
0.040 4.770370
0.050 1.314098
0.060 3.002198
0.070 1.889650
0.080 -0.406909
0.090 -0.183210
0.100 -2.322061
0.110 -0.249231
0.120 2.364144
0.130 -1.886792
0.140 -1.710226
0.150 -4.738742
0.160 -1.493798
0.170 -2.574214
0.180 -2.947957
0.190 0.728873
0.200 0.501377
0.210 1.157197
0.220 -0.642106
0.230 -0.995792
0.240 -0.507163
0.250 1.831975
0.260 1.443006
0.270 -1.499704
0.280 1.078900
0.290 0.664310
0.300 0.757393
0.310 0.715629
0.320 -0.821311
0.330 2.368097
0.340 -1.672131
0.350 -3.761990
0.360 -0.177849
0.370 -1.433291
0.380 0.212564
0.390 -3.414473
0.400 -0.351185
0.410 -2.377159
0.420 0.432776
0.430 -1.206431
0.440 0.043116
0.450 -2.181865
0.460 0.864387
0.470 2.038936
0.480 2.293589
0.490 3.177941
0.500 0.712241
0.510 -0.246884
0.520 2.405143
0.530 0.475152
0.540 0.019997
0.550 0.470153
0.560 0.438153
0.570 -0.137986
0.580 2.123500
0.590 1.305746
0.600 -0.579926
0.610 0.115472
0.620 -0.747694
0.630 -0.438365
0.640 3.941105
0.650 1.561558
0.660 2.402833
0.670 -0.900329
0.680 1.401521
0.690 0.064039
0.700 -1.159215
0.710 -0.944998
0.720 0.685707
0.730 2.757145
0.740 2.219204
0.750 2.841590
0.760 -0.786399
0.770 -1.286489
0.780 -0.538101
0.790 -2.235863
0.800 1.249931
0.810 -1.683551
0.820 1.004167
0.830 0.153952
0.840 -2.479888
0.850 -2.898455
0.860 0.801533
0.870 -1.251293
0.880 -0.461676
0.890 1.089113
0.900 1.153662
0.910 -0.045170
0.920 -0.381827
0.930 0.812742
0.940 0.363936
0.950 1.994897
0.960 -1.437913
0.970 -0.535173
0.980 0.044935
0.990 0.386241
