0.000 -2.738497
0.010 -2.562385
0.020 2.880930
0.030 0.094979
0.040 -3.497338
0.050 1.882827
0.060 2.392653
0.070 0.969673
0.080 1.308813
0.090 0.259971
0.100 0.164593
0.110 -0.220577
0.120 0.940530
0.130 2.265701
0.140 0.848131
0.150 4.058074
0.160 1.844557
0.170 0.457694
0.180 0.587227
0.190 -5.287471
0.200 0.117035
0.210 1.858526
0.220 1.219771
0.230 -0.163156
0.240 1.918526
0.250 -2.048322
0.260 -0.746429
0.270 -0.553703
0.280 1.521229
0.290 1.047567
0.300 0.815938
0.310 -1.286833
0.320 0.841950
0.330 -0.639695
0.340 -0.420950
0.350 3.251715
0.360 -1.523252
0.370 0.321981
0.380 -1.478945
0.390 1.555588
0.400 0.074171
0.410 0.731874
0.420 -2.129357
0.430 1.966323
0.440 1.117425
0.450 -2.553223
0.460 2.054443
0.470 2.883312
0.480 -1.420587
0.490 0.942535
0.500 -1.814484
0.510 0.298067
0.520 3.589796
0.530 -0.441701
0.540 0.515961
0.550 2.025480
0.560 -1.418495
0.570 0.545250
0.580 0.012681
0.590 0.325462
0.600 2.920128
0.610 -3.320354
0.620 0.567272
0.630 0.304900
0.640 -1.518444
0.650 1.450484
0.660 0.417401
0.670 2.685993
0.680 1.239608
0.690 -1.589369
0.700 -1.963939
0.710 1.149169
0.720 1.763616
0.730 1.619733
0.740 0.528179
0.750 -4.791730
0.760 -4.435663
0.770 0.186555
0.780 0.665429
0.790 -1.544321
0.800 -0.238849
0.810 -2.471412
0.820 -1.966391
0.830 -1.251594
0.840 0.663233
0.850 -2.731527
0.860 0.876357
0.870 0.347872
0.880 1.127527
0.890 0.272735
0.900 -3.411465
0.910 0.961659
0.920 1.271173
0.930 0.237490
0.940 0.404098
0.950 0.797005
0.960 -0.476586
0.970 2.086610
0.980 2.142920
0.990 1.247511
