0.000 -0.411562
0.010 0.241390
0.020 -3.228602
0.030 0.841490
0.040 -6.665317
0.050 1.847092
0.060 -1.511025
0.070 2.992359
0.080 -4.631476
0.090 0.033895
0.100 2.182318
0.110 0.519408
0.120 2.231032
0.130 1.871424
0.140 -1.059244
0.150 -0.980684
0.160 1.531252
0.170 0.427978
0.180 1.831566
0.190 -1.945165
0.200 0.076466
0.210 2.187914
0.220 0.214567
0.230 2.622494
0.240 0.177158
0.250 1.617606
0.260 2.836972
0.270 2.105159
0.280 -3.778906
0.290 4.039113
0.300 3.063349
0.310 -2.567972
0.320 0.710509
0.330 0.100020
0.340 3.407855
0.350 0.951589
0.360 3.277009
0.370 -1.843189
0.380 -1.094855
0.390 -0.401962
0.400 -1.644705
0.410 1.925768
0.420 3.240765
0.430 -1.143758
0.440 -0.873892
0.450 -1.347740
0.460 2.389653
0.470 -0.083739
0.480 1.611799
0.490 -2.593943
0.500 -1.059706
0.510 -2.108760
0.520 0.717520
0.530 1.238096
0.540 2.412756
0.550 0.594441
0.560 0.376324
0.570 0.200776
0.580 2.536296
0.590 3.223733
0.600 -1.616272
0.610 1.726055
0.620 1.135199
0.630 0.159599
0.640 0.005353
0.650 1.900519
0.660 -3.131748
0.670 1.083617
0.680 -2.219073
0.690 -2.628936
0.700 2.577706
0.710 1.536240
0.720 3.490274
0.730 0.927913
0.740 3.186444
0.750 -0.830062
0.760 1.058033
0.770 2.456057
0.780 -1.210375
0.790 0.852555
0.800 1.790707
0.810 -0.699953
0.820 0.998469
0.830 0.671933
0.840 1.697489
0.850 -2.375436
0.860 -2.242156
0.870 2.432683
0.880 1.239510
0.890 -1.733813
0.900 1.738195
0.910 1.775272
0.920 -1.816744
0.930 -1.303448
0.940 -0.208938
0.950 -0.300029
0.960 -1.795688
0.970 -2.394234
0.980 1.661805
0.990 1.231638
