0.000 1.196929
0.010 0.380782
0.020 -1.025797
0.030 -0.604115
0.040 0.830552
0.050 -0.550276
0.060 0.637999
0.070 0.121943
0.080 -0.313942
0.090 1.571912
0.100 -0.106473
0.110 -0.314384
0.120 -1.170244
0.130 -2.740247
0.140 -0.216307
0.150 -1.560428
0.160 4.922108
0.170 -2.571384
0.180 0.575831
0.190 -0.030215
0.200 0.482799
0.210 -0.469380
0.220 1.667252
0.230 -1.507942
0.240 2.557093
0.250 0.530477
0.260 1.191431
0.270 -0.089311
0.280 -0.967925
0.290 1.741979
0.300 2.566824
0.310 0.250940
0.320 -0.258182
0.330 -2.104583
0.340 -0.165427
0.350 1.435477
0.360 3.035040
0.370 -1.329050
0.380 -0.208370
0.390 0.324711
0.400 -1.059791
0.410 3.732860
0.420 -2.115033
0.430 0.736486
0.440 0.082646
0.450 -1.339079
0.460 0.159864
0.470 -2.077045
0.480 1.311390
0.490 2.364166
0.500 -0.144398
0.510 1.899905
0.520 -0.388950
0.530 1.588007
0.540 0.485703
0.550 3.840458
0.560 2.159758
0.570 0.353552
0.580 1.971257
0.590 -3.289263
0.600 -1.292612
0.610 -0.998029
0.620 2.741934
0.630 0.271671
0.640 -1.862305
0.650 0.957742
0.660 0.748013
0.670 0.110081
0.680 1.249078
0.690 1.495142
0.700 1.124642
0.710 1.425959
0.720 1.596977
0.730 -2.049019
0.740 2.262670
0.750 -1.117980
0.760 -1.435507
0.770 2.675370
0.780 -2.835363
0.790 -1.184736
0.800 -1.983261
0.810 1.054538
0.820 -0.115914
0.830 0.158202
0.840 -1.640338
0.850 0.314395
0.860 -0.683286
0.870 0.677197
0.880 -1.346390
0.890 -0.035458
0.900 0.573281
0.910 1.796785
0.920 -1.789989
0.930 1.642924
0.940 -0.124156
0.950 -0.489190
0.960 1.000828
0.970 0.550478
0.980 0.920003
0.990 0.740511
