0.000 -0.841323
0.010 0.253260
0.020 -1.057276
0.030 -1.107389
0.040 -1.652441
0.050 -1.165791
0.060 1.408803
0.070 1.579027
0.080 0.863824
0.090 1.800679
0.100 0.660362
0.110 0.474152
0.120 3.606413
0.130 -0.071981
0.140 -3.921453
0.150 -0.578422
0.160 1.294435
0.170 -2.217294
0.180 -2.038896
0.190 0.238763
0.200 1.509728
0.210 0.747923
0.220 -1.647363
0.230 -2.008112
0.240 1.392210
0.250 -0.218278
0.260 3.737948
0.270 1.386806
0.280 -4.049315
0.290 0.625267
0.300 0.780935
0.310 -1.811440
0.320 4.271939
0.330 0.103902
0.340 -2.813615
0.350 1.061176
0.360 0.928340
0.370 0.575555
0.380 2.418958
0.390 -0.099284
0.400 1.391678
0.410 -2.862696
0.420 1.810102
0.430 0.037325
0.440 -2.485664
0.450 -0.058978
0.460 -0.926830
0.470 0.529555
0.480 -0.204328
0.490 2.738491
0.500 3.486940
0.510 2.284152
0.520 1.305981
0.530 1.118887
0.540 1.972102
0.550 -0.564957
0.560 -2.706994
0.570 -1.003915
0.580 2.358999
0.590 -3.304608
0.600 0.870444
0.610 -0.493769
0.620 -1.304020
0.630 0.087091
0.640 1.519812
0.650 1.697283
0.660 -0.079660
0.670 -1.293527
0.680 -1.541839
0.690 -1.956419
0.700 2.695843
0.710 3.859233
0.720 -4.364757
0.730 4.142896
0.740 -0.475639
0.750 0.730608
0.760 -1.915052
0.770 -0.305002
0.780 -2.136015
0.790 0.084927
0.800 -1.691038
0.810 2.559538
0.820 -0.099883
0.830 0.927558
0.840 -0.997677
0.850 1.507928
0.860 0.275969
0.870 1.994237
0.880 -1.575582
0.890 0.211321
0.900 -1.388636
0.910 -2.175299
0.920 0.051187
0.930 1.082652
0.940 1.719517
0.950 -2.037728
0.960 -0.485849
0.970 -0.696777
0.980 -0.091135
0.990 -0.348337
