0.000 -0.251682
0.010 -1.874607
0.020 0.493156
0.030 0.519061
0.040 -1.301836
0.050 -3.243366
0.060 0.467336
0.070 -3.208226
0.080 -0.937379
0.090 0.287015
0.100 0.553607
0.110 -0.682424
0.120 -0.796442
0.130 1.550706
0.140 0.550401
0.150 -1.406240
0.160 -2.492867
0.170 0.076152
0.180 -2.050863
0.190 -0.093603
0.200 2.037237
0.210 1.154869
0.220 1.542270
0.230 -0.778656
0.240 2.149143
0.250 -0.577221
0.260 0.086382
0.270 0.582675
0.280 1.466528
0.290 -0.079243
0.300 0.681197
0.310 0.601318
0.320 2.059417
0.330 2.454128
0.340 -1.521513
0.350 1.937060
0.360 1.242639
0.370 1.518744
0.380 2.421492
0.390 0.956077
0.400 -1.817435
0.410 2.542552
0.420 4.290680
0.430 4.087482
0.440 -0.433331
0.450 -1.012290
0.460 -1.320069
0.470 0.122614
0.480 -2.347904
0.490 -1.772161
0.500 0.555014
0.510 2.550209
0.520 1.088973
0.530 -0.734531
0.540 0.743982
0.550 0.043607
0.560 0.748630
0.570 -0.845116
0.580 -1.400741
0.590 -1.807242
0.600 0.339291
0.610 0.132579
0.620 -0.872046
0.630 -0.861428
0.640 0.033051
0.650 -0.040854
0.660 4.633343
0.670 -1.815985
0.680 -0.984349
0.690 1.384636
0.700 0.418805
0.710 -2.477969
0.720 0.521099
0.730 1.363384
0.740 -1.197727
0.750 1.736474
0.760 -0.171541
0.770 3.242953
0.780 -0.845422
0.790 1.399765
0.800 0.090625
0.810 -1.547787
0.820 -2.664172
0.830 -2.249713
0.840 1.060604
0.850 0.032327
0.860 -1.814423
0.870 2.321729
0.880 3.596893
0.890 1.294956
0.900 -0.756824
0.910 -1.094558
0.920 -2.682905
0.930 -0.618623
0.940 -0.823449
0.950 1.664212
0.960 1.663496
0.970 0.458930
0.980 -3.163936
0.990 1.799248
