0.000 0.282084
0.010 0.051319
0.020 -2.809574
0.030 1.127695
0.040 2.690463
0.050 -1.259735
0.060 -5.675072
0.070 -0.122495
0.080 -0.064621
0.090 -3.489392
0.100 0.357479
0.110 1.626165
0.120 -0.704508
0.130 2.004878
0.140 0.800738
0.150 -1.376274
0.160 1.201958
0.170 1.982712
0.180 1.645285
0.190 0.885071
0.200 -2.913942
0.210 2.478772
0.220 -1.031804
0.230 1.751698
0.240 1.150506
0.250 0.613127
0.260 1.728635
0.270 -1.326899
0.280 -0.812319
0.290 1.436364
0.300 0.708399
0.310 -0.167058
0.320 -3.230314
0.330 1.231885
0.340 0.420238
0.350 0.777515
0.360 0.777425
0.370 -1.595306
0.380 4.608351
0.390 -3.076293
0.400 2.267692
0.410 4.510328
0.420 -2.816290
0.430 -2.809144
0.440 -0.562246
0.450 -0.626756
0.460 0.580855
0.470 -2.589480
0.480 -0.476705
0.490 0.156517
0.500 -0.449682
0.510 2.675084
0.520 0.903432
0.530 -1.875503
0.540 -1.237026
0.550 -0.730499
0.560 2.136098
0.570 2.618800
0.580 0.770186
0.590 1.536447
0.600 1.579839
0.610 0.215334
0.620 -1.438785
0.630 2.837312
0.640 1.306025
0.650 -1.338781
0.660 2.145709
0.670 2.785103
0.680 1.201249
0.690 0.810819
0.700 0.275115
0.710 -1.057040
0.720 -0.032579
0.730 -0.188046
0.740 2.818844
0.750 1.080109
0.760 -1.337194
0.770 0.814317
0.780 1.751216
0.790 -0.306147
0.800 1.932483
0.810 -2.705423
0.820 2.191340
0.830 0.789545
0.840 -0.278735
0.850 1.637122
0.860 -0.173666
0.870 0.497869
0.880 3.045477
0.890 -2.270873
0.900 -2.217244
0.910 1.285624
0.920 1.026351
0.930 2.827990
0.940 -1.021716
0.950 -1.917957
0.960 -1.423531
0.970 -0.839736
0.980 0.212913
0.990 -0.429700
