0.000 1.665291
0.010 0.941998
0.020 0.264053
0.030 0.677143
0.040 3.498579
0.050 -0.478066
0.060 0.583675
0.070 -0.083212
0.080 3.226543
0.090 2.995099
0.100 -1.300629
0.110 -0.475182
0.120 0.177198
0.130 -0.011191
0.140 0.390908
0.150 0.785275
0.160 -2.386907
0.170 -1.486137
0.180 -2.793578
0.190 5.230936
0.200 -0.765809
0.210 -0.469752
0.220 2.224371
0.230 1.120498
0.240 -2.189744
0.250 0.341958
0.260 -4.068544
0.270 1.985900
0.280 0.472703
0.290 3.556329
0.300 0.508692
0.310 1.119696
0.320 0.041272
0.330 -2.290122
0.340 0.092039
0.350 4.650467
0.360 1.441647
0.370 1.737364
0.380 1.822274
0.390 -2.778561
0.400 -1.769224
0.410 -2.662194
0.420 -0.414950
0.430 -0.560486
0.440 0.866631
0.450 1.231953
0.460 0.024789
0.470 -2.775588
0.480 1.197019
0.490 -1.204920
0.500 0.732428
0.510 0.036417
0.520 1.846996
0.530 1.372088
0.540 2.605514
0.550 0.488986
0.560 1.801372
0.570 0.508708
0.580 1.315163
0.590 -0.886725
0.600 2.250378
0.610 -1.767583
0.620 -1.800362
0.630 -1.707252
0.640 -2.667621
0.650 0.624302
0.660 3.015112
0.670 -0.062296
0.680 -0.271097
0.690 0.997223
0.700 -1.774689
0.710 -1.853141
0.720 0.981073
0.730 -1.130722
0.740 0.408031
0.750 -0.837216
0.760 1.639931
0.770 -1.567922
0.780 -0.074743
0.790 -0.577206
0.800 2.049791
0.810 0.228829
0.820 2.067835
0.830 -0.474300
0.840 1.924299
0.850 0.232318
0.860 -1.651673
0.870 -1.245198
0.880 -0.252449
0.890 -0.176721
0.900 0.572317
0.910 1.434861
0.920 1.609499
0.930 1.773004
0.940 0.373823
0.950 -0.335147
0.960 -1.535644
0.970 0.573648
0.980 -0.686983
0.990 -1.125797
