0.000 0.857047
0.010 0.763315
0.020 -2.355077
0.030 -0.493783
0.040 2.322348
0.050 -0.062571
0.060 1.332531
0.070 0.047610
0.080 0.139550
0.090 -1.366935
0.100 2.027769
0.110 -0.196504
0.120 1.854098
0.130 2.912848
0.140 1.677762
0.150 0.432266
0.160 1.882027
0.170 0.352296
0.180 0.519394
0.190 -3.669527
0.200 2.237228
0.210 0.691639
0.220 -0.199083
0.230 -1.969625
0.240 -0.275945
0.250 -1.304915
0.260 1.349228
0.270 0.668588
0.280 -1.689927
0.290 1.260949
0.300 1.754648
0.310 -0.147761
0.320 -0.979288
0.330 -0.139070
0.340 2.802861
0.350 0.653381
0.360 -0.956448
0.370 -0.115189
0.380 -0.084025
0.390 1.081484
0.400 3.392937
0.410 1.810920
0.420 -2.583787
0.430 1.747563
0.440 -3.016133
0.450 -1.266143
0.460 -0.648437
0.470 -2.118309
0.480 -0.355215
0.490 3.549802
0.500 1.069830
0.510 3.199656
0.520 1.150529
0.530 -0.851897
0.540 1.793343
0.550 0.347270
0.560 -1.635622
0.570 -0.082168
0.580 0.620833
0.590 0.391411
0.600 -0.888715
0.610 1.225219
0.620 -0.092427
0.630 2.123864
0.640 0.074663
0.650 -2.635249
0.660 0.150776
0.670 -0.113968
0.680 -0.916421
0.690 -0.907518
0.700 -3.111656
0.710 1.788164
0.720 -0.064557
0.730 -1.606396
0.740 0.778908
0.750 0.682848
0.760 1.243004
0.770 2.875334
0.780 4.552469
0.790 0.194328
0.800 1.110726
0.810 -0.776440
0.820 -2.503203
0.830 -2.813329
0.840 2.242787
0.850 0.765179
0.860 -0.095273
0.870 0.294519
0.880 3.347026
0.890 1.426611
0.900 -0.396245
0.910 -1.682489
0.920 -0.037823
0.930 -0.700105
0.940 -2.747202
0.950 -1.856444
0.960 -2.362053
0.970 2.072340
0.980 3.637966
0.990 0.403422
