0.000 0.470067
0.010 2.319522
0.020 0.756889
0.030 1.013033
0.040 3.532068
0.050 -0.214003
0.060 -0.023497
0.070 -0.596813
0.080 4.408165
0.090 2.425532
0.100 -0.591338
0.110 -0.231701
0.120 1.351979
0.130 -2.365988
0.140 -0.275606
0.150 0.338287
0.160 -2.474356
0.170 2.023720
0.180 0.914112
0.190 0.149901
0.200 -0.668856
0.210 0.928587
0.220 2.342230
0.230 0.739400
0.240 1.521161
0.250 1.464279
0.260 -0.603897
0.270 -0.096623
0.280 -1.765835
0.290 -0.556914
0.300 -0.502816
0.310 0.622327
0.320 -1.766422
0.330 0.461965
0.340 0.001070
0.350 2.368165
0.360 -0.521355
0.370 -0.517765
0.380 1.629265
0.390 1.136923
0.400 -1.972748
0.410 3.335105
0.420 0.532655
0.430 -1.618796
0.440 1.089034
0.450 0.950233
0.460 0.210977
0.470 0.193224
0.480 0.899777
0.490 -0.474099
0.500 0.440623
0.510 3.549142
0.520 -1.239356
0.530 1.396834
0.540 0.201148
0.550 -1.380589
0.560 -1.092673
0.570 2.032017
0.580 0.685438
0.590 -0.011092
0.600 -1.648322
0.610 -1.703918
0.620 0.427476
0.630 0.486873
0.640 -2.481987
0.650 0.598870
0.660 0.952553
0.670 -0.670972
0.680 -0.791382
0.690 0.351021
0.700 0.489062
0.710 0.284700
0.720 3.581940
0.730 -0.107177
0.740 0.749043
0.750 4.053925
0.760 1.007238
0.770 -1.554155
0.780 -0.322439
0.790 0.002342
0.800 -0.755239
0.810 0.042606
0.820 -0.200622
0.830 1.277502
0.840 -0.585129
0.850 -3.747510
0.860 -1.300619
0.870 0.461065
0.880 3.034700
0.890 2.727984
0.900 1.223289
0.910 -1.571355
0.920 2.341628
0.930 1.134414
0.940 -0.493605
0.950 1.344846
0.960 -2.027163
0.970 0.380917
0.980 0.730150
0.990 0.769550
