0.000 3.210660
0.010 1.889215
0.020 -0.891176
0.030 -0.176021
0.040 0.886721
0.050 1.838390
0.060 0.331144
0.070 -1.161740
0.080 0.282557
0.090 1.905542
0.100 -0.105910
0.110 0.349779
0.120 -0.972741
0.130 -1.733759
0.140 1.335388
0.150 -0.172496
0.160 1.358224
0.170 1.999494
0.180 -2.131081
0.190 1.500431
0.200 -1.758329
0.210 1.129262
0.220 2.116825
0.230 0.942349
0.240 2.929175
0.250 0.435988
0.260 -0.547639
0.270 -0.912375
0.280 -0.899903
0.290 -0.540854
0.300 -0.799379
0.310 0.558803
0.320 -0.187874
0.330 -1.060306
0.340 -1.175960
0.350 -0.062386
0.360 -0.600748
0.370 -2.965431
0.380 -0.797826
0.390 2.032450
0.400 1.786623
0.410 1.218551
0.420 -3.205926
0.430 3.712503
0.440 2.739833
0.450 -0.736089
0.460 1.979881
0.470 -0.712940
0.480 -0.111641
0.490 2.852873
0.500 1.365958
0.510 -0.899715
0.520 0.018912
0.530 0.601034
0.540 -0.259050
0.550 1.166808
0.560 0.680088
0.570 -2.958015
0.580 -2.516959
0.590 3.519459
0.600 -0.910900
0.610 2.272300
0.620 -0.296523
0.630 1.407813
0.640 0.499291
0.650 2.013416
0.660 1.509039
0.670 0.662714
0.680 1.894385
0.690 -0.147152
0.700 -0.337401
0.710 1.959347
0.720 -0.616731
0.730 -0.421725
0.740 -1.687858
0.750 -1.424039
0.760 -1.650547
0.770 -0.283068
0.780 -0.331897
0.790 3.451641
0.800 -0.197919
0.810 0.557725
0.820 -0.329827
0.830 1.134984
0.840 -0.203364
0.850 -0.481660
0.860 -0.899907
0.870 -1.508832
0.880 2.042545
0.890 -0.444858
0.900 -2.142065
0.910 3.172640
0.920 -0.357236
0.930 0.702367
0.940 -1.861977
0.950 2.298007
0.960 -3.631695
0.970 0.079406
0.980 -2.236914
0.990 1.300317
