0.000 -1.031669
0.010 -0.754700
0.020 -0.488610
0.030 0.984111
0.040 -1.936842
0.050 2.633425
0.060 0.141417
0.070 -1.295039
0.080 -1.214157
0.090 -1.084302
0.100 -0.700460
0.110 -0.561786
0.120 -1.465022
0.130 1.085007
0.140 1.428576
0.150 -2.405581
0.160 -0.319965
0.170 0.643904
0.180 -1.615652
0.190 2.526311
0.200 -2.785967
0.210 -1.006556
0.220 -0.658058
0.230 0.705292
0.240 -0.412252
0.250 1.726764
0.260 1.787544
0.270 0.727949
0.280 -3.243924
0.290 0.389267
0.300 1.454134
0.310 -0.852143
0.320 -0.502603
0.330 1.248232
0.340 -0.994408
0.350 -1.199099
0.360 0.319621
0.370 1.166153
0.380 -1.815456
0.390 1.762586
0.400 1.876506
0.410 -1.940072
0.420 1.487879
0.430 0.260554
0.440 1.432595
0.450 -2.642139
0.460 1.048931
0.470 2.810706
0.480 -0.400257
0.490 2.313724
0.500 0.288384
0.510 -3.780715
0.520 0.384451
0.530 1.665163
0.540 -2.956867
0.550 -2.041942
0.560 -2.017916
0.570 0.045128
0.580 -1.046927
0.590 0.580006
0.600 -0.606442
0.610 -0.218120
0.620 -1.239134
0.630 -0.426356
0.640 1.630454
0.650 1.664817
0.660 0.458939
0.670 -2.510085
0.680 1.973563
0.690 -1.893115
0.700 0.548692
0.710 -0.642942
0.720 -1.227676
0.730 -0.138595
0.740 -0.551062
0.750 2.487472
0.760 -0.093654
0.770 0.427416
0.780 -1.470332
0.790 -1.978388
0.800 -0.939692
0.810 -1.418382
0.820 -1.835221
0.830 0.607095
0.840 -2.570533
0.850 -2.973604
0.860 2.445966
0.870 1.151541
0.880 0.249799
0.890 -2.522075
0.900 0.341498
0.910 -0.896530
0.920 1.308736
0.930 3.175744
0.940 -1.138416
0.950 0.086685
0.960 1.677777
0.970 0.522359
0.980 -2.144732
0.990 2.248225
