0.000 0.312930
0.010 3.656526
0.020 -2.240529
0.030 -1.280188
0.040 -1.473063
0.050 -4.341147
0.060 0.807559
0.070 -0.307147
0.080 1.829816
0.090 1.455145
0.100 0.601295
0.110 2.263162
0.120 2.966832
0.130 1.389146
0.140 -0.622577
0.150 -0.382681
0.160 0.970442
0.170 1.090955
0.180 -0.234395
0.190 -0.330579
0.200 1.607070
0.210 -0.059428
0.220 0.721541
0.230 1.207466
0.240 -3.444813
0.250 0.506104
0.260 2.299297
0.270 -2.310275
0.280 -0.906707
0.290 3.962162
0.300 0.401213
0.310 2.959224
0.320 0.648326
0.330 -1.250428
0.340 0.542936
0.350 -1.087096
0.360 -1.172045
0.370 4.503339
0.380 0.483113
0.390 0.744149
0.400 1.352699
0.410 -1.293100
0.420 -0.771686
0.430 2.973315
0.440 -1.660051
0.450 2.534165
0.460 -2.372379
0.470 -2.216269
0.480 1.171870
0.490 -1.775477
0.500 2.686195
0.510 -0.620901
0.520 1.379950
0.530 -1.220687
0.540 2.344375
0.550 1.526253
0.560 -0.566588
0.570 0.757252
0.580 -2.015506
0.590 -0.194583
0.600 -1.235471
0.610 1.592249
0.620 -2.504384
0.630 -1.750202
0.640 1.384199
0.650 -0.658603
0.660 -1.152215
0.670 -1.023518
0.680 2.358289
0.690 1.052956
0.700 1.407974
0.710 -1.857464
0.720 2.466851
0.730 -3.165590
0.740 1.916344
0.750 0.394322
0.760 -1.463002
0.770 1.319771
0.780 -1.243855
0.790 1.104148
0.800 3.256328
0.810 -1.953588
0.820 0.000978
0.830 0.488283
0.840 2.092581
0.850 -1.168406
0.860 0.343980
0.870 -1.493403
0.880 0.756598
0.890 0.697620
0.900 -2.608355
0.910 0.458726
0.920 -0.789223
0.930 -0.055619
0.940 -0.983933
0.950 2.028405
0.960 -0.884955
0.970 -0.246863
0.980 4.334303
0.990 -1.253307
