0.000 -1.512710
0.010 -1.712419
0.020 1.449281
0.030 -0.995818
0.040 4.007292
0.050 -0.577395
0.060 0.299412
0.070 -1.575987
0.080 0.564923
0.090 1.122793
0.100 2.204561
0.110 0.109089
0.120 -1.999148
0.130 3.682790
0.140 0.953515
0.150 1.525006
0.160 -2.187080
0.170 1.881670
0.180 -4.058478
0.190 3.068955
0.200 2.078999
0.210 -0.219571
0.220 0.799044
0.230 2.205101
0.240 -1.093908
0.250 -0.511971
0.260 1.807163
0.270 0.958571
0.280 -2.339535
0.290 2.507926
0.300 0.352016
0.310 2.240539
0.320 0.578598
0.330 1.301672
0.340 2.201529
0.350 0.630727
0.360 1.721862
0.370 0.333295
0.380 0.304473
0.390 0.179937
0.400 0.158105
0.410 2.228908
0.420 1.088103
0.430 -1.343226
0.440 1.480292
0.450 1.940948
0.460 -0.162276
0.470 1.225081
0.480 0.863042
0.490 1.601274
0.500 -1.044119
0.510 1.194737
0.520 -2.027605
0.530 -0.373589
0.540 -0.925254
0.550 -3.759834
0.560 3.152869
0.570 0.057085
0.580 3.147738
0.590 2.763990
0.600 0.756792
0.610 -1.568546
0.620 -1.609811
0.630 -0.238573
0.640 -1.098416
0.650 0.575483
0.660 -0.102225
0.670 -0.451734
0.680 2.477163
0.690 -0.686303
0.700 1.333060
0.710 -1.626652
0.720 1.491834
0.730 1.205155
0.740 0.826386
0.750 1.410152
0.760 -0.103813
0.770 1.015714
0.780 -0.965574
0.790 1.312187
0.800 0.129716
0.810 0.342989
0.820 1.859900
0.830 0.603940
0.840 1.005159
0.850 -0.679982
0.860 1.652687
0.870 -0.286489
0.880 0.472293
0.890 1.814345
0.900 3.087776
0.910 -2.339090
0.920 -1.246014
0.930 1.065386
0.940 1.673073
0.950 0.228428
0.960 1.243985
0.970 2.144115
0.980 -0.595977
0.990 0.369889
