0.000 1.037711
0.010 3.044290
0.020 -2.296311
0.030 -1.183619
0.040 2.159380
0.050 -0.335284
0.060 2.952126
0.070 -0.690665
0.080 4.515066
0.090 0.818152
0.100 3.554633
0.110 -0.594784
0.120 1.563181
0.130 0.041522
0.140 -0.065924
0.150 0.763657
0.160 -1.150354
0.170 1.620308
0.180 -0.688391
0.190 -0.402152
0.200 1.231112
0.210 -1.666461
0.220 -1.441647
0.230 0.972780
0.240 1.058759
0.250 -1.548661
0.260 1.119679
0.270 -3.515223
0.280 2.271998
0.290 -1.342691
0.300 0.760184
0.310 -2.656572
0.320 1.681887
0.330 1.258279
0.340 -0.591721
0.350 -1.995389
0.360 1.466226
0.370 0.826504
0.380 -1.982823
0.390 -0.314546
0.400 2.471639
0.410 -0.709988
0.420 -0.049082
0.430 0.657699
0.440 1.995090
0.450 -0.596204
0.460 -0.912028
0.470 2.402703
0.480 0.700497
0.490 0.622457
0.500 1.964244
0.510 -3.703280
0.520 4.017670
0.530 3.446308
0.540 0.788064
0.550 -0.188306
0.560 0.098626
0.570 -0.814793
0.580 -0.738671
0.590 0.353618
0.600 0.571651
0.610 1.592781
0.620 -1.502037
0.630 -2.452755
0.640 0.163042
0.650 0.301623
0.660 0.263882
0.670 -1.285213
0.680 0.213774
0.690 1.364508
0.700 0.184108
0.710 1.171754
0.720 -0.767872
0.730 1.133983
0.740 2.278168
0.750 -0.995752
0.760 1.217245
0.770 -1.037223
0.780 2.031690
0.790 -1.294540
0.800 -3.438562
0.810 0.467724
0.820 -2.097465
0.830 3.325046
0.840 -0.762105
0.850 0.898664
0.860 0.575215
0.870 -0.798767
0.880 0.747919
0.890 2.037219
0.900 -1.932954
0.910 1.135096
0.920 -0.138352
0.930 -1.564906
0.940 0.036975
0.950 0.587352
0.960 0.030659
0.970 0.900717
0.980 -1.412620
0.990 -1.483264
