0.000 -0.360085
0.010 1.267634
0.020 0.260841
0.030 -0.133650
0.040 1.071257
0.050 -0.128016
0.060 0.592697
0.070 -0.964694
0.080 1.372829
0.090 -0.882216
0.100 2.947278
0.110 0.379950
0.120 0.451821
0.130 3.137832
0.140 0.605823
0.150 -0.635713
0.160 -0.169676
0.170 -0.420765
0.180 -0.839989
0.190 -1.620514
0.200 -0.875234
0.210 -1.741871
0.220 1.338760
0.230 0.815055
0.240 0.657589
0.250 -0.776647
0.260 0.885980
0.270 -1.138325
0.280 1.288603
0.290 -4.283541
0.300 0.832865
0.310 -1.099783
0.320 -0.711994
0.330 1.493437
0.340 2.933886
0.350 0.088051
0.360 2.455047
0.370 -0.029905
0.380 -0.939932
0.390 -2.092850
0.400 0.865462
0.410 1.867701
0.420 -1.161166
0.430 -1.722461
0.440 2.340093
0.450 -1.711104
0.460 -0.390485
0.470 0.181784
0.480 2.794896
0.490 -0.050748
0.500 -0.501988
0.510 -0.021618
0.520 0.634625
0.530 1.241302
0.540 2.905027
0.550 1.868396
0.560 -0.553565
0.570 0.314699
0.580 -0.450780
0.590 4.572116
0.600 0.932333
0.610 -1.293221
0.620 0.083539
0.630 0.991460
0.640 0.369313
0.650 -1.065211
0.660 0.924369
0.670 0.123095
0.680 -0.152868
0.690 -0.832263
0.700 0.129252
0.710 -2.525851
0.720 -0.891158
0.730 0.482575
0.740 2.566989
0.750 -2.715695
0.760 4.044270
0.770 0.785740
0.780 -2.334818
0.790 -0.117344
0.800 -2.376809
0.810 -1.233447
0.820 1.448591
0.830 1.276921
0.840 -0.247118
0.850 0.258295
0.860 2.248065
0.870 -0.506319
0.880 0.095059
0.890 -0.513293
0.900 -2.913612
0.910 1.640132
0.920 -0.532950
0.930 1.458598
0.940 -0.005945
0.950 -0.907557
0.960 -2.134675
0.970 1.725206
0.980 1.474704
0.990 1.695709
