0.000 1.583244
0.010 1.211745
0.020 1.085104
0.030 4.718847
0.040 1.942899
0.050 1.650099
0.060 -2.661423
0.070 -0.879039
0.080 2.209255
0.090 -0.083092
0.100 0.407545
0.110 -0.652741
0.120 3.412886
0.130 -1.458343
0.140 1.375399
0.150 -0.581773
0.160 -3.470548
0.170 -1.298311
0.180 -2.488206
0.190 -2.350018
0.200 -0.028006
0.210 -1.783778
0.220 0.132345
0.230 -0.630196
0.240 0.170694
0.250 0.880922
0.260 1.437861
0.270 1.892598
0.280 -0.806826
0.290 -0.798372
0.300 0.285294
0.310 -0.960891
0.320 0.234300
0.330 3.676459
0.340 1.562512
0.350 2.226010
0.360 -1.506333
0.370 -3.443341
0.380 -0.722458
0.390 -1.182891
0.400 0.413285
0.410 1.752948
0.420 3.820367
0.430 -1.778362
0.440 3.133614
0.450 0.675082
0.460 1.907164
0.470 1.350831
0.480 2.783796
0.490 0.037640
0.500 0.859788
0.510 0.221611
0.520 1.663329
0.530 4.569810
0.540 1.674990
0.550 -1.147767
0.560 -1.019952
0.570 -0.984742
0.580 -0.206592
0.590 1.771494
0.600 -0.449021
0.610 -1.916431
0.620 1.908338
0.630 -0.561065
0.640 -1.772196
0.650 3.409202
0.660 -0.152167
0.670 0.465051
0.680 2.311936
0.690 -1.615403
0.700 1.643956
0.710 2.040397
0.720 0.004538
0.730 -1.212115
0.740 5.043950
0.750 -0.554469
0.760 2.453037
0.770 1.745224
0.780 -0.827089
0.790 -2.182260
0.800 -1.465461
0.810 3.346203
0.820 0.208883
0.830 1.763448
0.840 0.495070
0.850 -0.605402
0.860 3.751246
0.870 -0.379267
0.880 1.089680
0.890 -1.126429
0.900 0.406417
0.910 -1.087574
0.920 -0.598768
0.930 0.734921
0.940 4.168173
0.950 -0.143583
0.960 0.516870
0.970 0.084676
0.980 -1.212700
0.990 2.081177
