0.000 -0.268034
0.010 -1.482642
0.020 1.151347
0.030 0.138148
0.040 2.483721
0.050 0.436031
0.060 0.702680
0.070 -0.007310
0.080 -2.700788
0.090 0.761261
0.100 1.467977
0.110 0.036402
0.120 1.266901
0.130 -0.673065
0.140 1.018387
0.150 -1.675913
0.160 0.284418
0.170 0.339757
0.180 -0.510590
0.190 1.017167
0.200 0.086153
0.210 -4.155285
0.220 -1.809344
0.230 -0.214730
0.240 -2.391966
0.250 1.906788
0.260 -0.547160
0.270 2.066288
0.280 -0.379311
0.290 1.842756
0.300 -0.163009
0.310 1.327327
0.320 -1.041510
0.330 -0.930691
0.340 -1.311831
0.350 -0.834355
0.360 2.296765
0.370 -0.146106
0.380 2.171591
0.390 1.475314
0.400 -0.105250
0.410 0.840230
0.420 -0.968291
0.430 1.409796
0.440 -2.016344
0.450 -2.037090
0.460 1.248216
0.470 0.239400
0.480 0.178142
0.490 2.131586
0.500 -0.241698
0.510 1.438763
0.520 0.863388
0.530 1.218306
0.540 0.204205
0.550 1.141727
0.560 -3.151478
0.570 1.511533
0.580 -0.004236
0.590 0.932312
0.600 -0.783350
0.610 0.010664
0.620 1.088239
0.630 -3.061089
0.640 -0.473353
0.650 -1.212550
0.660 1.680449
0.670 -0.945241
0.680 -1.289493
0.690 4.936943
0.700 0.961871
0.710 -0.536229
0.720 0.007182
0.730 -2.848739
0.740 -1.370432
0.750 0.190219
0.760 -1.924734
0.770 0.699942
0.780 2.911224
0.790 -0.496160
0.800 0.552625
0.810 -0.892156
0.820 0.608815
0.830 -0.324538
0.840 -1.474738
0.850 0.856321
0.860 -1.296523
0.870 -1.421590
0.880 -0.272119
0.890 -0.904176
0.900 0.856820
0.910 2.937775
0.920 2.954785
0.930 1.121542
0.940 -0.539295
0.950 1.499270
0.960 1.237503
0.970 -1.095173
0.980 1.036704
0.990 2.547637
