0.000 -1.078148
0.010 -0.359821
0.020 0.212747
0.030 -0.705449
0.040 0.774406
0.050 -1.630280
0.060 1.513793
0.070 -0.963762
0.080 -0.575326
0.090 -0.563532
0.100 0.372157
0.110 0.115531
0.120 -0.963369
0.130 0.285136
0.140 -3.361366
0.150 1.532097
0.160 -1.695710
0.170 0.855170
0.180 1.218790
0.190 1.017395
0.200 -0.056552
0.210 0.857464
0.220 0.620862
0.230 4.625028
0.240 0.648504
0.250 -0.005495
0.260 -1.108245
0.270 -1.055527
0.280 -0.202774
0.290 -1.435211
0.300 0.188062
0.310 -0.533585
0.320 -3.538214
0.330 -0.749203
0.340 1.092089
0.350 2.204164
0.360 0.146556
0.370 0.405456
0.380 -2.982062
0.390 -0.980967
0.400 1.026197
0.410 0.441254
0.420 -0.222886
0.430 -1.074610
0.440 1.165096
0.450 0.233955
0.460 0.853448
0.470 1.214499
0.480 -1.982229
0.490 -2.721309
0.500 -2.311309
0.510 -4.954179
0.520 -0.875640
0.530 -0.326892
0.540 -1.601645
0.550 -2.145060
0.560 -0.196599
0.570 1.060574
0.580 3.807126
0.590 -0.638071
0.600 1.386928
0.610 -1.766572
0.620 0.090200
0.630 -0.588421
0.640 -0.437717
0.650 -0.771547
0.660 -0.713498
0.670 1.782294
0.680 1.239483
0.690 1.404134
0.700 0.305805
0.710 -0.929236
0.720 0.418727
0.730 2.912519
0.740 -2.249733
0.750 -1.103222
0.760 -2.374358
0.770 1.018036
0.780 0.083663
0.790 -0.732916
0.800 -1.840409
0.810 2.153346
0.820 -0.335398
0.830 -0.208771
0.840 0.392484
0.850 1.224564
0.860 1.233733
0.870 -0.604490
0.880 0.078215
0.890 1.387643
0.900 -0.267810
0.910 1.443691
0.920 -2.814249
0.930 -1.042265
0.940 0.112787
0.950 -3.356804
0.960 -3.049976
0.970 -1.044981
0.980 1.282439
0.990 0.384354
