0.000 1.637160
0.010 1.006925
0.020 0.829221
0.030 1.227197
0.040 1.671311
0.050 0.308728
0.060 0.500516
0.070 -1.708818
0.080 -0.645408
0.090 1.752785
0.100 -0.353936
0.110 -2.905525
0.120 0.657219
0.130 -1.446130
0.140 -1.079253
0.150 1.510255
0.160 3.962849
0.170 2.373676
0.180 0.500969
0.190 -2.522897
0.200 1.148898
0.210 -0.860393
0.220 -2.353078
0.230 -1.772736
0.240 1.551933
0.250 -5.025379
0.260 0.645904
0.270 -2.431260
0.280 0.542490
0.290 3.823827
0.300 3.084738
0.310 0.775730
0.320 3.072786
0.330 2.653927
0.340 -0.567104
0.350 0.693931
0.360 -0.289549
0.370 -0.977015
0.380 -0.266498
0.390 -1.052615
0.400 0.233461
0.410 1.637036
0.420 0.786413
0.430 -2.105204
0.440 0.769663
0.450 -1.094081
0.460 0.860649
0.470 -0.418414
0.480 -0.048582
0.490 -0.370001
0.500 1.778668
0.510 2.489358
0.520 -0.064723
0.530 1.885680
0.540 -2.064202
0.550 4.091316
0.560 1.013094
0.570 -0.561028
0.580 0.883854
0.590 2.523508
0.600 1.474794
0.610 -0.314090
0.620 -1.687112
0.630 -1.627681
0.640 0.336761
0.650 2.262397
0.660 1.890623
0.670 -0.495644
0.680 1.684817
0.690 -0.378250
0.700 -2.117759
0.710 3.566279
0.720 -3.316476
0.730 -1.111228
0.740 -0.727521
0.750 2.073835
0.760 -1.285530
0.770 3.515538
0.780 2.098779
0.790 1.527947
0.800 -0.747936
0.810 0.080936
0.820 2.502994
0.830 0.550454
0.840 0.725860
0.850 0.815262
0.860 -0.063308
0.870 -0.381321
0.880 0.465902
0.890 0.902909
0.900 -1.417547
0.910 0.213341
0.920 0.972346
0.930 0.525476
0.940 3.451396
0.950 -0.490005
0.960 -2.369988
0.970 2.593813
0.980 -1.747180
0.990 -3.673764
