0.000 1.221239
0.010 0.274190
0.020 1.215792
0.030 0.265437
0.040 2.129982
0.050 1.821574
0.060 1.191902
0.070 2.677051
0.080 0.365880
0.090 0.415433
0.100 -2.059392
0.110 3.722477
0.120 -0.593975
0.130 0.864325
0.140 -2.046406
0.150 0.983224
0.160 -1.839649
0.170 1.621954
0.180 -0.568761
0.190 4.136928
0.200 0.509970
0.210 1.110645
0.220 1.885592
0.230 -2.141056
0.240 2.866119
0.250 3.175924
0.260 0.869244
0.270 -0.982103
0.280 3.376570
0.290 2.294499
0.300 2.483723
0.310 0.083212
0.320 1.049545
0.330 0.442860
0.340 -0.284590
0.350 -1.809628
0.360 -0.360080
0.370 0.222795
0.380 1.071569
0.390 -0.259397
0.400 2.128839
0.410 1.046025
0.420 0.259672
0.430 -2.166237
0.440 -0.327870
0.450 -0.355002
0.460 -1.475860
0.470 1.409753
0.480 -1.946515
0.490 -0.857759
0.500 0.258757
0.510 4.283326
0.520 1.143953
0.530 -0.742374
0.540 2.853132
0.550 1.516920
0.560 3.624215
0.570 -0.751922
0.580 0.955496
0.590 -0.473225
0.600 1.232851
0.610 2.217809
0.620 -1.536484
0.630 0.694865
0.640 -0.239537
0.650 -1.161255
0.660 1.031508
0.670 -0.378124
0.680 1.361103
0.690 -0.130743
0.700 0.603594
0.710 -2.457311
0.720 -0.143004
0.730 2.582029
0.740 1.600044
0.750 -0.294368
0.760 2.000859
0.770 0.101945
0.780 2.101188
0.790 -1.184042
0.800 -0.341729
0.810 1.213097
0.820 0.125034
0.830 -0.689071
0.840 0.720776
0.850 0.789202
0.860 2.130117
0.870 -0.876796
0.880 0.320105
0.890 6.166592
0.900 -3.271603
0.910 -2.090493
0.920 0.798811
0.930 2.273714
0.940 -1.593921
0.950 -1.952881
0.960 -1.386853
0.970 0.793475
0.980 -1.241901
0.990 2.344171
