0.000 1.321986
0.010 1.080604
0.020 2.677967
0.030 -1.010852
0.040 -1.995936
0.050 0.967104
0.060 -0.029349
0.070 1.170597
0.080 -1.312156
0.090 2.000058
0.100 1.079709
0.110 -0.969012
0.120 -1.546738
0.130 2.782469
0.140 -2.731154
0.150 0.871052
0.160 -0.620513
0.170 1.421710
0.180 -2.466502
0.190 -3.173414
0.200 1.107108
0.210 0.031527
0.220 1.290609
0.230 0.014933
0.240 -1.409659
0.250 -1.502516
0.260 -0.048888
0.270 -1.747285
0.280 0.977875
0.290 0.174413
0.300 -1.586653
0.310 0.409749
0.320 0.055038
0.330 1.119534
0.340 -0.551185
0.350 1.721724
0.360 0.807363
0.370 1.179970
0.380 -0.500801
0.390 -0.820490
0.400 2.540408
0.410 0.048492
0.420 0.941383
0.430 2.317482
0.440 -0.051337
0.450 -0.300053
0.460 -2.038994
0.470 0.063985
0.480 1.554804
0.490 1.788634
0.500 0.924405
0.510 0.190693
0.520 -1.223096
0.530 0.104178
0.540 -1.874041
0.550 -0.534475
0.560 1.603845
0.570 2.359242
0.580 -0.905524
0.590 3.198082
0.600 0.393649
0.610 -0.300268
0.620 1.249097
0.630 0.521632
0.640 0.547089
0.650 -1.363015
0.660 2.237814
0.670 -0.044176
0.680 0.208111
0.690 0.097745
0.700 -0.493017
0.710 2.185474
0.720 -0.096374
0.730 -1.750143
0.740 0.082879
0.750 1.150937
0.760 1.320104
0.770 -0.884079
0.780 -2.310455
0.790 1.274720
0.800 0.212147
0.810 -0.324669
0.820 -0.255037
0.830 -0.389230
0.840 -0.481219
0.850 1.350742
0.860 -1.645583
0.870 1.365522
0.880 -1.772289
0.890 -1.114995
0.900 2.746727
0.910 2.627720
0.920 -0.530278
0.930 -0.653823
0.940 -0.082408
0.950 -1.631309
0.960 0.851952
0.970 1.588823
0.980 -1.503494
0.990 -0.587598
