0.000 -2.299148
0.010 -0.832480
0.020 -2.341552
0.030 4.410860
0.040 0.319670
0.050 0.256922
0.060 -1.161708
0.070 0.171047
0.080 0.499074
0.090 -0.738111
0.100 1.413180
0.110 0.983048
0.120 2.453545
0.130 -0.001442
0.140 0.038525
0.150 0.266614
0.160 -1.316529
0.170 0.102551
0.180 2.996749
0.190 -2.795112
0.200 0.599361
0.210 -0.490892
0.220 -0.036953
0.230 -0.459582
0.240 1.339724
0.250 -0.775489
0.260 3.567000
0.270 0.694377
0.280 3.102085
0.290 -1.108116
0.300 -3.529480
0.310 2.685058
0.320 -3.457575
0.330 1.668490
0.340 0.787919
0.350 2.116775
0.360 -0.766190
0.370 1.349884
0.380 -4.834354
0.390 -1.359439
0.400 1.650981
0.410 -0.434466
0.420 -3.086301
0.430 0.846781
0.440 -2.017293
0.450 1.477780
0.460 0.680919
0.470 2.680928
0.480 -0.959265
0.490 -3.511867
0.500 -1.334763
0.510 2.978020
0.520 -3.026828
0.530 1.465256
0.540 -0.133398
0.550 -1.127416
0.560 3.197531
0.570 1.078853
0.580 1.533481
0.590 -2.005726
0.600 1.625704
0.610 1.118895
0.620 -1.448655
0.630 -0.313020
0.640 -0.428716
0.650 1.998260
0.660 -2.178502
0.670 -0.544014
0.680 -1.740291
0.690 -2.207213
0.700 -1.493011
0.710 0.810569
0.720 -1.800493
0.730 -0.267031
0.740 1.029812
0.750 -3.327753
0.760 0.377357
0.770 -2.244094
0.780 2.554967
0.790 0.749711
0.800 0.782082
0.810 -0.602087
0.820 0.728160
0.830 1.477673
0.840 -1.279537
0.850 -1.097518
0.860 0.189798
0.870 3.301729
0.880 0.656965
0.890 0.618174
0.900 -2.282039
0.910 -0.766325
0.920 1.303714
0.930 0.307395
0.940 1.617258
0.950 0.299833
0.960 1.780086
0.970 -2.229376
0.980 1.799655
0.990 -0.739420
