0.000 -0.323486
0.010 -0.141580
0.020 0.610002
0.030 -1.964417
0.040 0.409318
0.050 -1.012331
0.060 0.233460
0.070 -0.865582
0.080 0.907164
0.090 1.292989
0.100 -0.694275
0.110 -0.868131
0.120 0.602502
0.130 -0.940165
0.140 0.291105
0.150 2.262525
0.160 -3.111930
0.170 2.327873
0.180 1.169180
0.190 -0.910827
0.200 1.248474
0.210 2.123492
0.220 -0.595121
0.230 0.233237
0.240 3.767958
0.250 -1.457932
0.260 2.022178
0.270 -1.956400
0.280 0.795071
0.290 0.860834
0.300 -1.743964
0.310 1.624503
0.320 0.403162
0.330 -0.316501
0.340 2.930754
0.350 3.007082
0.360 3.307449
0.370 -0.081547
0.380 -0.948048
0.390 -0.532355
0.400 1.407021
0.410 0.545504
0.420 1.069335
0.430 3.530729
0.440 -0.438104
0.450 0.506030
0.460 -0.002972
0.470 1.189310
0.480 0.039232
0.490 1.639739
0.500 -1.642360
0.510 -1.040258
0.520 -2.586380
0.530 -1.130642
0.540 2.710065
0.550 2.367994
0.560 1.932478
0.570 3.402950
0.580 1.893261
0.590 -0.915789
0.600 0.593764
0.610 -0.623176
0.620 3.479110
0.630 1.836537
0.640 0.183959
0.650 -2.294658
0.660 0.177530
0.670 0.944230
0.680 0.338714
0.690 2.171657
0.700 -0.484964
0.710 1.088901
0.720 1.351590
0.730 -0.863319
0.740 0.242637
0.750 2.551177
0.760 0.156521
0.770 -3.388285
0.780 0.725742
0.790 2.061479
0.800 -1.266547
0.810 -0.001275
0.820 -0.421081
0.830 -0.831735
0.840 0.223513
0.850 0.033644
0.860 1.418700
0.870 1.544982
0.880 1.384386
0.890 0.259627
0.900 1.218873
0.910 0.397589
0.920 1.219134
0.930 0.690096
0.940 0.892544
0.950 -1.106362
0.960 -0.269388
0.970 2.782798
0.980 -0.220961
0.990 2.062558
