0.000 -0.201735
0.010 0.797479
0.020 0.086730
0.030 -0.650007
0.040 1.867649
0.050 2.384148
0.060 1.174426
0.070 -0.054372
0.080 1.205341
0.090 2.392864
0.100 0.205804
0.110 0.401981
0.120 -0.144561
0.130 1.900034
0.140 1.386824
0.150 -2.940307
0.160 0.568793
0.170 0.798675
0.180 -0.796641
0.190 0.525540
0.200 -0.405130
0.210 0.165722
0.220 -0.216643
0.230 -0.310210
0.240 2.641703
0.250 1.429437
0.260 -2.302486
0.270 -1.818379
0.280 -0.966740
0.290 2.416440
0.300 -0.137479
0.310 1.449972
0.320 -0.083853
0.330 0.040852
0.340 1.104760
0.350 2.751795
0.360 2.932941
0.370 -0.282780
0.380 3.002986
0.390 1.155474
0.400 -2.620439
0.410 0.295347
0.420 -0.640020
0.430 -0.079898
0.440 -1.744995
0.450 1.364683
0.460 1.303047
0.470 -2.382371
0.480 -1.540286
0.490 -1.596893
0.500 1.705300
0.510 2.282275
0.520 -3.519229
0.530 -0.673845
0.540 0.784645
0.550 1.248972
0.560 0.585707
0.570 3.478168
0.580 -0.444758
0.590 3.730601
0.600 2.124675
0.610 -3.552611
0.620 0.678590
0.630 -1.239538
0.640 0.883280
0.650 2.678635
0.660 1.994770
0.670 2.150575
0.680 -1.600927
0.690 -0.897557
0.700 2.144163
0.710 3.536676
0.720 1.254744
0.730 1.124283
0.740 2.322724
0.750 1.684263
0.760 -1.799234
0.770 0.491797
0.780 -1.018268
0.790 0.412788
0.800 4.119110
0.810 -0.714270
0.820 1.804439
0.830 -2.300143
0.840 0.096653
0.850 -0.502458
0.860 2.918916
0.870 1.550587
0.880 -0.008067
0.890 0.641932
0.900 1.612837
0.910 1.617387
0.920 0.818575
0.930 1.272234
0.940 -0.874271
0.950 -0.464277
0.960 1.529998
0.970 -1.075465
0.980 0.333106
0.990 -1.481193
