0.000 1.539152
0.010 1.676072
0.020 0.705779
0.030 2.489149
0.040 -1.023098
0.050 0.053675
0.060 -2.064431
0.070 3.426834
0.080 -1.192600
0.090 5.165441
0.100 1.423854
0.110 -0.653370
0.120 -2.018115
0.130 1.243515
0.140 0.306146
0.150 -0.337758
0.160 -3.863814
0.170 -0.805693
0.180 -0.780421
0.190 -3.993203
0.200 0.486044
0.210 3.109463
0.220 3.403217
0.230 2.073801
0.240 -1.537988
0.250 -1.084202
0.260 -0.499270
0.270 -0.191586
0.280 -0.195612
0.290 1.376477
0.300 -0.095363
0.310 -1.775710
0.320 -3.634473
0.330 -1.156755
0.340 0.788632
0.350 -0.412665
0.360 0.531889
0.370 -0.423021
0.380 1.229505
0.390 0.597946
0.400 3.638621
0.410 -1.256797
0.420 -1.693484
0.430 -1.213395
0.440 -3.597824
0.450 -3.039999
0.460 0.512863
0.470 0.130731
0.480 -1.637359
0.490 0.943297
0.500 0.669371
0.510 -2.655037
0.520 -1.004883
0.530 -0.040094
0.540 1.532348
0.550 -1.404561
0.560 0.194503
0.570 -1.314148
0.580 0.629544
0.590 1.023847
0.600 -1.803492
0.610 -1.659911
0.620 2.629618
0.630 0.892369
0.640 -1.388387
0.650 1.003486
0.660 -0.258466
0.670 -1.498866
0.680 1.269709
0.690 -3.140979
0.700 -3.768343
0.710 1.663134
0.720 -2.233599
0.730 -0.072682
0.740 -2.788790
0.750 -0.375143
0.760 -1.174012
0.770 -1.694972
0.780 2.492240
0.790 2.651855
0.800 0.546436
0.810 -0.583504
0.820 0.833695
0.830 2.537056
0.840 0.650397
0.850 -0.095011
0.860 0.557999
0.870 -0.837007
0.880 1.184054
0.890 1.192058
0.900 0.098860
0.910 2.011513
0.920 -2.727605
0.930 0.547141
0.940 2.743015
0.950 -0.764223
0.960 2.133644
0.970 -1.479494
0.980 -0.582447
0.990 0.139716
