0.000 -0.891872
0.010 2.030015
0.020 0.970007
0.030 1.878612
0.040 1.464873
0.050 1.142509
0.060 1.413475
0.070 -0.017583
0.080 0.821062
0.090 -3.078878
0.100 3.926621
0.110 1.602615
0.120 0.242546
0.130 -0.936024
0.140 -3.743336
0.150 -1.365890
0.160 -1.053154
0.170 1.829541
0.180 -3.214871
0.190 -0.441457
0.200 0.294296
0.210 -2.498335
0.220 -1.012587
0.230 1.122125
0.240 0.271026
0.250 0.188529
0.260 1.873522
0.270 -0.194931
0.280 -0.466678
0.290 2.723496
0.300 1.344896
0.310 0.474679
0.320 -0.261773
0.330 1.729765
0.340 -0.545688
0.350 1.643833
0.360 1.325681
0.370 3.076138
0.380 -0.884569
0.390 -0.694163
0.400 1.011860
0.410 1.148478
0.420 0.301105
0.430 2.734865
0.440 -0.263989
0.450 -1.289631
0.460 -0.120937
0.470 0.679846
0.480 1.456566
0.490 1.038413
0.500 0.089189
0.510 3.578157
0.520 -1.294425
0.530 1.284401
0.540 2.924160
0.550 1.154775
0.560 -0.412585
0.570 -3.279889
0.580 -2.977708
0.590 0.023964
0.600 -0.008625
0.610 -0.337600
0.620 0.010020
0.630 -2.337665
0.640 0.002068
0.650 -0.690987
0.660 -0.316413
0.670 0.529421
0.680 -0.813697
0.690 1.579378
0.700 -0.681377
0.710 -0.424649
0.720 -0.380362
0.730 -0.219720
0.740 -3.658196
0.750 0.284764
0.760 2.230403
0.770 -0.078990
0.780 1.557096
0.790 0.147121
0.800 0.660588
0.810 0.882103
0.820 2.143558
0.830 -2.445098
0.840 -1.576489
0.850 3.159458
0.860 -1.537120
0.870 -2.869463
0.880 2.074556
0.890 0.214566
0.900 1.448443
0.910 1.556266
0.920 0.174443
0.930 1.879319
0.940 1.030151
0.950 -0.493946
0.960 -0.189184
0.970 -0.492088
0.980 -1.691088
0.990 -1.018112
