0.000 0.237085
0.010 -3.999474
0.020 -0.958982
0.030 1.476525
0.040 1.390514
0.050 -0.447948
0.060 -2.293814
0.070 -0.618454
0.080 1.198490
0.090 0.140393
0.100 1.260713
0.110 -0.073231
0.120 -1.954341
0.130 1.867096
0.140 0.381580
0.150 0.493259
0.160 1.837586
0.170 -1.386061
0.180 1.298748
0.190 0.723611
0.200 -0.934833
0.210 0.103604
0.220 -0.500143
0.230 1.236533
0.240 -1.855357
0.250 0.869775
0.260 -2.986875
0.270 -0.143691
0.280 -1.843440
0.290 -3.457634
0.300 0.222176
0.310 0.883650
0.320 -1.971994
0.330 -2.537919
0.340 -1.359011
0.350 -0.794999
0.360 -1.207772
0.370 2.473424
0.380 1.986599
0.390 -2.302071
0.400 1.765163
0.410 -1.683342
0.420 -0.566466
0.430 2.536768
0.440 -0.468054
0.450 3.374250
0.460 -1.460627
0.470 0.528279
0.480 1.650908
0.490 0.436757
0.500 1.734938
0.510 1.031581
0.520 -2.894909
0.530 -1.041128
0.540 1.981028
0.550 0.320058
0.560 1.037192
0.570 -1.706835
0.580 -1.752325
0.590 0.708448
0.600 2.071340
0.610 -6.042739
0.620 -0.030377
0.630 -0.565138
0.640 1.349284
0.650 1.610024
0.660 1.697043
0.670 -3.903903
0.680 -0.829936
0.690 1.300378
0.700 0.686353
0.710 1.771190
0.720 -0.792712
0.730 -1.224477
0.740 -1.951542
0.750 -1.288405
0.760 0.140667
0.770 0.650023
0.780 0.955094
0.790 -0.993570
0.800 2.244784
0.810 -0.008958
0.820 -1.833960
0.830 0.890507
0.840 2.454528
0.850 -1.240704
0.860 0.273750
0.870 -1.892815
0.880 -0.856356
0.890 1.717284
0.900 -2.085368
0.910 -0.834835
0.920 1.303231
0.930 3.110527
0.940 -1.817040
0.950 -1.040037
0.960 -0.305632
0.970 -4.546986
0.980 -0.564394
0.990 2.758269
