0.000 0.304213
0.010 2.025409
0.020 -0.499612
0.030 0.495453
0.040 0.848306
0.050 -0.299302
0.060 -0.100708
0.070 -0.593402
0.080 1.263187
0.090 2.098062
0.100 1.200515
0.110 -2.789665
0.120 -0.630810
0.130 0.012787
0.140 2.452845
0.150 -0.475379
0.160 2.334813
0.170 0.005814
0.180 -2.195405
0.190 1.511201
0.200 -3.240435
0.210 2.978636
0.220 -2.055329
0.230 2.837965
0.240 1.146073
0.250 1.068192
0.260 0.077464
0.270 3.215792
0.280 0.816466
0.290 -2.723984
0.300 0.444362
0.310 0.890542
0.320 0.019741
0.330 0.900559
0.340 -0.376427
0.350 -0.057440
0.360 0.894666
0.370 1.503463
0.380 -0.014414
0.390 0.197646
0.400 -0.419626
0.410 -0.466281
0.420 -2.359594
0.430 1.667557
0.440 4.824035
0.450 0.441485
0.460 -2.680948
0.470 -0.378062
0.480 2.234655
0.490 1.470959
0.500 2.323314
0.510 -0.464479
0.520 -0.573353
0.530 -0.774942
0.540 -0.526445
0.550 1.098278
0.560 0.035546
0.570 2.470472
0.580 0.008846
0.590 -0.470310
0.600 1.512688
0.610 -2.686609
0.620 -1.079179
0.630 -1.305530
0.640 -2.940519
0.650 -0.231868
0.660 2.593134
0.670 1.317632
0.680 1.498797
0.690 1.905963
0.700 0.139724
0.710 -0.507568
0.720 -1.350504
0.730 4.190266
0.740 -0.276698
0.750 2.104938
0.760 1.337093
0.770 -4.176945
0.780 0.668976
0.790 0.290071
0.800 4.109442
0.810 -0.848874
0.820 -1.975350
0.830 2.316997
0.840 -0.309111
0.850 1.096876
0.860 -0.873918
0.870 0.341969
0.880 0.021947
0.890 -0.027478
0.900 -2.909549
0.910 1.067840
0.920 0.547956
0.930 -2.497619
0.940 -1.139772
0.950 1.308424
0.960 -1.383857
0.970 4.436838
0.980 -3.502515
0.990 -0.099751
