0.000 -1.350515
0.010 1.143268
0.020 -0.000897
0.030 1.097083
0.040 3.720980
0.050 1.330114
0.060 -0.661423
0.070 -1.509671
0.080 -0.610143
0.090 -0.674153
0.100 1.619862
0.110 -0.520880
0.120 0.359412
0.130 0.777015
0.140 2.780151
0.150 -2.735276
0.160 -1.289322
0.170 -1.485532
0.180 -0.281558
0.190 -1.903599
0.200 0.206652
0.210 0.716031
0.220 0.661680
0.230 -1.694053
0.240 0.082750
0.250 0.728000
0.260 -2.538157
0.270 1.108178
0.280 0.800195
0.290 0.689515
0.300 -1.498579
0.310 1.864929
0.320 -0.076457
0.330 0.697670
0.340 0.550309
0.350 1.252494
0.360 0.467564
0.370 0.008020
0.380 -0.790720
0.390 -1.462479
0.400 1.326082
0.410 1.812257
0.420 -2.091542
0.430 1.967719
0.440 -1.109146
0.450 0.808735
0.460 -1.477761
0.470 1.067204
0.480 1.282391
0.490 0.791879
0.500 0.015053
0.510 0.218193
0.520 -0.276745
0.530 1.111004
0.540 1.995926
0.550 2.069887
0.560 2.166019
0.570 1.116450
0.580 -0.004379
0.590 0.047614
0.600 -3.121633
0.610 1.332280
0.620 2.840067
0.630 1.499000
0.640 0.822750
0.650 -0.601376
0.660 -0.663153
0.670 -1.834899
0.680 1.776733
0.690 -1.321008
0.700 -0.270585
0.710 2.317149
0.720 0.188411
0.730 2.985255
0.740 2.798152
0.750 2.570804
0.760 2.052201
0.770 -0.494727
0.780 2.135759
0.790 1.280997
0.800 -1.182697
0.810 1.166044
0.820 0.552822
0.830 -3.406227
0.840 0.872980
0.850 -0.992405
0.860 -2.067045
0.870 -0.056873
0.880 1.754768
0.890 -1.367630
0.900 3.348292
0.910 -0.049067
0.920 -0.381726
0.930 1.492563
0.940 -0.501586
0.950 1.074304
0.960 3.041892
0.970 1.489785
0.980 -0.240484
0.990 0.757938
