0.000 1.142347
0.010 1.821966
0.020 2.948682
0.030 3.100237
0.040 -1.032892
0.050 0.114016
0.060 -1.698387
0.070 -2.607419
0.080 3.188422
0.090 1.502478
0.100 0.046230
0.110 1.417338
0.120 2.834846
0.130 2.729599
0.140 0.994749
0.150 -1.055739
0.160 -0.163385
0.170 -0.738133
0.180 1.696187
0.190 0.384991
0.200 -0.233502
0.210 1.525929
0.220 0.911974
0.230 1.672790
0.240 2.009641
0.250 0.945928
0.260 -0.598092
0.270 -1.913080
0.280 1.149613
0.290 -0.734892
0.300 -2.902973
0.310 -1.899993
0.320 3.486660
0.330 1.290494
0.340 -0.045723
0.350 1.877732
0.360 -2.227091
0.370 -5.033074
0.380 -3.124664
0.390 -0.278309
0.400 2.151508
0.410 2.703155
0.420 0.547500
0.430 -5.172740
0.440 -1.850047
0.450 -0.142962
0.460 -1.289476
0.470 2.436604
0.480 -0.360517
0.490 -1.777313
0.500 1.753079
0.510 0.667405
0.520 -0.305943
0.530 0.716825
0.540 2.544093
0.550 -0.095427
0.560 -2.131647
0.570 0.741411
0.580 0.020684
0.590 0.569791
0.600 1.782457
0.610 1.912642
0.620 2.543592
0.630 0.461438
0.640 -0.018508
0.650 2.148521
0.660 0.660019
0.670 -2.523160
0.680 -1.203911
0.690 2.523311
0.700 0.341546
0.710 0.331255
0.720 -0.204270
0.730 -0.779462
0.740 0.268670
0.750 -0.428330
0.760 4.423552
0.770 1.245899
0.780 -0.727336
0.790 0.777698
0.800 0.534714
0.810 -1.637378
0.820 0.549659
0.830 0.334878
0.840 -1.882340
0.850 0.006920
0.860 -0.115400
0.870 -1.393161
0.880 0.565278
0.890 -0.010987
0.900 -0.920415
0.910 0.458394
0.920 -1.138743
0.930 2.077179
0.940 0.939557
0.950 -1.731166
0.960 -0.541202
0.970 2.496194
0.980 1.075638
0.990 3.263923
