0.000 -2.600067
0.010 0.128357
0.020 1.080437
0.030 1.479208
0.040 -2.809735
0.050 -0.820403
0.060 2.800877
0.070 1.720474
0.080 -2.666282
0.090 -0.748111
0.100 0.117325
0.110 2.916607
0.120 0.875807
0.130 3.285050
0.140 1.317498
0.150 0.546533
0.160 0.857296
0.170 2.198813
0.180 0.182510
0.190 1.192322
0.200 0.229491
0.210 1.234255
0.220 -1.498749
0.230 0.692951
0.240 1.506019
0.250 1.623929
0.260 0.579339
0.270 -2.433454
0.280 1.184592
0.290 0.473253
0.300 -1.385172
0.310 2.485406
0.320 -1.748265
0.330 0.964224
0.340 0.667257
0.350 -0.414408
0.360 2.358499
0.370 1.405990
0.380 -0.246297
0.390 -0.300137
0.400 -0.163944
0.410 1.170488
0.420 0.771452
0.430 0.261930
0.440 -0.094714
0.450 -1.985667
0.460 1.173551
0.470 -0.089390
0.480 1.985530
0.490 -0.390731
0.500 -1.640711
0.510 1.086140
0.520 1.772550
0.530 1.127450
0.540 0.561286
0.550 0.181544
0.560 0.386078
0.570 0.055672
0.580 2.379152
0.590 0.596715
0.600 0.654545
0.610 0.345338
0.620 -0.372150
0.630 0.135405
0.640 1.570838
0.650 -1.768242
0.660 -0.041764
0.670 -0.131088
0.680 -3.053782
0.690 -1.834935
0.700 -1.595827
0.710 -0.187919
0.720 0.283884
0.730 -1.528356
0.740 2.912925
0.750 4.104579
0.760 0.593072
0.770 -1.300244
0.780 2.888894
0.790 -0.719478
0.800 -1.688235
0.810 0.332902
0.820 0.125617
0.830 1.637769
0.840 -1.418726
0.850 1.163937
0.860 2.177205
0.870 1.191991
0.880 -1.168873
0.890 -0.573488
0.900 1.520960
0.910 1.905473
0.920 -2.353927
0.930 -1.557219
0.940 -1.948846
0.950 4.789509
0.960 2.745135
0.970 0.907363
0.980 -1.173222
0.990 -1.083879
