0.000 -0.986886
0.010 3.698306
0.020 -1.225917
0.030 -0.828902
0.040 1.680255
0.050 1.476600
0.060 -0.790786
0.070 -0.785908
0.080 0.953779
0.090 2.880616
0.100 -1.529513
0.110 -0.412671
0.120 0.713477
0.130 -0.463455
0.140 1.710611
0.150 -0.060836
0.160 -0.239436
0.170 -0.687208
0.180 -1.119153
0.190 -2.123476
0.200 0.632345
0.210 -2.468325
0.220 -1.472986
0.230 3.985453
0.240 -0.835690
0.250 0.549659
0.260 0.990016
0.270 -2.685474
0.280 -0.652335
0.290 -1.326080
0.300 -1.720482
0.310 -1.080348
0.320 0.308109
0.330 -1.100837
0.340 -1.556726
0.350 -0.877363
0.360 -1.575213
0.370 -1.678254
0.380 -2.593560
0.390 -0.524316
0.400 -1.604081
0.410 -0.512497
0.420 1.345183
0.430 1.574349
0.440 -1.669050
0.450 -1.191671
0.460 -0.658556
0.470 1.127595
0.480 -1.257523
0.490 -0.214943
0.500 0.562589
0.510 -0.139195
0.520 0.893695
0.530 -2.963210
0.540 -1.348383
0.550 -1.336397
0.560 -1.232764
0.570 -1.964917
0.580 0.839683
0.590 2.299977
0.600 1.889280
0.610 -0.837621
0.620 -1.576006
0.630 0.488237
0.640 -1.013299
0.650 1.580608
0.660 2.432800
0.670 -3.514787
0.680 2.211712
0.690 -0.337009
0.700 -0.870810
0.710 -1.516052
0.720 -1.105877
0.730 1.263085
0.740 -0.608053
0.750 -0.438689
0.760 1.550790
0.770 1.700432
0.780 1.672132
0.790 0.918681
0.800 -0.716482
0.810 1.951092
0.820 -3.803399
0.830 -0.795728
0.840 1.050530
0.850 1.668110
0.860 1.001033
0.870 -1.582892
0.880 -1.663070
0.890 0.700806
0.900 -0.745090
0.910 -1.178258
0.920 0.358440
0.930 -0.942403
0.940 1.033967
0.950 1.602984
0.960 0.950758
0.970 -3.878637
0.980 -1.542985
0.990 3.255997
