0.000 1.024112
0.010 -0.705174
0.020 0.642037
0.030 1.085538
0.040 -1.099899
0.050 0.438695
0.060 2.896166
0.070 -0.362708
0.080 -0.724898
0.090 -1.394680
0.100 -1.288418
0.110 -0.560296
0.120 -0.664890
0.130 -0.820651
0.140 -0.542639
0.150 0.742247
0.160 -1.310915
0.170 -4.342156
0.180 -0.013790
0.190 2.966796
0.200 1.788850
0.210 -0.827346
0.220 -0.728826
0.230 3.922935
0.240 -2.910349
0.250 -0.974919
0.260 -1.544558
0.270 3.841809
0.280 -0.258498
0.290 -1.596692
0.300 -1.568543
0.310 -1.466842
0.320 -1.031603
0.330 1.336641
0.340 -2.423678
0.350 1.662240
0.360 -0.651867
0.370 -0.750852
0.380 -2.933836
0.390 2.992699
0.400 -3.097695
0.410 -0.613255
0.420 -2.635236
0.430 0.905867
0.440 -3.352739
0.450 -1.015681
0.460 0.006957
0.470 3.508141
0.480 -0.816437
0.490 0.418442
0.500 0.495465
0.510 -0.532945
0.520 -3.178426
0.530 1.249519
0.540 -2.055559
0.550 -4.359086
0.560 1.215375
0.570 -2.353343
0.580 3.306114
0.590 -1.426711
0.600 2.588608
0.610 0.896887
0.620 0.562877
0.630 -0.053758
0.640 4.699283
0.650 2.894871
0.660 -3.845613
0.670 0.083190
0.680 -1.919918
0.690 2.450449
0.700 -1.765884
0.710 2.354619
0.720 -2.065763
0.730 -0.601499
0.740 1.282628
0.750 3.668805
0.760 1.480595
0.770 0.797560
0.780 -0.081176
0.790 -2.124039
0.800 -1.914245
0.810 -2.309949
0.820 0.314793
0.830 0.328909
0.840 -2.047245
0.850 -1.796128
0.860 -2.886882
0.870 -1.559250
0.880 0.740696
0.890 -0.190131
0.900 -0.744813
0.910 0.111444
0.920 -2.573313
0.930 0.862346
0.940 -2.009773
0.950 0.931594
0.960 -1.281552
0.970 2.131159
0.980 -0.310699
0.990 -1.628074
