0.000 2.567522
0.010 -2.492071
0.020 -0.331532
0.030 0.945544
0.040 1.237768
0.050 0.303254
0.060 2.068518
0.070 1.067277
0.080 3.737455
0.090 2.667453
0.100 1.040902
0.110 0.078058
0.120 0.696988
0.130 2.140270
0.140 0.629212
0.150 -3.400093
0.160 -0.256900
0.170 0.139820
0.180 0.150089
0.190 -1.278319
0.200 -1.808366
0.210 -0.627505
0.220 1.126104
0.230 3.582816
0.240 -0.782842
0.250 -3.238013
0.260 2.030795
0.270 0.432475
0.280 0.640604
0.290 -0.942248
0.300 -2.355430
0.310 0.267971
0.320 -0.399052
0.330 2.711670
0.340 -1.416196
0.350 -0.259913
0.360 0.023514
0.370 -0.136505
0.380 3.062304
0.390 0.378767
0.400 1.884381
0.410 -0.915270
0.420 -1.060884
0.430 -1.199981
0.440 -0.291864
0.450 2.199730
0.460 0.052109
0.470 -0.527606
0.480 5.130831
0.490 2.678106
0.500 -2.675655
0.510 -2.223432
0.520 -0.335774
0.530 -1.600567
0.540 -0.472754
0.550 0.644960
0.560 -0.906241
0.570 -4.488501
0.580 -0.625374
0.590 0.098188
0.600 -0.758919
0.610 -0.037021
0.620 0.616199
0.630 1.353018
0.640 1.216398
0.650 -1.193080
0.660 1.224800
0.670 -1.422312
0.680 3.860147
0.690 1.535767
0.700 -4.271601
0.710 1.687888
0.720 1.028933
0.730 -0.745198
0.740 1.619602
0.750 3.358002
0.760 3.282791
0.770 -0.590042
0.780 2.008922
0.790 0.123097
0.800 -1.163299
0.810 -0.530730
0.820 -0.496488
0.830 1.203998
0.840 2.354348
0.850 -2.381490
0.860 -0.191139
0.870 2.319302
0.880 0.249479
0.890 1.719722
0.900 0.943199
0.910 1.723690
0.920 -1.124057
0.930 -0.372041
0.940 2.705349
0.950 0.681225
0.960 -0.782324
0.970 -0.327529
0.980 0.477756
0.990 2.891592
