0.000 0.346332
0.010 -1.647000
0.020 -1.493035
0.030 0.666031
0.040 0.367039
0.050 -2.776823
0.060 0.643995
0.070 2.160166
0.080 1.376754
0.090 2.538489
0.100 0.479182
0.110 -2.499014
0.120 1.127288
0.130 1.538068
0.140 -0.525385
0.150 0.091599
0.160 1.643703
0.170 2.569654
0.180 1.867180
0.190 -0.196639
0.200 3.593664
0.210 2.430241
0.220 -0.197710
0.230 -2.200830
0.240 -1.522119
0.250 -2.445861
0.260 3.523109
0.270 -0.383247
0.280 1.695105
0.290 -0.832458
0.300 1.859738
0.310 -1.465410
0.320 -0.457562
0.330 0.681377
0.340 1.032303
0.350 -0.887854
0.360 -0.437695
0.370 -0.361485
0.380 -0.408983
0.390 1.529436
0.400 0.808453
0.410 -0.046807
0.420 -1.347948
0.430 -0.219404
0.440 -1.291280
0.450 1.769261
0.460 -0.834565
0.470 1.830569
0.480 0.853528
0.490 -0.923756
0.500 -0.997407
0.510 0.205636
0.520 1.199769
0.530 -3.731745
0.540 0.311494
0.550 -0.788574
0.560 -0.939315
0.570 2.008492
0.580 3.293433
0.590 -1.243952
0.600 -0.110602
0.610 1.931917
0.620 0.100195
0.630 -1.070107
0.640 0.605333
0.650 3.235031
0.660 0.387104
0.670 -1.600796
0.680 1.538880
0.690 -0.634519
0.700 -1.397098
0.710 -1.115604
0.720 -1.070402
0.730 3.360017
0.740 -3.687735
0.750 0.541510
0.760 -0.494261
0.770 -2.261686
0.780 2.355715
0.790 0.124330
0.800 2.523147
0.810 1.766963
0.820 -0.340102
0.830 1.527140
0.840 -2.537145
0.850 -0.149151
0.860 0.205140
0.870 -1.761480
0.880 0.184274
0.890 1.275974
0.900 -0.118611
0.910 1.665132
0.920 1.694207
0.930 0.914226
0.940 2.009641
0.950 2.187858
0.960 -1.625050
0.970 -2.297194
0.980 1.131367
0.990 0.168315
