0.000 0.736602
0.010 -1.849726
0.020 1.333821
0.030 -0.712405
0.040 -0.267253
0.050 -2.098468
0.060 0.578702
0.070 0.038565
0.080 -0.450190
0.090 3.175313
0.100 0.890328
0.110 4.996825
0.120 2.204176
0.130 0.354409
0.140 0.164358
0.150 0.433449
0.160 -0.635110
0.170 0.082279
0.180 -0.593424
0.190 0.213055
0.200 2.974157
0.210 -3.258551
0.220 0.994034
0.230 -1.199234
0.240 1.494799
0.250 2.947685
0.260 1.561234
0.270 -1.830514
0.280 0.192794
0.290 1.830897
0.300 -2.827057
0.310 2.024552
0.320 -0.621735
0.330 -1.387129
0.340 2.269280
0.350 -1.454675
0.360 1.426147
0.370 -0.690710
0.380 0.793239
0.390 -1.983121
0.400 0.334169
0.410 1.026904
0.420 -0.522485
0.430 2.523933
0.440 -0.104261
0.450 0.302906
0.460 3.720569
0.470 0.004227
0.480 -1.626873
0.490 -0.335595
0.500 3.123410
0.510 -0.850392
0.520 -0.342705
0.530 1.576388
0.540 -0.735931
0.550 1.367649
0.560 1.111239
0.570 0.659492
0.580 -1.594551
0.590 2.516658
0.600 -2.265438
0.610 -1.902279
0.620 -3.266466
0.630 3.471472
0.640 0.175580
0.650 -0.369102
0.660 -0.533525
0.670 -1.047995
0.680 0.311625
0.690 0.292433
0.700 1.799257
0.710 -1.421193
0.720 -2.266982
0.730 2.395319
0.740 2.581056
0.750 0.524381
0.760 1.836781
0.770 1.123016
0.780 0.259197
0.790 -4.329136
0.800 -0.169041
0.810 2.398496
0.820 1.746526
0.830 1.546053
0.840 1.847500
0.850 -3.048929
0.860 0.897011
0.870 1.337673
0.880 -1.166340
0.890 3.574651
0.900 -2.131853
0.910 -1.350393
0.920 -0.666284
0.930 1.865840
0.940 0.439551
0.950 0.862877
0.960 -1.529795
0.970 1.113518
0.980 0.791643
0.990 -0.483764
