0.000 -0.530028
0.010 -1.596403
0.020 0.904430
0.030 -1.986432
0.040 3.854016
0.050 2.842102
0.060 0.773809
0.070 3.807503
0.080 1.221968
0.090 -0.872854
0.100 -0.619662
0.110 -0.875466
0.120 3.520292
0.130 1.659831
0.140 -3.571487
0.150 -2.006891
0.160 1.571732
0.170 1.025578
0.180 0.020501
0.190 -1.571982
0.200 -0.470641
0.210 0.159276
0.220 -4.289121
0.230 0.494803
0.240 3.161201
0.250 -0.743249
0.260 -4.516349
0.270 0.475905
0.280 0.985290
0.290 0.393941
0.300 3.331627
0.310 -1.172194
0.320 1.601626
0.330 2.288799
0.340 0.187029
0.350 0.446073
0.360 -0.348305
0.370 0.260149
0.380 -0.995512
0.390 -0.325000
0.400 -1.843021
0.410 0.823312
0.420 0.461994
0.430 1.464859
0.440 0.013740
0.450 0.773323
0.460 -2.019263
0.470 -1.770554
0.480 -1.037520
0.490 1.082744
0.500 1.363495
0.510 -0.366678
0.520 2.709043
0.530 -2.040991
0.540 0.918041
0.550 2.491955
0.560 3.653315
0.570 0.150671
0.580 -1.024037
0.590 -0.088138
0.600 -0.640268
0.610 2.172351
0.620 2.807420
0.630 1.541346
0.640 1.049256
0.650 4.016373
0.660 0.233170
0.670 0.956345
0.680 -0.812819
0.690 -2.888353
0.700 -1.565371
0.710 -0.748776
0.720 -1.060693
0.730 0.824089
0.740 0.274831
0.750 0.112929
0.760 1.500323
0.770 2.922862
0.780 1.958209
0.790 -0.895590
0.800 -2.506709
0.810 -3.066117
0.820 -1.109780
0.830 1.749777
0.840 -0.270849
0.850 0.606475
0.860 0.987921
0.870 2.356457
0.880 1.032561
0.890 -0.028336
0.900 -1.242008
0.910 0.715815
0.920 -1.550828
0.930 -0.777634
0.940 2.301707
0.950 -0.416388
0.960 1.679189
0.970 -0.771772
0.980 -1.047413
0.990 -0.592955
