0.000 -1.505663
0.010 -1.892747
0.020 1.320435
0.030 2.965917
0.040 -2.891455
0.050 2.903049
0.060 3.086900
0.070 -3.538222
0.080 -2.981527
0.090 -0.812322
0.100 -1.219807
0.110 -1.916609
0.120 0.458446
0.130 -2.343690
0.140 0.721323
0.150 2.164568
0.160 1.202396
0.170 0.527014
0.180 0.393438
0.190 -1.046951
0.200 0.416119
0.210 -2.938713
0.220 1.232647
0.230 -1.477945
0.240 0.648191
0.250 1.703957
0.260 -0.158388
0.270 -0.061799
0.280 0.380234
0.290 2.001708
0.300 0.329951
0.310 -1.182496
0.320 0.243909
0.330 1.572995
0.340 2.168678
0.350 1.158064
0.360 0.052770
0.370 1.621441
0.380 -0.538398
0.390 -1.643015
0.400 1.096477
0.410 0.232804
0.420 0.358897
0.430 -2.171164
0.440 -0.132811
0.450 -2.056705
0.460 1.834314
0.470 0.079691
0.480 1.524146
0.490 -2.251333
0.500 -1.156396
0.510 -1.343097
0.520 1.529169
0.530 0.209587
0.540 -1.000382
0.550 -1.496596
0.560 2.567393
0.570 1.716450
0.580 0.373066
0.590 -0.994764
0.600 2.304487
0.610 1.947906
0.620 0.826262
0.630 0.603485
0.640 -3.437186
0.650 0.729796
0.660 0.073103
0.670 -0.616047
0.680 -0.374875
0.690 -0.001758
0.700 1.545440
0.710 -0.285942
0.720 1.626949
0.730 -1.549639
0.740 0.214152
0.750 0.074069
0.760 -4.168034
0.770 2.605505
0.780 0.820897
0.790 -0.041747
0.800 -0.079106
0.810 2.505845
0.820 -1.927854
0.830 1.831219
0.840 2.588315
0.850 0.560805
0.860 1.973943
0.870 1.171067
0.880 -2.507360
0.890 -1.342805
0.900 0.925076
0.910 0.001905
0.920 -0.533543
0.930 -1.321833
0.940 0.763892
0.950 1.338521
0.960 -2.940704
0.970 1.132811
0.980 -1.290800
0.990 -0.146454
