0.000 0.320400
0.010 -0.385566
0.020 0.211782
0.030 0.052631
0.040 -2.162027
0.050 -1.541957
0.060 -1.789662
0.070 2.465785
0.080 1.119334
0.090 4.244756
0.100 -1.019913
0.110 2.314435
0.120 3.172824
0.130 2.641354
0.140 -1.666592
0.150 -4.109881
0.160 0.543617
0.170 1.321825
0.180 -0.815729
0.190 -0.868464
0.200 2.679617
0.210 -1.879082
0.220 -0.468732
0.230 -0.766044
0.240 0.423098
0.250 1.382328
0.260 -1.343006
0.270 -0.493253
0.280 0.033368
0.290 0.215719
0.300 3.057942
0.310 -1.815227
0.320 1.184294
0.330 0.904397
0.340 0.066103
0.350 0.858342
0.360 1.775765
0.370 -0.484003
0.380 0.002975
0.390 2.481711
0.400 1.754182
0.410 -0.514305
0.420 -2.781433
0.430 -1.373509
0.440 -1.553139
0.450 -0.628878
0.460 1.605850
0.470 0.782971
0.480 2.210385
0.490 0.880149
0.500 3.505486
0.510 -0.129692
0.520 2.452481
0.530 -1.260163
0.540 0.526814
0.550 -0.867964
0.560 -1.544214
0.570 -1.525370
0.580 2.955763
0.590 -0.567264
0.600 1.487403
0.610 -2.789691
0.620 1.073859
0.630 1.061392
0.640 3.010492
0.650 1.516508
0.660 1.588899
0.670 -1.448903
0.680 1.355803
0.690 -0.983118
0.700 -1.992309
0.710 2.046051
0.720 -0.365465
0.730 -1.626158
0.740 -3.635124
0.750 3.187903
0.760 0.712870
0.770 2.212852
0.780 2.124650
0.790 2.367448
0.800 1.020461
0.810 -1.969974
0.820 0.879609
0.830 -2.634089
0.840 -1.237905
0.850 -1.770149
0.860 0.397013
0.870 -1.111710
0.880 1.047886
0.890 -0.956332
0.900 0.133132
0.910 -0.436275
0.920 3.496365
0.930 2.418567
0.940 -1.673195
0.950 0.771898
0.960 -2.086482
0.970 -2.621947
0.980 -0.622337
0.990 1.794205
