0.000 -1.783951
0.010 0.270302
0.020 -2.959026
0.030 -0.373982
0.040 0.588996
0.050 1.581788
0.060 0.928517
0.070 -3.203317
0.080 -0.598447
0.090 -2.321641
0.100 1.607453
0.110 0.871933
0.120 0.506583
0.130 1.909535
0.140 0.284032
0.150 -0.162968
0.160 2.298734
0.170 0.442598
0.180 2.424153
0.190 3.460167
0.200 -1.020095
0.210 4.254478
0.220 0.537722
0.230 -0.273824
0.240 2.388864
0.250 3.939891
0.260 1.802548
0.270 -1.627558
0.280 -2.440669
0.290 -1.132188
0.300 3.348552
0.310 -0.399786
0.320 -1.256593
0.330 0.345741
0.340 1.591425
0.350 3.139166
0.360 0.512396
0.370 0.158251
0.380 -1.013148
0.390 -0.887280
0.400 0.289794
0.410 1.970494
0.420 -0.773387
0.430 -1.313871
0.440 -1.176850
0.450 -0.246075
0.460 0.690722
0.470 -1.045145
0.480 -1.372022
0.490 -0.496952
0.500 -0.458496
0.510 -0.155198
0.520 0.763389
0.530 -1.335525
0.540 0.322312
0.550 2.211013
0.560 0.452847
0.570 0.738472
0.580 2.507664
0.590 1.076165
0.600 -1.796497
0.610 -1.151017
0.620 -2.313028
0.630 -0.797628
0.640 2.037113
0.650 0.098239
0.660 0.682256
0.670 -1.426920
0.680 -1.637761
0.690 0.301499
0.700 0.139853
0.710 -0.552123
0.720 1.309155
0.730 -2.993447
0.740 0.379275
0.750 -0.972621
0.760 -0.140667
0.770 1.750590
0.780 0.755906
0.790 -1.721834
0.800 -0.438997
0.810 1.056868
0.820 -0.323305
0.830 -1.574136
0.840 0.247983
0.850 -0.758631
0.860 -0.778855
0.870 -1.342882
0.880 -1.957308
0.890 1.530502
0.900 3.487958
0.910 1.173324
0.920 0.891959
0.930 0.858072
0.940 -2.941438
0.950 -1.140626
0.960 3.261400
0.970 0.969225
0.980 1.401687
0.990 -0.527401
