0.000 -4.024516
0.010 -1.236227
0.020 1.701847
0.030 -0.315194
0.040 -0.507911
0.050 -0.321206
0.060 -1.589458
0.070 0.022873
0.080 1.715027
0.090 -1.801349
0.100 -1.257572
0.110 0.118336
0.120 1.018712
0.130 0.822719
0.140 -2.234839
0.150 0.962456
0.160 1.905527
0.170 3.421602
0.180 0.554946
0.190 1.270303
0.200 0.410183
0.210 0.246096
0.220 -3.136844
0.230 -1.791262
0.240 -0.841757
0.250 1.478861
0.260 -0.341020
0.270 -0.473103
0.280 0.305715
0.290 -2.243014
0.300 -2.772869
0.310 -2.155681
0.320 0.137085
0.330 0.296738
0.340 -2.726934
0.350 2.134726
0.360 0.537320
0.370 -2.555994
0.380 -0.304120
0.390 -1.913449
0.400 1.796172
0.410 -1.528288
0.420 -0.726346
0.430 0.779428
0.440 1.868088
0.450 -3.967942
0.460 -2.136204
0.470 0.508592
0.480 0.060130
0.490 2.949708
0.500 3.433429
0.510 -1.185739
0.520 0.495515
0.530 -0.388595
0.540 -0.004833
0.550 1.024890
0.560 -0.661258
0.570 -1.101182
0.580 -2.039289
0.590 -0.115727
0.600 0.939610
0.610 -3.060352
0.620 0.160750
0.630 1.300210
0.640 -0.039142
0.650 0.565474
0.660 2.030824
0.670 -0.420882
0.680 -1.517837
0.690 -0.052603
0.700 -1.048099
0.710 0.751971
0.720 -0.787153
0.730 1.933476
0.740 0.648827
0.750 -2.189404
0.760 -0.343465
0.770 0.331638
0.780 -0.241941
0.790 -0.134149
0.800 2.741906
0.810 1.517477
0.820 -0.150121
0.830 0.509499
0.840 -0.574686
0.850 1.690132
0.860 -0.023184
0.870 0.033448
0.880 -0.699005
0.890 -1.726454
0.900 -0.113269
0.910 -0.441436
0.920 2.884096
0.930 1.997900
0.940 -0.048021
0.950 -0.296904
0.960 0.081530
0.970 -2.317155
0.980 -0.612111
0.990 0.977754
