0.000 -1.873689
0.010 1.156708
0.020 0.410641
0.030 -1.060436
0.040 0.122474
0.050 -1.977811
0.060 0.623685
0.070 -4.761941
0.080 -0.501456
0.090 0.307394
0.100 1.190765
0.110 1.052533
0.120 -0.512958
0.130 1.526474
0.140 0.165494
0.150 -2.025079
0.160 1.513937
0.170 -0.772892
0.180 0.603656
0.190 1.880850
0.200 1.628045
0.210 1.198763
0.220 -1.623152
0.230 0.653001
0.240 1.152209
0.250 2.931879
0.260 -0.018187
0.270 1.753524
0.280 1.215455
0.290 2.301543
0.300 0.577793
0.310 -2.551568
0.320 0.642153
0.330 -0.072329
0.340 -2.689228
0.350 -1.053422
0.360 3.289569
0.370 0.592010
0.380 0.038974
0.390 -0.976044
0.400 -0.770527
0.410 1.310774
0.420 4.147325
0.430 0.960048
0.440 1.434321
0.450 -0.259955
0.460 0.129581
0.470 1.622085
0.480 0.004555
0.490 0.690894
0.500 2.615652
0.510 1.337313
0.520 -1.749150
0.530 -2.700297
0.540 -0.851545
0.550 -4.300516
0.560 -1.504494
0.570 2.320931
0.580 2.338386
0.590 0.831755
0.600 -0.716477
0.610 -1.294180
0.620 2.121336
0.630 0.637493
0.640 -0.297053
0.650 0.674154
0.660 0.662574
0.670 -0.742078
0.680 -0.731167
0.690 0.297587
0.700 0.902066
0.710 -0.373538
0.720 -1.176854
0.730 1.960078
0.740 -1.006223
0.750 -1.942335
0.760 1.609292
0.770 -1.281706
0.780 3.909173
0.790 1.391846
0.800 -0.935583
0.810 0.252477
0.820 0.399596
0.830 1.413440
0.840 -3.089082
0.850 0.908985
0.860 -0.984689
0.870 0.880030
0.880 -0.414380
0.890 -2.084775
0.900 0.922187
0.910 1.249320
0.920 -0.987793
0.930 1.607208
0.940 1.735255
0.950 1.471673
0.960 0.447250
0.970 -0.336458
0.980 -1.122038
0.990 1.874909
