0.000 1.204861
0.010 -1.358895
0.020 -0.729234
0.030 2.534020
0.040 1.004859
0.050 -1.482434
0.060 0.219440
0.070 0.205371
0.080 0.954166
0.090 2.546949
0.100 -0.296382
0.110 1.496922
0.120 -0.185592
0.130 0.189428
0.140 -0.737648
0.150 -0.154461
0.160 1.195827
0.170 -0.539871
0.180 0.908836
0.190 2.570591
0.200 0.844150
0.210 -0.428959
0.220 0.354618
0.230 1.641815
0.240 0.834885
0.250 -0.593513
0.260 -0.589053
0.270 2.973428
0.280 0.342408
0.290 0.017422
0.300 -1.404261
0.310 1.901500
0.320 2.015836
0.330 2.243922
0.340 2.510818
0.350 1.276018
0.360 0.538074
0.370 2.287044
0.380 -1.007415
0.390 -1.015346
0.400 1.104560
0.410 0.817616
0.420 -0.263522
0.430 1.340197
0.440 -1.635746
0.450 0.857015
0.460 0.005606
0.470 0.483868
0.480 1.926386
0.490 0.268991
0.500 0.669092
0.510 0.243882
0.520 -1.593034
0.530 -1.057125
0.540 -0.294817
0.550 2.588711
0.560 -2.656110
0.570 -1.201542
0.580 2.038693
0.590 -0.697818
0.600 0.653844
0.610 -1.093019
0.620 0.041508
0.630 0.873889
0.640 -0.946974
0.650 1.841063
0.660 -2.625240
0.670 -1.345007
0.680 1.316800
0.690 1.311125
0.700 0.234838
0.710 1.463444
0.720 1.741174
0.730 -1.359306
0.740 -0.151298
0.750 -2.344926
0.760 1.046364
0.770 -1.730360
0.780 3.049892
0.790 0.976085
0.800 -3.536111
0.810 -0.254548
0.820 1.055468
0.830 0.498860
0.840 -2.128331
0.850 2.786068
0.860 -2.062802
0.870 -0.816313
0.880 -1.767832
0.890 -2.182212
0.900 1.289372
0.910 -2.153597
0.920 1.530760
0.930 -1.243967
0.940 -0.546955
0.950 -0.156387
0.960 2.119687
0.970 0.569076
0.980 0.644406
0.990 -1.579450
