0.000 1.407783
0.010 -2.977061
0.020 1.026532
0.030 -0.314826
0.040 -2.614239
0.050 1.257710
0.060 -0.674923
0.070 -0.770841
0.080 -0.423138
0.090 -0.231530
0.100 1.666637
0.110 -2.000948
0.120 1.639364
0.130 1.644328
0.140 2.932487
0.150 -0.528179
0.160 2.351680
0.170 0.703996
0.180 -1.460421
0.190 1.618546
0.200 3.261588
0.210 1.403954
0.220 2.182881
0.230 1.377031
0.240 -0.458018
0.250 -1.966556
0.260 -1.190282
0.270 2.089448
0.280 -0.952597
0.290 4.840803
0.300 0.070787
0.310 0.445380
0.320 0.486793
0.330 -2.028803
0.340 -1.303028
0.350 1.184151
0.360 0.146652
0.370 -0.865551
0.380 0.483162
0.390 -0.651490
0.400 1.696407
0.410 0.921687
0.420 2.211099
0.430 0.193102
0.440 -1.243777
0.450 -1.472510
0.460 1.413737
0.470 1.122284
0.480 2.620355
0.490 -1.277226
0.500 -1.393000
0.510 1.489932
0.520 0.939926
0.530 0.956785
0.540 0.509696
0.550 -2.267006
0.560 -0.470542
0.570 0.365050
0.580 0.377284
0.590 2.138938
0.600 0.555608
0.610 0.451781
0.620 0.420644
0.630 -3.249483
0.640 0.728682
0.650 1.514311
0.660 -0.076950
0.670 0.777730
0.680 -3.497184
0.690 -0.715856
0.700 0.056120
0.710 -2.436835
0.720 0.836224
0.730 -0.463762
0.740 2.810849
0.750 1.365110
0.760 -0.736728
0.770 3.566423
0.780 3.660020
0.790 -0.693293
0.800 0.114481
0.810 -0.945101
0.820 0.952870
0.830 1.685039
0.840 -0.941782
0.850 -1.887608
0.860 -2.736455
0.870 -0.466422
0.880 -1.618993
0.890 -2.615414
0.900 -2.344628
0.910 -2.153758
0.920 -0.222147
0.930 -1.964276
0.940 -0.930133
0.950 -1.027086
0.960 -0.967002
0.970 0.662127
0.980 1.561754
0.990 2.283635
