0.000 2.852762
0.010 1.154710
0.020 -1.146609
0.030 -0.031161
0.040 -1.136066
0.050 -1.352732
0.060 0.646859
0.070 1.164803
0.080 4.371243
0.090 -1.043388
0.100 -3.102340
0.110 -0.481972
0.120 -0.893407
0.130 -0.937579
0.140 -1.159601
0.150 -3.344300
0.160 2.323645
0.170 0.501043
0.180 -1.641434
0.190 2.161596
0.200 1.275516
0.210 2.539175
0.220 0.397451
0.230 4.258534
0.240 -0.449293
0.250 -0.192213
0.260 -2.185274
0.270 0.288077
0.280 2.463524
0.290 -4.094820
0.300 2.055512
0.310 -0.691914
0.320 1.016072
0.330 -1.283693
0.340 -1.925296
0.350 -1.611386
0.360 2.808248
0.370 0.603667
0.380 -3.847096
0.390 0.429189
0.400 2.435565
0.410 -0.180410
0.420 -0.232375
0.430 -3.512546
0.440 -3.065043
0.450 3.793268
0.460 6.533398
0.470 0.220962
0.480 0.362541
0.490 -2.230006
0.500 -0.099857
0.510 -0.167645
0.520 1.382904
0.530 -1.794682
0.540 -1.272169
0.550 0.625574
0.560 -1.469475
0.570 1.610831
0.580 -1.309070
0.590 -0.362334
0.600 -0.078562
0.610 -0.903966
0.620 0.822693
0.630 0.313111
0.640 -0.025364
0.650 -1.322053
0.660 -1.418885
0.670 -1.014322
0.680 1.483065
0.690 -2.591764
0.700 1.718971
0.710 -2.014405
0.720 1.170736
0.730 0.722955
0.740 -2.943422
0.750 1.388148
0.760 0.794811
0.770 -0.088676
0.780 -1.265900
0.790 4.292338
0.800 -3.595029
0.810 -1.778559
0.820 3.711879
0.830 -1.590623
0.840 4.043755
0.850 3.272778
0.860 1.807858
0.870 0.763968
0.880 -1.508298
0.890 1.272643
0.900 1.778359
0.910 -1.511448
0.920 -2.152946
0.930 1.507479
0.940 0.366965
0.950 -3.763542
0.960 1.316303
0.970 1.991491
0.980 0.838957
0.990 -1.633745
