0.000 -0.694584
0.010 1.630221
0.020 0.351543
0.030 1.132466
0.040 -1.457346
0.050 -3.249582
0.060 1.709039
0.070 0.188633
0.080 2.277256
0.090 -1.526240
0.100 -3.496749
0.110 -2.679112
0.120 0.430940
0.130 -1.365065
0.140 -0.611168
0.150 -1.178672
0.160 1.409660
0.170 -1.200863
0.180 0.458098
0.190 0.191067
0.200 4.279606
0.210 0.184305
0.220 0.670166
0.230 -2.928283
0.240 1.162833
0.250 0.855167
0.260 -1.215733
0.270 -2.675552
0.280 4.056666
0.290 1.943775
0.300 -1.473130
0.310 -2.913995
0.320 -2.179214
0.330 1.544983
0.340 0.638676
0.350 -0.719683
0.360 -3.514157
0.370 -0.383482
0.380 -0.828566
0.390 2.677569
0.400 2.012187
0.410 1.179921
0.420 3.010791
0.430 -0.517692
0.440 -0.103013
0.450 0.971390
0.460 1.993670
0.470 1.432462
0.480 -3.029171
0.490 -2.469559
0.500 -0.593673
0.510 -1.502328
0.520 -2.261290
0.530 0.732999
0.540 -2.332365
0.550 3.067384
0.560 -0.175066
0.570 -0.185380
0.580 -1.121082
0.590 0.009024
0.600 -0.179225
0.610 0.179871
0.620 0.833571
0.630 -1.960288
0.640 1.569167
0.650 -1.500213
0.660 3.386577
0.670 -1.895303
0.680 0.277926
0.690 0.533181
0.700 -1.179816
0.710 0.703413
0.720 -2.258061
0.730 -2.910652
0.740 3.618869
0.750 -1.159091
0.760 1.308782
0.770 -0.643693
0.780 -0.831278
0.790 0.145303
0.800 0.526145
0.810 -2.105772
0.820 -0.882891
0.830 0.372091
0.840 0.250564
0.850 1.799267
0.860 0.185447
0.870 -1.257199
0.880 1.267645
0.890 -1.707009
0.900 0.804622
0.910 -1.334691
0.920 0.897933
0.930 -3.001959
0.940 0.866153
0.950 -1.079495
0.960 -0.262886
0.970 1.670312
0.980 2.729667
0.990 4.792630
