0.000 0.301069
0.010 -0.020002
0.020 0.545809
0.030 0.796041
0.040 -4.341660
0.050 -0.743783
0.060 -2.006265
0.070 -2.196565
0.080 0.640136
0.090 -1.033163
0.100 -1.120960
0.110 1.707714
0.120 -0.320742
0.130 0.132825
0.140 1.124722
0.150 -0.679664
0.160 0.145199
0.170 -1.447663
0.180 2.779766
0.190 2.608056
0.200 -0.206855
0.210 -0.709339
0.220 1.518765
0.230 -2.731877
0.240 -5.177342
0.250 -0.208404
0.260 -0.613384
0.270 0.468719
0.280 -0.684835
0.290 -0.533890
0.300 2.724569
0.310 1.060887
0.320 6.018814
0.330 -1.161052
0.340 1.013508
0.350 0.864918
0.360 -1.198411
0.370 2.651377
0.380 -0.760605
0.390 -1.860025
0.400 0.137845
0.410 0.664680
0.420 0.598733
0.430 -0.274770
0.440 0.464383
0.450 -5.536621
0.460 0.202939
0.470 -1.535304
0.480 -1.021779
0.490 -0.703076
0.500 -0.343773
0.510 -0.351131
0.520 -1.282032
0.530 -0.339149
0.540 1.895636
0.550 2.485995
0.560 1.123307
0.570 2.608038
0.580 0.445410
0.590 0.874046
0.600 -0.957566
0.610 0.621995
0.620 0.475672
0.630 -2.582081
0.640 0.431881
0.650 1.497617
0.660 -0.032707
0.670 0.686297
0.680 2.354748
0.690 1.613446
0.700 -1.924875
0.710 1.085144
0.720 -1.748036
0.730 -1.180404
0.740 -0.754930
0.750 1.885453
0.760 1.837318
0.770 0.237784
0.780 0.010884
0.790 -2.019113
0.800 0.334035
0.810 0.758779
0.820 -0.021130
0.830 -2.639421
0.840 0.362569
0.850 1.487643
0.860 0.921261
0.870 -1.060971
0.880 -1.978730
0.890 -2.969491
0.900 -0.469585
0.910 -0.512981
0.920 0.666550
0.930 -0.786298
0.940 2.996218
0.950 -2.336689
0.960 -2.960649
0.970 3.221759
0.980 2.943942
0.990 -1.602238
