0.000 -1.277818
0.010 0.771973
0.020 -0.727920
0.030 2.262848
0.040 1.582944
0.050 -1.580137
0.060 -0.712245
0.070 0.316077
0.080 -0.324510
0.090 0.578647
0.100 -2.512807
0.110 -0.153390
0.120 0.541305
0.130 -0.447703
0.140 0.501899
0.150 0.013236
0.160 2.249320
0.170 0.826324
0.180 -1.944718
0.190 -1.011065
0.200 -1.434097
0.210 0.091882
0.220 2.233000
0.230 -0.530318
0.240 -0.490635
0.250 -0.452599
0.260 0.564020
0.270 -3.163079
0.280 2.622171
0.290 0.626876
0.300 -0.745779
0.310 -1.105937
0.320 1.206801
0.330 -1.142438
0.340 1.358949
0.350 -3.299928
0.360 1.748273
0.370 -1.376386
0.380 -0.331200
0.390 1.915515
0.400 2.292957
0.410 0.263511
0.420 0.615735
0.430 -2.581973
0.440 3.215817
0.450 0.044144
0.460 -0.328477
0.470 -1.753807
0.480 1.012665
0.490 -1.338615
0.500 2.577408
0.510 -0.668070
0.520 1.807184
0.530 0.159527
0.540 -0.933394
0.550 -0.628831
0.560 0.958000
0.570 -1.105979
0.580 0.071733
0.590 1.502442
0.600 2.562846
0.610 3.651404
0.620 -1.334920
0.630 -0.990423
0.640 0.921652
0.650 6.287476
0.660 1.591665
0.670 -2.496006
0.680 1.164313
0.690 0.265591
0.700 -1.173401
0.710 -0.417158
0.720 1.107207
0.730 -0.033795
0.740 -1.509130
0.750 -0.882931
0.760 0.363325
0.770 2.641352
0.780 0.764516
0.790 2.062859
0.800 1.259893
0.810 -3.940017
0.820 2.075493
0.830 0.799821
0.840 1.965335
0.850 2.497578
0.860 0.289549
0.870 1.723173
0.880 -1.869437
0.890 1.718421
0.900 1.327262
0.910 -0.286659
0.920 -1.767062
0.930 0.396181
0.940 -0.025675
0.950 1.279975
0.960 -0.199730
0.970 -0.774442
0.980 -0.575954
0.990 1.598086
