0.000 -0.993592
0.010 1.346377
0.020 1.010700
0.030 -0.680426
0.040 0.783367
0.050 -2.740166
0.060 0.165326
0.070 1.515417
0.080 -1.868050
0.090 -0.241270
0.100 -3.661504
0.110 -1.232815
0.120 2.194072
0.130 0.240105
0.140 0.768049
0.150 2.037222
0.160 1.080494
0.170 1.629149
0.180 -0.455221
0.190 -0.854243
0.200 -0.511136
0.210 2.033648
0.220 0.646070
0.230 -0.145512
0.240 -0.181482
0.250 3.487964
0.260 -2.211360
0.270 0.072148
0.280 2.518157
0.290 -3.073857
0.300 1.562917
0.310 -1.230840
0.320 2.284476
0.330 -0.977795
0.340 -0.108175
0.350 -0.732812
0.360 1.157070
0.370 -1.634288
0.380 -0.756750
0.390 -3.710947
0.400 2.699223
0.410 -0.125839
0.420 0.328706
0.430 1.915267
0.440 -0.329245
0.450 -2.677821
0.460 1.764013
0.470 -0.567028
0.480 -2.859298
0.490 0.528536
0.500 0.571406
0.510 -1.512684
0.520 -2.087654
0.530 -0.568527
0.540 0.613577
0.550 1.899611
0.560 3.928161
0.570 -0.143194
0.580 2.394041
0.590 1.453754
0.600 1.329669
0.610 -1.811308
0.620 -1.175855
0.630 -3.571409
0.640 0.512547
0.650 -0.682925
0.660 1.538968
0.670 -1.991923
0.680 4.394725
0.690 2.267791
0.700 0.017224
0.710 -1.527812
0.720 -0.861304
0.730 2.186875
0.740 0.416742
0.750 -0.101824
0.760 0.096470
0.770 2.617404
0.780 1.315892
0.790 0.486003
0.800 0.256160
0.810 -2.405662
0.820 2.354485
0.830 0.794772
0.840 0.738870
0.850 3.553404
0.860 0.632019
0.870 -4.067872
0.880 1.515006
0.890 1.323050
0.900 0.286287
0.910 -1.262027
0.920 -0.770566
0.930 0.020348
0.940 1.709122
0.950 3.148895
0.960 -1.564085
0.970 2.360841
0.980 0.614224
0.990 -0.126881
