0.000 0.803364
0.010 0.166148
0.020 -0.660347
0.030 1.793276
0.040 0.729836
0.050 -0.716949
0.060 1.160196
0.070 1.125258
0.080 1.204364
0.090 2.846132
0.100 0.587040
0.110 -1.915126
0.120 0.537612
0.130 1.736411
0.140 0.969065
0.150 2.774347
0.160 -0.738008
0.170 0.540767
0.180 -1.116859
0.190 -0.041372
0.200 2.063550
0.210 0.401710
0.220 1.645948
0.230 -0.619434
0.240 1.532701
0.250 0.335172
0.260 -1.267258
0.270 0.788514
0.280 1.625080
0.290 -0.106309
0.300 2.431212
0.310 -1.470033
0.320 -2.099177
0.330 -1.507900
0.340 0.444800
0.350 0.132984
0.360 0.820082
0.370 -2.138793
0.380 -3.111604
0.390 -1.857992
0.400 0.238094
0.410 2.475492
0.420 0.711456
0.430 -1.111060
0.440 -0.939623
0.450 1.300931
0.460 0.342980
0.470 -1.449157
0.480 -0.235206
0.490 0.754361
0.500 -0.233522
0.510 0.570883
0.520 -2.563786
0.530 -0.404345
0.540 -1.766788
0.550 -0.033542
0.560 0.367529
0.570 -1.490306
0.580 -1.642042
0.590 -2.595746
0.600 -1.266157
0.610 1.461285
0.620 -0.587149
0.630 -0.595573
0.640 -2.205286
0.650 1.788884
0.660 0.977232
0.670 1.929587
0.680 -0.733313
0.690 -1.319650
0.700 0.061891
0.710 1.076379
0.720 -0.481842
0.730 2.812668
0.740 3.357094
0.750 3.500638
0.760 -1.556254
0.770 -0.321254
0.780 -0.565497
0.790 -0.488812
0.800 0.129675
0.810 -0.182139
0.820 1.275357
0.830 -0.410226
0.840 0.429430
0.850 0.385335
0.860 2.592706
0.870 0.177726
0.880 -0.052282
0.890 -0.257386
0.900 2.313389
0.910 1.905267
0.920 -1.007374
0.930 5.140536
0.940 4.390102
0.950 0.632912
0.960 -1.474207
0.970 3.393303
0.980 -0.662408
0.990 1.173449
