0.000 -0.027858
0.010 1.157839
0.020 -1.297598
0.030 -0.624519
0.040 0.641557
0.050 -1.709508
0.060 0.488934
0.070 -1.462688
0.080 0.720140
0.090 0.400343
0.100 -1.261505
0.110 2.479209
0.120 -0.031667
0.130 1.902544
0.140 3.123936
0.150 -0.531432
0.160 0.965909
0.170 2.412566
0.180 2.364047
0.190 -4.084575
0.200 3.361705
0.210 0.380416
0.220 -0.223063
0.230 -1.297002
0.240 -1.837485
0.250 -4.139519
0.260 1.523784
0.270 2.650602
0.280 -0.482572
0.290 0.947833
0.300 -1.567966
0.310 -1.324020
0.320 2.966115
0.330 -3.436000
0.340 0.226433
0.350 0.249789
0.360 -1.433644
0.370 -1.482897
0.380 1.205493
0.390 -3.255254
0.400 1.740563
0.410 -0.391477
0.420 -1.484101
0.430 -1.392915
0.440 -1.306414
0.450 -0.778454
0.460 -4.168646
0.470 1.033466
0.480 1.343972
0.490 -1.418350
0.500 0.542181
0.510 1.653581
0.520 -0.692831
0.530 -1.774380
0.540 -1.033291
0.550 0.873798
0.560 1.065832
0.570 2.128346
0.580 -0.958133
0.590 -0.747509
0.600 -0.744247
0.610 -1.202193
0.620 3.924113
0.630 -1.453643
0.640 2.660801
0.650 0.864315
0.660 0.024658
0.670 0.133743
0.680 1.074597
0.690 0.177448
0.700 -0.660207
0.710 -1.955322
0.720 -1.075128
0.730 0.336252
0.740 -0.834038
0.750 2.820913
0.760 0.680664
0.770 -0.650539
0.780 0.171004
0.790 0.331803
0.800 1.935012
0.810 0.574292
0.820 -1.735806
0.830 0.115380
0.840 4.306462
0.850 0.626959
0.860 -0.521680
0.870 0.359275
0.880 -1.026867
0.890 -3.726977
0.900 0.082416
0.910 0.458699
0.920 -0.772053
0.930 3.301773
0.940 -1.026443
0.950 -0.972459
0.960 -1.374866
0.970 -0.412245
0.980 -0.134070
0.990 -0.133962
