0.000 1.267398
0.010 -3.371262
0.020 0.147119
0.030 -0.704118
0.040 0.893824
0.050 -0.443712
0.060 2.122111
0.070 -0.156807
0.080 -0.014135
0.090 0.015179
0.100 2.383159
0.110 0.049884
0.120 -2.401873
0.130 1.832179
0.140 -1.277891
0.150 -0.621319
0.160 -2.404973
0.170 4.124992
0.180 2.239325
0.190 3.030586
0.200 3.296068
0.210 1.092193
0.220 -2.478373
0.230 1.516328
0.240 2.125304
0.250 -1.633839
0.260 0.854315
0.270 -0.675098
0.280 -1.773829
0.290 -0.874934
0.300 0.388178
0.310 1.853199
0.320 3.200888
0.330 1.667473
0.340 -1.423793
0.350 0.894290
0.360 0.602558
0.370 0.003740
0.380 1.757097
0.390 1.880829
0.400 -0.761524
0.410 -1.682319
0.420 -1.026290
0.430 0.023707
0.440 -2.055339
0.450 1.536359
0.460 -0.745584
0.470 2.428881
0.480 3.668895
0.490 0.661439
0.500 -1.402607
0.510 -1.719714
0.520 -2.226354
0.530 -2.945986
0.540 1.684568
0.550 0.286392
0.560 3.182797
0.570 1.513550
0.580 2.760676
0.590 -0.426632
0.600 -2.501579
0.610 1.274564
0.620 1.416135
0.630 0.220482
0.640 -1.104951
0.650 -1.270126
0.660 1.290398
0.670 -1.641064
0.680 -1.123088
0.690 -1.168714
0.700 0.459937
0.710 4.240967
0.720 1.621311
0.730 -2.896646
0.740 -1.257335
0.750 2.304201
0.760 1.242164
0.770 1.409104
0.780 1.840461
0.790 -1.518045
0.800 -2.840209
0.810 -1.939166
0.820 0.053671
0.830 -3.996632
0.840 -1.424402
0.850 0.857197
0.860 0.777562
0.870 1.757288
0.880 2.998967
0.890 -1.432398
0.900 -0.907225
0.910 1.403536
0.920 -1.347458
0.930 0.591682
0.940 1.261725
0.950 -0.924342
0.960 -0.968419
0.970 2.991182
0.980 1.298132
0.990 0.919527
