0.000 2.005691
0.010 2.062864
0.020 -4.007513
0.030 3.003059
0.040 0.106591
0.050 1.356028
0.060 -1.475474
0.070 0.326098
0.080 1.343233
0.090 1.128611
0.100 -1.477177
0.110 2.978892
0.120 -0.278759
0.130 -0.602143
0.140 2.549685
0.150 -1.214472
0.160 3.879755
0.170 -1.352802
0.180 1.293873
0.190 -0.036276
0.200 -1.263956
0.210 -1.643622
0.220 0.837755
0.230 0.621393
0.240 -2.199571
0.250 -0.909117
0.260 -0.293589
0.270 -0.368285
0.280 -1.022657
0.290 2.208369
0.300 3.215588
0.310 1.997395
0.320 2.792302
0.330 0.101996
0.340 -0.647276
0.350 -2.833534
0.360 1.004707
0.370 -1.117945
0.380 1.706075
0.390 0.403637
0.400 -1.343302
0.410 -1.133675
0.420 -0.212913
0.430 1.161905
0.440 -3.192845
0.450 -0.002154
0.460 2.348550
0.470 -1.001662
0.480 -1.182588
0.490 -2.063297
0.500 2.975620
0.510 -0.360524
0.520 1.154260
0.530 1.804390
0.540 2.741525
0.550 2.327315
0.560 0.568143
0.570 -2.952223
0.580 -1.375931
0.590 -0.118897
0.600 0.818942
0.610 -0.662614
0.620 -0.228994
0.630 1.971234
0.640 1.910757
0.650 -2.339863
0.660 1.456666
0.670 2.075280
0.680 0.311761
0.690 1.662521
0.700 -0.077194
0.710 0.836895
0.720 1.899536
0.730 -3.606678
0.740 0.482517
0.750 2.150633
0.760 1.423404
0.770 -1.189952
0.780 -1.145991
0.790 -1.574162
0.800 -0.193598
0.810 0.608965
0.820 -0.784344
0.830 -1.872813
0.840 -2.777629
0.850 3.252737
0.860 -2.856788
0.870 -2.270542
0.880 0.751150
0.890 0.288116
0.900 0.856736
0.910 -1.311021
0.920 -0.080315
0.930 2.122233
0.940 1.636026
0.950 2.227793
0.960 -0.488490
0.970 -2.414249
0.980 0.658231
0.990 0.478727
