0.000 -0.871012
0.010 1.060466
0.020 0.990472
0.030 2.117452
0.040 0.036988
0.050 -1.249587
0.060 1.327257
0.070 1.282019
0.080 0.857624
0.090 0.788353
0.100 -1.552135
0.110 -1.018889
0.120 1.554231
0.130 -0.808278
0.140 -0.905731
0.150 -0.939704
0.160 2.447723
0.170 3.030656
0.180 0.688765
0.190 -1.389072
0.200 0.616454
0.210 3.204343
0.220 0.895796
0.230 0.066408
0.240 -0.686553
0.250 -1.092356
0.260 0.320447
0.270 0.256562
0.280 -1.381369
0.290 -0.191443
0.300 2.385253
0.310 -2.194739
0.320 -2.103529
0.330 2.666957
0.340 -0.507299
0.350 0.068659
0.360 -0.893964
0.370 1.468020
0.380 -0.682761
0.390 3.249246
0.400 1.558996
0.410 1.969768
0.420 -2.143943
0.430 -0.777216
0.440 4.327884
0.450 0.924194
0.460 -1.195359
0.470 -0.727866
0.480 1.376509
0.490 0.750019
0.500 0.859112
0.510 -0.815192
0.520 -0.381238
0.530 -1.362202
0.540 -1.808845
0.550 -1.454605
0.560 0.778166
0.570 4.845531
0.580 0.405398
0.590 -2.733232
0.600 0.818090
0.610 -1.470130
0.620 0.887932
0.630 -2.036323
0.640 -2.307812
0.650 3.635560
0.660 -0.525239
0.670 -1.382113
0.680 1.082216
0.690 1.009609
0.700 0.048175
0.710 -3.921588
0.720 0.007418
0.730 0.007565
0.740 -0.398814
0.750 2.181506
0.760 -1.500561
0.770 -1.980372
0.780 -0.694182
0.790 -2.473340
0.800 -2.359147
0.810 -0.201402
0.820 -1.152634
0.830 1.130111
0.840 0.327417
0.850 -0.864158
0.860 -0.492748
0.870 -0.105630
0.880 2.817694
0.890 -3.057698
0.900 2.248173
0.910 -0.220488
0.920 -0.166736
0.930 1.959065
0.940 1.829707
0.950 -1.871524
0.960 0.249673
0.970 -0.694717
0.980 -0.405645
0.990 0.568321
