0.000 2.676516
0.010 2.216473
0.020 3.464808
0.030 -0.968241
0.040 -0.411343
0.050 0.181050
0.060 0.143817
0.070 0.702453
0.080 -1.711278
0.090 -0.472687
0.100 -1.184686
0.110 2.380680
0.120 -1.624667
0.130 1.650078
0.140 1.480086
0.150 -2.662542
0.160 -2.119915
0.170 0.096605
0.180 0.419191
0.190 0.988885
0.200 2.566807
0.210 0.763452
0.220 0.897334
0.230 1.061032
0.240 3.018578
0.250 -2.044615
0.260 0.515875
0.270 -1.912308
0.280 1.632434
0.290 1.777850
0.300 0.877677
0.310 3.912159
0.320 0.243691
0.330 -4.292690
0.340 -3.592188
0.350 -1.499708
0.360 0.137374
0.370 1.280829
0.380 2.715972
0.390 -2.649081
0.400 -0.599287
0.410 -0.477434
0.420 1.976816
0.430 -0.864430
0.440 -0.526033
0.450 0.981960
0.460 0.499881
0.470 -0.865760
0.480 1.336120
0.490 1.151911
0.500 0.399945
0.510 2.347539
0.520 -0.607508
0.530 3.110529
0.540 2.696199
0.550 1.947229
0.560 2.755736
0.570 1.097405
0.580 -1.969294
0.590 2.089572
0.600 -1.347197
0.610 0.252646
0.620 2.059922
0.630 1.427190
0.640 0.844932
0.650 0.781484
0.660 2.135214
0.670 -1.523367
0.680 -2.831442
0.690 0.934223
0.700 2.512273
0.710 -1.324309
0.720 -2.055479
0.730 0.969957
0.740 -3.146308
0.750 2.126022
0.760 -2.686503
0.770 2.694650
0.780 -1.187150
0.790 -0.736912
0.800 2.425525
0.810 1.135298
0.820 0.139936
0.830 -0.249048
0.840 -0.894496
0.850 0.898825
0.860 -0.076258
0.870 -0.294536
0.880 0.329420
0.890 -1.980390
0.900 0.003718
0.910 -1.190011
0.920 -0.538590
0.930 -1.623315
0.940 0.606115
0.950 0.906483
0.960 2.493240
0.970 -0.426032
0.980 -0.294415
0.990 1.054878
