0.000 -2.932053
0.010 -0.975998
0.020 -3.022407
0.030 -0.726176
0.040 -0.627791
0.050 0.854080
0.060 -1.097581
0.070 1.658711
0.080 0.036636
0.090 1.036132
0.100 -2.827893
0.110 1.562375
0.120 2.728314
0.130 1.716064
0.140 0.315296
0.150 1.963074
0.160 -1.116005
0.170 -0.168234
0.180 0.525601
0.190 1.319815
0.200 0.929920
0.210 -2.484242
0.220 2.900335
0.230 0.579051
0.240 -4.291843
0.250 -1.998844
0.260 1.561865
0.270 -0.078031
0.280 -0.093963
0.290 -1.220987
0.300 -0.485936
0.310 0.732377
0.320 1.021431
0.330 0.757348
0.340 1.820941
0.350 0.241772
0.360 -1.256014
0.370 1.093239
0.380 0.065024
0.390 1.431783
0.400 -0.716607
0.410 1.052826
0.420 -0.828736
0.430 -0.492235
0.440 -1.213399
0.450 1.981879
0.460 1.740780
0.470 2.068766
0.480 -0.078835
0.490 0.844566
0.500 -0.813765
0.510 1.217662
0.520 0.306590
0.530 -1.760002
0.540 -0.191387
0.550 -0.663262
0.560 3.069722
0.570 -0.843895
0.580 -1.049219
0.590 1.971526
0.600 -0.830528
0.610 -0.766055
0.620 -0.180829
0.630 1.334573
0.640 -1.192272
0.650 0.609392
0.660 -1.957693
0.670 1.773078
0.680 2.287760
0.690 1.678085
0.700 2.925451
0.710 -1.203063
0.720 2.449842
0.730 0.323787
0.740 0.787448
0.750 0.375487
0.760 0.059415
0.770 2.005256
0.780 -2.794666
0.790 0.752958
0.800 1.850826
0.810 1.138870
0.820 0.908816
0.830 -1.613951
0.840 0.160171
0.850 -0.877349
0.860 2.301328
0.870 -0.167187
0.880 -0.546561
0.890 -1.292777
0.900 1.766406
0.910 2.208621
0.920 1.425965
0.930 -0.255554
0.940 -2.641772
0.950 2.005064
0.960 0.278839
0.970 1.481125
0.980 1.114697
0.990 2.153923
