0.000 -1.001993
0.010 -1.257668
0.020 0.204435
0.030 2.014580
0.040 0.118283
0.050 -3.832186
0.060 1.574676
0.070 0.026461
0.080 -1.502147
0.090 -4.028404
0.100 -0.363252
0.110 0.147851
0.120 -1.430393
0.130 -3.422089
0.140 2.101641
0.150 -1.700811
0.160 0.277108
0.170 2.269791
0.180 1.161666
0.190 2.472498
0.200 -0.091638
0.210 0.974086
0.220 -0.290846
0.230 -2.914084
0.240 -0.754184
0.250 -1.540870
0.260 0.781449
0.270 -0.620109
0.280 2.007347
0.290 -1.848113
0.300 1.046813
0.310 -0.719343
0.320 0.831630
0.330 -1.331134
0.340 2.839638
0.350 0.971636
0.360 1.297063
0.370 -1.469121
0.380 0.241507
0.390 -1.397492
0.400 2.737478
0.410 -1.960159
0.420 0.892166
0.430 0.613742
0.440 2.644710
0.450 -0.050707
0.460 -2.363075
0.470 -2.385570
0.480 2.798713
0.490 0.922977
0.500 1.255682
0.510 2.475082
0.520 2.202760
0.530 -1.956093
0.540 1.134478
0.550 -1.037535
0.560 1.008722
0.570 -1.334166
0.580 -1.307458
0.590 1.720365
0.600 -0.808059
0.610 0.755057
0.620 1.721368
0.630 0.096432
0.640 -0.407337
0.650 0.221018
0.660 0.647131
0.670 -1.823801
0.680 -0.384419
0.690 0.962179
0.700 -1.798286
0.710 -0.869918
0.720 2.415881
0.730 -1.822442
0.740 0.555553
0.750 -1.584936
0.760 2.348283
0.770 -0.471935
0.780 0.397906
0.790 0.282287
0.800 -0.388476
0.810 -1.077682
0.820 -0.099695
0.830 -0.975765
0.840 3.050525
0.850 -0.717670
0.860 1.438544
0.870 0.411205
0.880 1.300123
0.890 -1.487810
0.900 -0.358932
0.910 -0.854438
0.920 0.152987
0.930 0.570450
0.940 2.814499
0.950 -1.489325
0.960 -1.444667
0.970 0.989033
0.980 -2.736927
0.990 1.457538
