0.000 2.538809
0.010 1.679131
0.020 -2.625730
0.030 -0.107329
0.040 -3.283140
0.050 -1.561466
0.060 -0.040758
0.070 1.098797
0.080 3.262067
0.090 -1.020504
0.100 -0.356392
0.110 -0.493540
0.120 0.701175
0.130 -1.163233
0.140 -0.278618
0.150 4.516213
0.160 -1.107160
0.170 -2.315768
0.180 0.317782
0.190 0.007556
0.200 -0.852366
0.210 -0.632229
0.220 0.385068
0.230 1.930515
0.240 -3.741391
0.250 0.977435
0.260 -0.388332
0.270 2.743037
0.280 -2.250882
0.290 -0.116884
0.300 1.624660
0.310 2.089594
0.320 -0.172264
0.330 1.061480
0.340 -2.157499
0.350 1.340400
0.360 1.997099
0.370 -1.260190
0.380 1.201775
0.390 0.031019
0.400 0.163564
0.410 -1.622143
0.420 0.295318
0.430 1.838170
0.440 1.849889
0.450 1.517769
0.460 0.766592
0.470 -1.606824
0.480 -0.972964
0.490 -1.452278
0.500 0.483271
0.510 2.431104
0.520 0.401460
0.530 0.751675
0.540 -1.119485
0.550 1.829504
0.560 1.364839
0.570 1.596024
0.580 -0.396088
0.590 -0.114238
0.600 -1.001336
0.610 -0.804964
0.620 -0.000970
0.630 0.058617
0.640 1.859537
0.650 -0.294512
0.660 1.401215
0.670 -3.442936
0.680 -0.546854
0.690 1.420541
0.700 2.921321
0.710 -0.752826
0.720 -1.000268
0.730 -0.787153
0.740 -2.478152
0.750 0.582902
0.760 1.581033
0.770 1.634651
0.780 -0.581590
0.790 0.485600
0.800 1.389385
0.810 3.782368
0.820 1.501286
0.830 -1.971190
0.840 1.321335
0.850 2.116764
0.860 -0.445635
0.870 -0.384885
0.880 -1.398615
0.890 -0.449156
0.900 2.309789
0.910 -0.158300
0.920 -1.014836
0.930 -0.578941
0.940 0.539121
0.950 -1.233233
0.960 1.742557
0.970 -0.584230
0.980 -1.370647
0.990 1.435644
