0.000 1.763690
0.010 1.824745
0.020 4.175052
0.030 0.829782
0.040 1.403942
0.050 2.981984
0.060 1.816424
0.070 1.557446
0.080 2.767247
0.090 -0.152036
0.100 -1.516137
0.110 -1.162357
0.120 0.812645
0.130 -2.022264
0.140 0.149187
0.150 0.051033
0.160 -0.901853
0.170 -1.061375
0.180 -2.565442
0.190 -0.383904
0.200 -2.214244
0.210 -0.550504
0.220 0.052553
0.230 -2.288410
0.240 0.876203
0.250 1.150896
0.260 2.598224
0.270 -0.356625
0.280 -1.888799
0.290 -1.968417
0.300 0.036780
0.310 -2.630036
0.320 -0.643562
0.330 -1.198417
0.340 -1.075874
0.350 0.868040
0.360 -3.300700
0.370 -1.839572
0.380 -0.137874
0.390 0.010633
0.400 2.310983
0.410 -1.078243
0.420 1.910372
0.430 0.028294
0.440 -3.194852
0.450 -0.526303
0.460 2.912529
0.470 1.398621
0.480 1.532353
0.490 -1.806165
0.500 1.723392
0.510 -0.081324
0.520 1.619202
0.530 -1.171005
0.540 -1.714603
0.550 -0.951520
0.560 1.183592
0.570 1.693490
0.580 -0.498026
0.590 2.444134
0.600 -0.340297
0.610 -0.442311
0.620 -1.378683
0.630 0.872031
0.640 0.234785
0.650 1.045383
0.660 1.176917
0.670 -1.226778
0.680 0.464553
0.690 0.602714
0.700 1.614550
0.710 1.128825
0.720 1.092039
0.730 0.382723
0.740 1.443824
0.750 0.887056
0.760 0.201962
0.770 0.270622
0.780 0.248710
0.790 -1.345728
0.800 -1.577992
0.810 0.893413
0.820 3.541613
0.830 1.283924
0.840 1.507392
0.850 3.992042
0.860 -0.795386
0.870 0.925694
0.880 -1.249041
0.890 0.241604
0.900 1.907067
0.910 -0.536673
0.920 -3.447339
0.930 0.694519
0.940 -2.738053
0.950 -0.991692
0.960 -0.948352
0.970 2.224660
0.980 0.213888
0.990 0.176208
