0.000 2.256741
0.010 0.010522
0.020 2.077972
0.030 2.195464
0.040 1.414990
0.050 -0.538452
0.060 -3.140532
0.070 -3.099554
0.080 1.757266
0.090 1.336717
0.100 2.097049
0.110 -0.308652
0.120 2.815042
0.130 -0.222856
0.140 -0.028881
0.150 0.586044
0.160 0.835198
0.170 -0.659103
0.180 -0.876451
0.190 2.829475
0.200 -2.415297
0.210 0.859832
0.220 -0.763260
0.230 2.111623
0.240 1.236154
0.250 -0.451872
0.260 -1.780483
0.270 -1.116099
0.280 -1.740625
0.290 0.306779
0.300 1.391344
0.310 -1.077966
0.320 0.761063
0.330 0.282836
0.340 -0.801625
0.350 0.895249
0.360 -1.335303
0.370 2.443821
0.380 1.453805
0.390 -2.951100
0.400 2.323308
0.410 0.523318
0.420 1.611489
0.430 0.820509
0.440 -3.295662
0.450 -0.394742
0.460 2.099228
0.470 0.357218
0.480 0.774305
0.490 3.211482
0.500 2.373750
0.510 1.298954
0.520 -0.819833
0.530 -0.610113
0.540 0.076686
0.550 -1.132149
0.560 1.043335
0.570 -1.344180
0.580 0.074998
0.590 -1.367687
0.600 0.670610
0.610 1.480820
0.620 -1.081572
0.630 0.391661
0.640 1.813595
0.650 0.388396
0.660 -0.676810
0.670 -0.446493
0.680 -0.567744
0.690 1.484614
0.700 2.180039
0.710 -1.431797
0.720 -0.063652
0.730 -0.540065
0.740 1.822682
0.750 -2.176428
0.760 2.698920
0.770 1.638815
0.780 2.114730
0.790 1.297566
0.800 -2.931274
0.810 0.203899
0.820 0.246972
0.830 0.613648
0.840 0.667360
0.850 -1.713350
0.860 2.647951
0.870 -1.344140
0.880 1.484549
0.890 5.857569
0.900 -2.256770
0.910 -0.685225
0.920 5.130414
0.930 3.758246
0.940 0.313361
0.950 -0.434420
0.960 0.525847
0.970 -1.423487
0.980 -0.911831
0.990 1.789750
