0.000 1.162057
0.010 1.080635
0.020 2.811322
0.030 -0.697742
0.040 4.519218
0.050 -1.066485
0.060 4.871817
0.070 0.069088
0.080 0.400843
0.090 2.012569
0.100 -1.082652
0.110 1.081280
0.120 2.533162
0.130 2.505867
0.140 1.052141
0.150 0.367634
0.160 -0.357057
0.170 0.777294
0.180 3.149592
0.190 -2.736743
0.200 1.017434
0.210 -1.999028
0.220 0.251979
0.230 1.707368
0.240 0.850840
0.250 -0.080150
0.260 -1.348213
0.270 0.558264
0.280 -0.020791
0.290 -0.667529
0.300 0.367999
0.310 1.031893
0.320 -1.386704
0.330 1.439145
0.340 4.286884
0.350 3.770187
0.360 1.098015
0.370 -2.852800
0.380 1.302593
0.390 2.686689
0.400 0.051487
0.410 2.083575
0.420 1.033342
0.430 -2.002599
0.440 -2.066922
0.450 3.714618
0.460 -0.530465
0.470 1.591256
0.480 0.997184
0.490 2.614394
0.500 -0.364517
0.510 0.308287
0.520 -2.063536
0.530 -1.893250
0.540 2.814390
0.550 0.431223
0.560 1.239957
0.570 -0.547488
0.580 -0.532978
0.590 0.975966
0.600 -0.020941
0.610 -0.327367
0.620 0.551395
0.630 1.705775
0.640 1.760189
0.650 0.389477
0.660 -0.872531
0.670 1.856772
0.680 1.437207
0.690 1.928141
0.700 -3.097439
0.710 -0.998309
0.720 -0.231540
0.730 2.177221
0.740 1.124176
0.750 -0.258751
0.760 -1.622461
0.770 0.606533
0.780 -0.934938
0.790 2.400108
0.800 0.200232
0.810 1.050148
0.820 1.242292
0.830 -0.829461
0.840 2.676816
0.850 2.381384
0.860 -0.809109
0.870 0.840329
0.880 1.270215
0.890 -1.986216
0.900 -1.480765
0.910 0.433170
0.920 0.418448
0.930 -2.297799
0.940 3.543991
0.950 0.715387
0.960 0.206061
0.970 0.558220
0.980 -0.991415
0.990 1.243712
