0.000 -0.179313
0.010 -0.647814
0.020 1.592710
0.030 1.680967
0.040 1.260388
0.050 1.724348
0.060 -0.442947
0.070 1.614000
0.080 3.910527
0.090 0.396959
0.100 2.166368
0.110 -0.035040
0.120 -0.648769
0.130 -1.197517
0.140 1.148904
0.150 1.663616
0.160 -0.584511
0.170 -1.133652
0.180 -1.157185
0.190 -0.957432
0.200 1.893839
0.210 -2.135566
0.220 -0.787782
0.230 0.282844
0.240 -0.384431
0.250 1.408961
0.260 -0.455437
0.270 -0.207115
0.280 -0.148830
0.290 -0.971397
0.300 0.909422
0.310 0.600662
0.320 1.298151
0.330 -1.839578
0.340 -1.753103
0.350 1.120393
0.360 -1.138702
0.370 -1.243699
0.380 2.161353
0.390 1.716511
0.400 -1.200716
0.410 1.933708
0.420 -1.766213
0.430 -1.222859
0.440 0.778738
0.450 -0.208776
0.460 0.675770
0.470 0.532930
0.480 -1.650319
0.490 4.954209
0.500 -0.687675
0.510 1.594894
0.520 -4.005642
0.530 0.235013
0.540 3.225946
0.550 0.411226
0.560 0.831074
0.570 -2.139782
0.580 0.032874
0.590 -0.035108
0.600 1.592828
0.610 2.038642
0.620 0.911415
0.630 -0.121061
0.640 -0.245953
0.650 -0.419297
0.660 2.405646
0.670 -2.087934
0.680 1.673616
0.690 -0.391966
0.700 -0.203934
0.710 -0.868537
0.720 2.945952
0.730 -1.170857
0.740 -1.744334
0.750 1.674116
0.760 -0.085708
0.770 -0.089610
0.780 -0.371266
0.790 -2.895822
0.800 2.334602
0.810 3.095119
0.820 -0.605634
0.830 2.971057
0.840 2.442519
0.850 2.315643
0.860 1.238803
0.870 -3.671516
0.880 1.525176
0.890 -1.478532
0.900 3.181279
0.910 1.735604
0.920 -0.326086
0.930 0.033032
0.940 -1.294699
0.950 -1.263901
0.960 2.048628
0.970 -2.809250
0.980 -0.184143
0.990 -1.775166
