0.000 3.240552
0.010 2.808578
0.020 -3.804128
0.030 2.787577
0.040 -0.796142
0.050 -1.878124
0.060 2.581559
0.070 -0.257966
0.080 -0.445715
0.090 -2.034610
0.100 0.835930
0.110 -1.028374
0.120 -0.903891
0.130 -0.154343
0.140 -0.185081
0.150 -1.158030
0.160 0.680726
0.170 3.220151
0.180 -0.842313
0.190 2.652867
0.200 -0.066273
0.210 -1.112276
0.220 -1.338181
0.230 2.179697
0.240 -0.888527
0.250 0.751243
0.260 -0.282231
0.270 -4.138578
0.280 0.269541
0.290 0.023923
0.300 0.246149
0.310 -0.575163
0.320 -0.881000
0.330 1.327277
0.340 1.653490
0.350 -2.145050
0.360 -0.470910
0.370 0.132131
0.380 0.938760
0.390 0.795126
0.400 -1.319642
0.410 -2.567432
0.420 0.266864
0.430 1.667066
0.440 2.038906
0.450 1.132917
0.460 -0.895497
0.470 0.596357
0.480 0.605930
0.490 -1.674222
0.500 -0.963843
0.510 -2.078855
0.520 1.182550
0.530 -0.153737
0.540 0.050352
0.550 3.300780
0.560 -0.974035
0.570 1.294766
0.580 1.330449
0.590 1.879598
0.600 3.019474
0.610 -0.218031
0.620 4.620349
0.630 -2.907379
0.640 1.922979
0.650 0.759354
0.660 -0.495604
0.670 -3.025684
0.680 0.374281
0.690 -0.309673
0.700 1.332144
0.710 -0.786027
0.720 1.834155
0.730 0.455540
0.740 2.262658
0.750 2.223262
0.760 -0.890850
0.770 0.674329
0.780 -0.679367
0.790 2.622095
0.800 0.381644
0.810 -0.121340
0.820 -1.775660
0.830 1.579023
0.840 2.242968
0.850 -0.014557
0.860 -1.610549
0.870 1.466846
0.880 -2.634723
0.890 -0.534069
0.900 1.251451
0.910 -1.126794
0.920 2.704551
0.930 -0.580589
0.940 -1.000008
0.950 -1.215351
0.960 2.801943
0.970 -2.124253
0.980 0.779795
0.990 2.263516
