0.000 -0.333747
0.010 -0.782495
0.020 -0.501179
0.030 0.173609
0.040 -3.931211
0.050 1.451874
0.060 2.262736
0.070 0.365328
0.080 0.311784
0.090 -1.841712
0.100 1.994568
0.110 0.204284
0.120 -0.982402
0.130 -0.129581
0.140 -1.730337
0.150 -1.904190
0.160 0.820756
0.170 1.619477
0.180 -1.035025
0.190 1.113080
0.200 2.623995
0.210 0.681016
0.220 -0.598108
0.230 0.247209
0.240 0.659450
0.250 0.705863
0.260 0.591992
0.270 -1.819462
0.280 2.006785
0.290 0.235877
0.300 0.661237
0.310 0.221807
0.320 0.248990
0.330 -0.613048
0.340 0.180489
0.350 4.349392
0.360 -2.293812
0.370 1.835224
0.380 2.488756
0.390 1.214644
0.400 -0.636859
0.410 3.981657
0.420 -2.638901
0.430 0.103596
0.440 -0.524795
0.450 -0.237608
0.460 2.907009
0.470 0.765317
0.480 1.804912
0.490 -0.215840
0.500 -0.352198
0.510 -0.156670
0.520 2.190225
0.530 0.188500
0.540 3.041286
0.550 -1.582197
0.560 0.093422
0.570 -2.950649
0.580 0.807743
0.590 0.492879
0.600 2.089513
0.610 -1.658933
0.620 -1.056072
0.630 0.260211
0.640 2.145574
0.650 -1.835078
0.660 1.736304
0.670 -2.105452
0.680 3.647921
0.690 -3.145345
0.700 -0.140661
0.710 -0.936852
0.720 -0.311262
0.730 0.987206
0.740 1.584040
0.750 0.540416
0.760 -0.636958
0.770 -0.205756
0.780 -0.818712
0.790 0.116619
0.800 1.389809
0.810 -2.459218
0.820 -1.331410
0.830 0.720851
0.840 -1.590681
0.850 1.766937
0.860 0.384451
0.870 0.747127
0.880 0.819203
0.890 -0.202679
0.900 0.834109
0.910 2.260752
0.920 -2.597592
0.930 0.716045
0.940 2.712593
0.950 2.702096
0.960 2.113152
0.970 -2.471243
0.980 1.573654
0.990 0.878522
