0.000 0.322095
0.010 2.167146
0.020 3.741556
0.030 -0.715551
0.040 0.274005
0.050 -3.068717
0.060 -2.504832
0.070 -1.953843
0.080 -0.492238
0.090 0.211504
0.100 0.738179
0.110 -0.799299
0.120 2.141679
0.130 0.610402
0.140 0.859162
0.150 -0.095653
0.160 -1.430895
0.170 0.832400
0.180 -0.129728
0.190 -1.346064
0.200 0.312621
0.210 1.113382
0.220 -2.186158
0.230 0.995785
0.240 2.363363
0.250 0.135435
0.260 2.760655
0.270 -1.234852
0.280 -0.681945
0.290 -1.035452
0.300 -3.070365
0.310 -1.316232
0.320 -1.194133
0.330 -0.410567
0.340 0.845489
0.350 -0.689665
0.360 0.574043
0.370 -0.896750
0.380 -3.468856
0.390 -0.773221
0.400 -0.290888
0.410 -1.221628
0.420 -2.860875
0.430 -1.088196
0.440 2.216497
0.450 0.845847
0.460 -0.807477
0.470 5.471230
0.480 1.347831
0.490 1.405658
0.500 1.301001
0.510 -0.640372
0.520 0.941564
0.530 2.567115
0.540 -1.971795
0.550 -0.371364
0.560 -0.782887
0.570 1.534705
0.580 0.369000
0.590 1.204782
0.600 0.317531
0.610 -0.059359
0.620 -1.173850
0.630 1.059197
0.640 -1.059939
0.650 -0.370472
0.660 0.908609
0.670 1.580870
0.680 -0.182953
0.690 -0.584948
0.700 0.264167
0.710 1.429308
0.720 0.925981
0.730 0.292802
0.740 -0.887911
0.750 1.410587
0.760 0.362342
0.770 0.843787
0.780 1.242377
0.790 -1.015254
0.800 0.797719
0.810 2.126280
0.820 1.465921
0.830 0.931821
0.840 0.837970
0.850 -2.145408
0.860 -0.941974
0.870 -0.695247
0.880 -2.139151
0.890 0.713935
0.900 0.521543
0.910 1.174839
0.920 0.130771
0.930 -0.972621
0.940 2.283865
0.950 0.765410
0.960 1.938486
0.970 0.415734
0.980 -3.617056
0.990 -3.977982
