0.000 0.625798
0.010 2.094843
0.020 -0.653308
0.030 2.784734
0.040 2.394458
0.050 -1.845992
0.060 0.283077
0.070 -2.132552
0.080 0.710954
0.090 0.303451
0.100 0.939159
0.110 3.851961
0.120 0.195841
0.130 -1.366849
0.140 0.972291
0.150 -1.473370
0.160 -2.285624
0.170 3.109139
0.180 -1.762578
0.190 0.434173
0.200 1.834263
0.210 2.685801
0.220 -2.432439
0.230 2.346798
0.240 -1.773224
0.250 2.817161
0.260 2.655489
0.270 -1.941101
0.280 1.120273
0.290 0.828133
0.300 1.451066
0.310 1.938863
0.320 -0.138533
0.330 2.645687
0.340 1.510656
0.350 -0.374503
0.360 -0.047005
0.370 -2.895333
0.380 -1.821112
0.390 0.285903
0.400 0.631565
0.410 -1.992335
0.420 -0.914202
0.430 -0.069261
0.440 -0.638999
0.450 -1.011542
0.460 -1.041828
0.470 -1.213472
0.480 0.552457
0.490 0.290263
0.500 1.489391
0.510 -0.399139
0.520 1.100208
0.530 1.040294
0.540 0.040488
0.550 -2.337184
0.560 -1.226383
0.570 -0.235157
0.580 -0.232160
0.590 2.090298
0.600 -0.004114
0.610 -2.317641
0.620 -1.009963
0.630 -0.946314
0.640 1.734677
0.650 -0.351211
0.660 2.639032
0.670 1.218701
0.680 1.405760
0.690 -1.126950
0.700 -0.163301
0.710 0.623950
0.720 1.004824
0.730 -0.896412
0.740 2.178768
0.750 -1.946742
0.760 0.775160
0.770 1.055898
0.780 -1.395356
0.790 -2.421544
0.800 -0.073230
0.810 1.829537
0.820 0.315816
0.830 1.503322
0.840 2.455561
0.850 -1.638165
0.860 1.050729
0.870 0.186731
0.880 0.422440
0.890 -1.930917
0.900 0.924711
0.910 1.343060
0.920 0.642700
0.930 1.638021
0.940 1.098707
0.950 -0.855814
0.960 0.546076
0.970 -1.287756
0.980 -0.769805
0.990 -1.766195
