0.000 0.087936
0.010 -0.641216
0.020 0.981972
0.030 -0.114992
0.040 0.876901
0.050 -0.109464
0.060 -2.532785
0.070 -0.226988
0.080 0.298893
0.090 4.080170
0.100 -3.772018
0.110 -1.690796
0.120 2.109612
0.130 2.515768
0.140 -1.069122
0.150 2.740973
0.160 -0.704444
0.170 0.655697
0.180 -0.927689
0.190 -0.753098
0.200 2.334688
0.210 -1.894968
0.220 1.037182
0.230 -1.061083
0.240 -0.492901
0.250 0.566034
0.260 -0.470638
0.270 0.198845
0.280 -1.057764
0.290 2.007195
0.300 -2.960523
0.310 3.275546
0.320 -2.538730
0.330 1.068557
0.340 1.014051
0.350 -1.344215
0.360 1.936663
0.370 3.524597
0.380 1.730020
0.390 2.655968
0.400 -0.539681
0.410 0.555473
0.420 3.317284
0.430 -1.448221
0.440 -2.454908
0.450 -1.986473
0.460 1.031799
0.470 -0.944974
0.480 1.610977
0.490 -0.058828
0.500 -0.936590
0.510 -0.810429
0.520 -0.530514
0.530 -0.601571
0.540 0.754294
0.550 -1.798715
0.560 -2.992413
0.570 2.854344
0.580 -1.294262
0.590 1.096867
0.600 0.759393
0.610 2.564708
0.620 -1.461543
0.630 -0.045427
0.640 2.024313
0.650 -2.484806
0.660 0.011433
0.670 -4.427675
0.680 1.712031
0.690 3.134280
0.700 -1.522895
0.710 1.097144
0.720 1.068266
0.730 -1.602231
0.740 -1.019979
0.750 -2.025785
0.760 -1.039033
0.770 2.179855
0.780 -0.554667
0.790 0.214099
0.800 1.076529
0.810 -4.431779
0.820 0.150743
0.830 2.361098
0.840 -0.491701
0.850 -1.307974
0.860 2.503441
0.870 1.236366
0.880 1.908367
0.890 2.067321
0.900 -0.955616
0.910 -1.456134
0.920 1.345646
0.930 -0.673716
0.940 1.680707
0.950 1.037082
0.960 -1.792964
0.970 -1.217178
0.980 -0.210529
0.990 1.507059
