0.000 3.162077
0.010 0.821174
0.020 1.385873
0.030 -2.786435
0.040 -0.693473
0.050 -0.775823
0.060 -2.145593
0.070 -0.260855
0.080 0.024974
0.090 -1.375255
0.100 -0.859951
0.110 -3.021749
0.120 -0.120004
0.130 0.229352
0.140 -0.686112
0.150 -1.334369
0.160 0.207865
0.170 2.068450
0.180 0.853737
0.190 0.015416
0.200 -2.304674
0.210 0.338054
0.220 2.679183
0.230 -2.104386
0.240 3.773887
0.250 -0.090121
0.260 1.193375
0.270 1.053101
0.280 0.079552
0.290 1.408176
0.300 0.145665
0.310 -2.104769
0.320 -0.462772
0.330 0.486167
0.340 0.806641
0.350 0.374810
0.360 -0.389990
0.370 -3.456540
0.380 -0.946337
0.390 -0.100180
0.400 2.633416
0.410 1.002754
0.420 1.248545
0.430 -0.684373
0.440 0.177656
0.450 -1.427705
0.460 0.960655
0.470 0.668276
0.480 1.821192
0.490 2.645815
0.500 -0.987405
0.510 3.301319
0.520 2.550145
0.530 3.092707
0.540 -1.976100
0.550 -1.430034
0.560 -0.921638
0.570 0.111628
0.580 5.877775
0.590 -0.336712
0.600 -0.849632
0.610 0.104888
0.620 1.335444
0.630 -3.742424
0.640 2.043603
0.650 2.294310
0.660 1.615599
0.670 1.291620
0.680 -0.445130
0.690 2.154216
0.700 0.455023
0.710 -2.748960
0.720 -2.147847
0.730 5.441630
0.740 -0.719176
0.750 2.173978
0.760 0.217825
0.770 0.291159
0.780 1.638289
0.790 0.622435
0.800 1.089854
0.810 -1.196340
0.820 -0.450188
0.830 -2.744154
0.840 3.777975
0.850 -1.102954
0.860 0.129967
0.870 1.189880
0.880 -0.322289
0.890 -2.775161
0.900 -3.571591
0.910 -1.642870
0.920 -1.475415
0.930 -0.423847
0.940 -0.565776
0.950 2.164098
0.960 1.269112
0.970 -0.606757
0.980 -0.720979
0.990 1.847567
