0.000 -1.489421
0.010 -2.400470
0.020 0.894109
0.030 1.352293
0.040 0.065141
0.050 2.239239
0.060 -0.371131
0.070 1.237191
0.080 -0.538323
0.090 -2.385624
0.100 -0.276262
0.110 1.912133
0.120 2.424002
0.130 2.130221
0.140 -0.257625
0.150 2.954122
0.160 0.405235
0.170 -3.353339
0.180 -0.556771
0.190 0.248487
0.200 1.408051
0.210 1.954896
0.220 -2.641063
0.230 1.676831
0.240 -1.328109
0.250 -1.611266
0.260 0.799448
0.270 2.040423
0.280 3.606141
0.290 2.508245
0.300 1.817333
0.310 -0.572094
0.320 3.204836
0.330 3.005867
0.340 -0.267497
0.350 3.373162
0.360 -1.771759
0.370 0.173351
0.380 3.496660
0.390 0.434224
0.400 -0.083489
0.410 -0.096680
0.420 -3.154535
0.430 1.754445
0.440 2.768951
0.450 0.183994
0.460 -3.560828
0.470 -0.204048
0.480 -0.657235
0.490 0.386643
0.500 -0.855905
0.510 3.219114
0.520 -0.567933
0.530 0.129608
0.540 0.167854
0.550 1.805358
0.560 -0.573182
0.570 2.681251
0.580 -2.541514
0.590 0.118038
0.600 -0.916760
0.610 0.439338
0.620 1.046358
0.630 0.605409
0.640 -0.624795
0.650 -1.496551
0.660 3.037504
0.670 0.209518
0.680 -1.439869
0.690 -1.686347
0.700 -1.591037
0.710 -2.461328
0.720 -0.101214
0.730 2.006774
0.740 0.501609
0.750 2.075022
0.760 0.107555
0.770 -0.637974
0.780 -0.131461
0.790 0.120106
0.800 -1.211488
0.810 1.879098
0.820 0.438264
0.830 0.968973
0.840 0.197701
0.850 1.221901
0.860 -0.756178
0.870 -0.110792
0.880 1.757931
0.890 0.915846
0.900 2.675519
0.910 -0.478495
0.920 -1.837196
0.930 0.200722
0.940 -0.119390
0.950 -2.098188
0.960 1.762754
0.970 1.008265
0.980 -0.941195
0.990 0.782955
