0.000 2.573688
0.010 -0.929131
0.020 -1.119826
0.030 -0.321482
0.040 0.512395
0.050 0.470510
0.060 0.862296
0.070 2.395965
0.080 1.977691
0.090 2.854617
0.100 0.821102
0.110 -0.931882
0.120 0.944807
0.130 0.707938
0.140 1.771466
0.150 -4.561203
0.160 1.816123
0.170 0.073328
0.180 1.038270
0.190 -2.868218
0.200 -0.122586
0.210 -0.059253
0.220 1.357610
0.230 2.036495
0.240 2.392087
0.250 1.449550
0.260 1.473738
0.270 0.147570
0.280 -1.684959
0.290 -3.096242
0.300 1.421776
0.310 -3.719556
0.320 0.236336
0.330 -2.026711
0.340 1.134212
0.350 2.244654
0.360 1.448677
0.370 -1.134999
0.380 -2.268948
0.390 1.939605
0.400 0.922839
0.410 1.409642
0.420 -0.771386
0.430 -3.248031
0.440 -2.502381
0.450 -0.372991
0.460 -1.989450
0.470 2.580276
0.480 1.299082
0.490 2.066367
0.500 1.175957
0.510 0.937626
0.520 0.717501
0.530 -1.006409
0.540 -2.842749
0.550 -2.494192
0.560 -2.072612
0.570 0.380334
0.580 0.050833
0.590 -0.813109
0.600 2.941820
0.610 -0.862355
0.620 2.980467
0.630 -1.286225
0.640 -3.102441
0.650 1.062457
0.660 0.960707
0.670 -0.275615
0.680 -2.530081
0.690 3.014723
0.700 3.979412
0.710 -0.922455
0.720 3.200621
0.730 2.988147
0.740 -2.708343
0.750 -2.948224
0.760 -1.334234
0.770 -0.926261
0.780 2.914513
0.790 0.469768
0.800 1.662091
0.810 3.453867
0.820 0.704473
0.830 -0.155824
0.840 0.969620
0.850 -3.643164
0.860 -2.505212
0.870 -1.264474
0.880 1.428553
0.890 -3.448781
0.900 0.630691
0.910 1.968848
0.920 0.573364
0.930 0.915745
0.940 -0.772151
0.950 -1.074858
0.960 -0.894922
0.970 0.821984
0.980 -0.572886
0.990 0.164466
