0.000 0.791370
0.010 -2.640981
0.020 -0.938650
0.030 3.102870
0.040 -0.995194
0.050 1.002547
0.060 1.515875
0.070 -0.738844
0.080 0.698439
0.090 -1.262275
0.100 1.330269
0.110 2.446889
0.120 -0.864958
0.130 -2.162862
0.140 3.105076
0.150 4.005647
0.160 -2.300070
0.170 0.239639
0.180 0.974803
0.190 0.140422
0.200 1.711673
0.210 1.033222
0.220 2.243246
0.230 -0.033249
0.240 -0.252251
0.250 0.217402
0.260 -0.597632
0.270 -0.469323
0.280 -0.814794
0.290 2.075354
0.300 -1.357816
0.310 2.629305
0.320 -2.252379
0.330 -0.768780
0.340 1.185873
0.350 1.409413
0.360 -0.626259
0.370 0.338203
0.380 3.489624
0.390 -2.885243
0.400 0.578957
0.410 -1.622676
0.420 -0.191665
0.430 0.371900
0.440 -2.150383
0.450 1.527775
0.460 -1.431657
0.470 0.483531
0.480 0.501536
0.490 -1.152259
0.500 -2.061364
0.510 -2.342063
0.520 -0.568503
0.530 0.762452
0.540 -0.557659
0.550 -0.628330
0.560 0.027750
0.570 -3.414767
0.580 1.124879
0.590 -0.902609
0.600 1.024528
0.610 1.517787
0.620 -0.066618
0.630 -0.256456
0.640 -0.307934
0.650 -0.217983
0.660 3.395836
0.670 0.757416
0.680 1.527670
0.690 1.205794
0.700 0.443327
0.710 -0.441854
0.720 2.479870
0.730 0.373405
0.740 -0.903801
0.750 -0.088773
0.760 0.257501
0.770 0.212953
0.780 1.810211
0.790 0.727112
0.800 0.301095
0.810 1.377063
0.820 -1.673805
0.830 0.856735
0.840 0.106823
0.850 -0.023416
0.860 1.595961
0.870 0.079490
0.880 0.608167
0.890 1.900845
0.900 0.272564
0.910 -2.248122
0.920 2.804714
0.930 0.292549
0.940 -0.061520
0.950 -1.969033
0.960 0.790413
0.970 2.952323
0.980 2.968964
0.990 -0.676182
