0.000 0.146764
0.010 3.119427
0.020 -0.802894
0.030 0.036827
0.040 -0.737716
0.050 0.795583
0.060 2.433013
0.070 0.574486
0.080 -0.178199
0.090 -1.784006
0.100 0.577340
0.110 2.056776
0.120 0.643452
0.130 -0.370197
0.140 0.370878
0.150 0.963809
0.160 2.767778
0.170 0.860578
0.180 0.342008
0.190 1.055554
0.200 -1.570769
0.210 2.009373
0.220 0.660692
0.230 1.243131
0.240 1.266684
0.250 -1.266355
0.260 1.970916
0.270 1.627956
0.280 1.291398
0.290 3.048784
0.300 -0.427948
0.310 1.288686
0.320 3.177754
0.330 -0.840560
0.340 2.312878
0.350 -0.926437
0.360 2.600261
0.370 -4.700884
0.380 0.133522
0.390 0.644358
0.400 -0.506360
0.410 -1.911794
0.420 1.200450
0.430 0.025809
0.440 1.444791
0.450 2.592250
0.460 -1.468146
0.470 -0.891851
0.480 -0.437075
0.490 1.151112
0.500 -0.206160
0.510 2.194485
0.520 -0.731446
0.530 0.036354
0.540 -0.682041
0.550 2.975877
0.560 1.270819
0.570 1.392235
0.580 0.089579
0.590 1.303048
0.600 1.266228
0.610 -1.175266
0.620 1.061625
0.630 1.371180
0.640 2.350943
0.650 -0.055016
0.660 0.156472
0.670 -3.785922
0.680 -0.904755
0.690 -0.408517
0.700 1.505051
0.710 2.021244
0.720 0.095254
0.730 0.261468
0.740 0.420238
0.750 4.672209
0.760 3.230442
0.770 -0.708540
0.780 1.517049
0.790 -0.479021
0.800 1.662377
0.810 -0.937100
0.820 1.557572
0.830 1.687625
0.840 0.038517
0.850 1.846289
0.860 -0.683266
0.870 -0.173607
0.880 3.690801
0.890 1.776877
0.900 -0.161251
0.910 5.133439
0.920 -0.708608
0.930 0.545913
0.940 -0.699475
0.950 -0.613391
0.960 0.480084
0.970 0.286492
0.980 -0.453670
0.990 0.767485
