0.000 1.241452
0.010 -0.119838
0.020 4.515209
0.030 -0.481714
0.040 2.556975
0.050 0.842126
0.060 2.704842
0.070 -0.260398
0.080 -1.708966
0.090 -0.661444
0.100 1.350951
0.110 -0.170072
0.120 -3.154839
0.130 0.334304
0.140 -1.924500
0.150 0.259825
0.160 -1.529878
0.170 1.192352
0.180 -0.578194
0.190 -1.311774
0.200 2.951984
0.210 1.124319
0.220 0.179058
0.230 0.139703
0.240 0.325908
0.250 3.616722
0.260 -1.228577
0.270 -1.111374
0.280 0.700551
0.290 0.057361
0.300 -0.577027
0.310 0.171287
0.320 0.749438
0.330 4.096780
0.340 1.388023
0.350 -1.124786
0.360 -0.072240
0.370 -1.276796
0.380 -0.428306
0.390 -1.310559
0.400 1.216382
0.410 -1.085645
0.420 -1.438495
0.430 -0.984453
0.440 -3.685331
0.450 2.369465
0.460 0.005770
0.470 -0.633105
0.480 0.472924
0.490 0.448028
0.500 0.204475
0.510 0.084618
0.520 -4.608904
0.530 0.136551
0.540 1.642778
0.550 -2.656534
0.560 0.595421
0.570 2.538648
0.580 0.411518
0.590 -0.944094
0.600 -0.443060
0.610 -2.089730
0.620 1.979807
0.630 -0.731794
0.640 -0.159952
0.650 1.894205
0.660 -1.669061
0.670 0.587476
0.680 2.245563
0.690 0.135591
0.700 0.422912
0.710 -1.073954
0.720 0.435180
0.730 -1.894374
0.740 -0.622470
0.750 1.291943
0.760 -2.405077
0.770 0.633587
0.780 0.721584
0.790 3.824587
0.800 -2.111755
0.810 1.529442
0.820 3.210354
0.830 -0.640014
0.840 3.535685
0.850 -0.966363
0.860 0.449425
0.870 1.362934
0.880 1.246820
0.890 -1.181636
0.900 1.494163
0.910 -0.483093
0.920 2.555208
0.930 1.726152
0.940 2.183173
0.950 0.106980
0.960 1.282425
0.970 0.177563
0.980 1.492337
0.990 1.936200
