0.000 1.463948
0.010 -1.880728
0.020 -0.276585
0.030 0.469659
0.040 2.215405
0.050 3.516862
0.060 2.220710
0.070 -0.043707
0.080 -3.476577
0.090 -2.536293
0.100 -0.753419
0.110 0.961069
0.120 -0.472410
0.130 0.476848
0.140 2.722146
0.150 -1.429961
0.160 3.615568
0.170 2.518952
0.180 -3.576186
0.190 0.018336
0.200 0.149689
0.210 -3.289507
0.220 0.392625
0.230 -0.052487
0.240 -0.856001
0.250 3.361764
0.260 6.788420
0.270 1.324417
0.280 1.088367
0.290 -1.645125
0.300 1.100262
0.310 0.299863
0.320 0.901318
0.330 -0.708422
0.340 0.463244
0.350 -0.945263
0.360 -0.009197
0.370 -0.210762
0.380 -0.179847
0.390 -0.888024
0.400 -0.346206
0.410 -1.644137
0.420 0.297706
0.430 -0.122940
0.440 3.487187
0.450 1.224985
0.460 -2.601044
0.470 0.119959
0.480 0.250499
0.490 -0.881911
0.500 -2.745620
0.510 -1.645869
0.520 3.888855
0.530 0.460906
0.540 2.587855
0.550 -1.706953
0.560 1.186839
0.570 -0.413867
0.580 -2.427587
0.590 -0.101203
0.600 0.311352
0.610 -0.228435
0.620 -1.600121
0.630 -2.844147
0.640 -0.285193
0.650 1.416213
0.660 -1.874079
0.670 -0.236071
0.680 -3.489492
0.690 -1.245109
0.700 0.168870
0.710 -2.599760
0.720 0.618380
0.730 -1.156851
0.740 1.473157
0.750 -2.914520
0.760 0.767159
0.770 2.727616
0.780 2.793959
0.790 -1.074548
0.800 0.353173
0.810 -1.381973
0.820 -0.343973
0.830 -0.895271
0.840 1.756639
0.850 -2.250826
0.860 0.357144
0.870 -0.762648
0.880 1.259024
0.890 0.487493
0.900 1.489553
0.910 1.374750
0.920 -0.330830
0.930 2.719566
0.940 -1.606954
0.950 0.054624
0.960 -3.234281
0.970 1.734769
0.980 -3.001865
0.990 2.128557
