0.000 0.747964
0.010 -0.766665
0.020 -1.339557
0.030 -0.027031
0.040 -1.615516
0.050 0.259734
0.060 -0.592167
0.070 -0.829766
0.080 -0.976235
0.090 -2.349818
0.100 0.525354
0.110 2.352952
0.120 -0.171166
0.130 0.862804
0.140 0.272362
0.150 -1.261140
0.160 -1.224628
0.170 -2.598837
0.180 0.586451
0.190 -0.967766
0.200 1.834840
0.210 2.658073
0.220 1.215684
0.230 0.525522
0.240 0.695751
0.250 1.214710
0.260 -1.154093
0.270 -0.504246
0.280 0.080983
0.290 0.098532
0.300 -0.735216
0.310 0.613395
0.320 1.431469
0.330 1.042019
0.340 -0.971343
0.350 0.502535
0.360 -0.317124
0.370 2.839155
0.380 -0.271040
0.390 -4.521046
0.400 0.929142
0.410 1.543401
0.420 0.354707
0.430 0.351178
0.440 0.807224
0.450 3.062972
0.460 1.609408
0.470 -0.012802
0.480 -1.869253
0.490 -1.913762
0.500 -1.605233
0.510 -2.136094
0.520 -0.420711
0.530 -0.346924
0.540 0.972542
0.550 -2.593478
0.560 0.894117
0.570 0.782020
0.580 0.822371
0.590 -0.325139
0.600 1.163392
0.610 2.511235
0.620 3.780404
0.630 -1.231022
0.640 1.250743
0.650 -0.701169
0.660 -1.664435
0.670 1.155996
0.680 1.544925
0.690 1.053948
0.700 0.377995
0.710 -1.233106
0.720 0.454149
0.730 -1.793557
0.740 0.145002
0.750 1.983423
0.760 0.137896
0.770 -0.180214
0.780 1.200614
0.790 1.971161
0.800 -0.034468
0.810 -0.997387
0.820 3.408115
0.830 -0.030604
0.840 -1.400695
0.850 0.560175
0.860 1.209067
0.870 -0.234033
0.880 1.182999
0.890 1.013522
0.900 -1.540470
0.910 -1.202237
0.920 0.453464
0.930 2.178569
0.940 -0.068414
0.950 -2.362027
0.960 0.917575
0.970 0.240089
0.980 -0.528239
0.990 -0.461287
