0.000 -2.602524
0.010 1.352278
0.020 -2.697547
0.030 0.128417
0.040 2.074811
0.050 1.947884
0.060 -2.515379
0.070 1.798590
0.080 0.945972
0.090 -0.596095
0.100 0.329906
0.110 -0.709772
0.120 -0.287219
0.130 -0.935820
0.140 -0.756588
0.150 2.883818
0.160 -3.480068
0.170 4.132202
0.180 -1.493406
0.190 1.235066
0.200 -0.230932
0.210 2.260458
0.220 -0.507497
0.230 1.583915
0.240 1.206780
0.250 1.684397
0.260 -0.315012
0.270 -0.655256
0.280 2.126530
0.290 -0.831393
0.300 -1.413454
0.310 -1.376391
0.320 -0.836022
0.330 3.623786
0.340 0.492277
0.350 2.468163
0.360 0.657346
0.370 -2.554496
0.380 0.378755
0.390 1.184037
0.400 0.786102
0.410 -0.750482
0.420 0.486753
0.430 2.950374
0.440 0.488572
0.450 0.497805
0.460 0.670260
0.470 0.727605
0.480 -1.742043
0.490 -0.063437
0.500 -1.908457
0.510 -3.291367
0.520 -2.042296
0.530 1.552068
0.540 -0.731670
0.550 0.088373
0.560 2.290975
0.570 0.542259
0.580 -0.281327
0.590 1.461245
0.600 -2.201718
0.610 1.551169
0.620 -0.968328
0.630 0.028307
0.640 0.119683
0.650 -1.840688
0.660 2.819528
0.670 -2.142637
0.680 0.237652
0.690 -2.522354
0.700 -0.288390
0.710 0.158841
0.720 3.112387
0.730 1.298063
0.740 1.369477
0.750 1.708029
0.760 -1.160574
0.770 -1.574799
0.780 1.263897
0.790 -2.153417
0.800 1.222484
0.810 0.256091
0.820 0.775098
0.830 1.924922
0.840 0.387525
0.850 1.619185
0.860 1.156729
0.870 0.983969
0.880 -2.425122
0.890 2.245403
0.900 -4.939009
0.910 -1.847923
0.920 1.005729
0.930 1.535356
0.940 -1.994506
0.950 3.082014
0.960 -1.014128
0.970 -0.650827
0.980 -0.093167
0.990 -0.357752
