0.000 0.143469
0.010 -3.142818
0.020 2.885229
0.030 3.627950
0.040 0.293919
0.050 -2.159698
0.060 3.909482
0.070 2.511334
0.080 2.337199
0.090 2.710284
0.100 -0.469043
0.110 -0.608356
0.120 2.204244
0.130 -3.007452
0.140 3.974544
0.150 -0.537357
0.160 -1.776187
0.170 0.908961
0.180 -1.795962
0.190 -0.008649
0.200 -3.126555
0.210 -1.830094
0.220 -2.760311
0.230 -0.346206
0.240 -0.645835
0.250 0.365140
0.260 -0.487517
0.270 1.408031
0.280 -1.483263
0.290 2.718489
0.300 4.033861
0.310 2.364526
0.320 -1.432423
0.330 -1.101130
0.340 -3.144370
0.350 0.182520
0.360 1.333418
0.370 -1.738416
0.380 -1.050343
0.390 -2.360768
0.400 1.712558
0.410 -1.847874
0.420 2.079277
0.430 -0.708645
0.440 -2.035950
0.450 5.106343
0.460 3.012145
0.470 0.601279
0.480 -0.708158
0.490 -1.658729
0.500 1.159951
0.510 -2.320417
0.520 1.590643
0.530 0.981958
0.540 1.204355
0.550 -4.243171
0.560 0.217649
0.570 2.099453
0.580 0.354517
0.590 -0.123155
0.600 -0.070113
0.610 -1.713481
0.620 -3.305885
0.630 -0.425758
0.640 -0.416544
0.650 0.426919
0.660 2.776123
0.670 1.233705
0.680 -3.600477
0.690 0.617174
0.700 -1.478899
0.710 -3.077683
0.720 -1.560477
0.730 -0.138981
0.740 -0.837340
0.750 0.726554
0.760 -2.290230
0.770 1.674742
0.780 -0.756145
0.790 0.061779
0.800 -3.008535
0.810 -0.396795
0.820 1.647795
0.830 0.638700
0.840 -0.156193
0.850 0.624486
0.860 -0.190684
0.870 0.866173
0.880 0.433889
0.890 2.427620
0.900 -0.804583
0.910 0.062001
0.920 -0.338304
0.930 0.516056
0.940 0.967651
0.950 -0.359989
0.960 0.686287
0.970 -2.317788
0.980 -1.199043
0.990 -0.047346
