0.000 2.145657
0.010 -1.881111
0.020 -2.180823
0.030 0.569047
0.040 -1.008575
0.050 -4.828536
0.060 -1.299810
0.070 -2.959620
0.080 -2.696802
0.090 0.689486
0.100 -1.392125
0.110 1.290430
0.120 -0.779796
0.130 2.045805
0.140 -2.160643
0.150 0.898913
0.160 -2.467320
0.170 -1.975646
0.180 -0.246736
0.190 1.992670
0.200 3.694503
0.210 -0.118407
0.220 -1.098463
0.230 -0.614554
0.240 0.495004
0.250 0.975964
0.260 2.177245
0.270 -1.713136
0.280 -1.527540
0.290 -3.260137
0.300 0.405489
0.310 0.281752
0.320 0.536220
0.330 -0.697581
0.340 -0.832636
0.350 1.819920
0.360 1.338622
0.370 1.749920
0.380 -1.324090
0.390 1.007445
0.400 -0.106281
0.410 -2.129693
0.420 0.160525
0.430 -1.971781
0.440 -1.803740
0.450 -1.661303
0.460 -1.202269
0.470 0.430156
0.480 0.025446
0.490 0.332359
0.500 -5.785001
0.510 -3.309779
0.520 2.502784
0.530 0.227109
0.540 1.244019
0.550 1.803345
0.560 -1.289028
0.570 0.730394
0.580 4.196809
0.590 0.967587
0.600 0.831032
0.610 0.027760
0.620 0.836761
0.630 0.636337
0.640 2.664860
0.650 -1.212825
0.660 2.091647
0.670 1.630290
0.680 0.198392
0.690 -0.887773
0.700 1.120629
0.710 0.719577
0.720 2.401807
0.730 -1.280416
0.740 -0.863455
0.750 -0.002205
0.760 -0.859094
0.770 2.284010
0.780 1.718565
0.790 -1.718412
0.800 -2.169662
0.810 2.907392
0.820 1.602568
0.830 -1.148949
0.840 1.706611
0.850 3.441012
0.860 -3.201121
0.870 2.172634
0.880 -0.606036
0.890 0.428918
0.900 -0.535112
0.910 -1.741279
0.920 -0.165611
0.930 2.200178
0.940 -1.254242
0.950 0.219414
0.960 -2.179292
0.970 -0.695745
0.980 -0.837722
0.990 -0.235324
