0.000 -1.616811
0.010 1.006776
0.020 0.593528
0.030 -0.131708
0.040 -0.034037
0.050 2.270140
0.060 1.416611
0.070 -1.361410
0.080 1.338399
0.090 -0.257596
0.100 -0.623557
0.110 1.240015
0.120 -1.434109
0.130 0.478773
0.140 0.794263
0.150 -1.567401
0.160 1.163539
0.170 -1.000643
0.180 -3.559634
0.190 -0.560726
0.200 -2.503956
0.210 -2.382310
0.220 -1.451949
0.230 0.349741
0.240 -1.426662
0.250 0.031206
0.260 -2.680959
0.270 2.013357
0.280 -1.800309
0.290 1.869758
0.300 2.505753
0.310 1.496880
0.320 1.562659
0.330 2.188015
0.340 -0.243502
0.350 0.596517
0.360 0.552893
0.370 1.779343
0.380 0.659075
0.390 -0.492630
0.400 0.430831
0.410 0.833208
0.420 0.927483
0.430 -0.298689
0.440 -0.267985
0.450 1.315713
0.460 -0.264387
0.470 -0.433745
0.480 -0.286434
0.490 1.646998
0.500 0.478098
0.510 1.037602
0.520 1.518846
0.530 0.145523
0.540 -0.731611
0.550 0.105435
0.560 2.068008
0.570 -0.708747
0.580 0.984756
0.590 1.738554
0.600 0.689690
0.610 -2.918947
0.620 -1.289482
0.630 -0.821695
0.640 0.575398
0.650 1.835752
0.660 -0.079949
0.670 -0.023724
0.680 -0.511261
0.690 4.179407
0.700 0.094267
0.710 2.359021
0.720 5.539687
0.730 -0.636961
0.740 0.898874
0.750 -1.268329
0.760 1.952189
0.770 0.140120
0.780 0.543123
0.790 1.480318
0.800 0.287213
0.810 3.344529
0.820 0.330992
0.830 -1.134669
0.840 0.363001
0.850 -0.130829
0.860 -0.725051
0.870 2.401818
0.880 0.695752
0.890 0.083452
0.900 -0.022601
0.910 -0.545295
0.920 0.596541
0.930 -3.384118
0.940 -1.896465
0.950 1.669468
0.960 -0.542991
0.970 -1.540441
0.980 0.682791
0.990 0.728935
