0.000 0.283618
0.010 0.904019
0.020 0.431884
0.030 0.709394
0.040 0.845508
0.050 0.570683
0.060 0.208028
0.070 0.737936
0.080 0.524558
0.090 1.115848
0.100 0.142185
0.110 0.160554
0.120 0.448873
0.130 0.779544
0.140 0.263107
0.150 0.746977
0.160 0.409525
0.170 1.090873
0.180 0.115037
0.190 0.153273
0.200 0.139076
0.210 0.387942
0.220 0.868101
0.230 0.629433
0.240 1.076977
0.250 0.174435
0.260 0.602526
0.270 0.981008
0.280 0.122141
0.290 0.439532
0.300 0.614195
0.310 0.846392
0.320 0.296748
0.330 0.761394
0.340 0.938302
0.350 0.008265
0.360 0.087809
0.370 0.552790
0.380 0.748711
0.390 0.547704
0.400 0.987420
0.410 0.882558
0.420 0.845566
0.430 0.924902
0.440 0.766771
0.450 0.576119
0.460 1.138922
0.470 0.808618
0.480 0.700608
0.490 0.616595
0.500 0.551416
0.510 0.785990
0.520 0.236403
0.530 0.383159
0.540 1.069694
0.550 0.804871
0.560 0.270786
0.570 1.008165
0.580 0.235010
0.590 0.971754
0.600 0.424852
0.610 0.935165
0.620 0.295815
0.630 0.539910
0.640 0.218503
0.650 0.213824
0.660 0.421539
0.670 0.839346
0.680 0.042928
0.690 0.812029
0.700 0.400032
0.710 0.945666
0.720 0.418196
0.730 0.120518
0.740 0.750108
0.750 0.119175
0.760 0.145267
0.770 0.799325
0.780 1.042392
0.790 0.120036
0.800 0.390167
0.810 0.993772
0.820 0.780541
0.830 0.318576
0.840 0.901548
0.850 0.657828
0.860 1.108723
0.870 0.864116
0.880 0.151584
0.890 1.122493
0.900 0.702173
0.910 0.791191
0.920 0.192263
0.930 0.343608
0.940 0.204000
0.950 0.621681
0.960 0.641897
0.970 0.584339
0.980 1.018130
0.990 0.286576
