0.000 2.391752
0.010 3.261349
0.020 5.889685
0.030 5.641528
0.040 1.129578
0.050 1.942070
0.060 0.608178
0.070 6.674470
0.080 5.562507
0.090 0.801430
0.100 0.051587
0.110 1.164929
0.120 1.811011
0.130 1.661844
0.140 5.994484
0.150 6.424386
0.160 4.940191
0.170 2.926104
0.180 6.725110
0.190 2.326067
0.200 5.418132
0.210 5.774682
0.220 0.176211
0.230 1.664738
0.240 2.459538
0.250 5.755833
0.260 0.958450
0.270 1.213824
0.280 4.462234
0.290 0.843183
0.300 4.517373
0.310 6.361478
0.320 6.439128
0.330 3.355879
0.340 1.624261
0.350 6.571233
0.360 5.953923
0.370 1.083573
0.380 4.607821
0.390 6.318630
0.400 2.361033
0.410 6.181889
0.420 4.176053
0.430 5.506741
0.440 0.381214
0.450 2.370548
0.460 1.799659
0.470 4.088904
0.480 1.721177
0.490 1.600731
0.500 4.672984
0.510 3.435381
0.520 2.514383
0.530 4.449975
0.540 1.355133
0.550 1.809852
0.560 1.064503
0.570 1.741939
0.580 6.624682
0.590 3.358873
0.600 1.245109
0.610 0.915810
0.620 4.990499
0.630 2.483120
0.640 4.426621
0.650 4.508061
0.660 0.728778
0.670 0.268716
0.680 5.766855
0.690 4.264168
0.700 6.403703
0.710 5.679954
0.720 4.928754
0.730 5.447054
0.740 5.786191
0.750 5.193600
0.760 3.623923
0.770 5.403239
0.780 5.301863
0.790 6.633444
0.800 5.497111
0.810 3.142467
0.820 3.320214
0.830 4.828690
0.840 6.274647
0.850 3.208453
0.860 3.470463
0.870 3.757680
0.880 4.746328
0.890 3.225238
0.900 0.935402
0.910 5.793591
0.920 6.747199
0.930 4.009105
0.940 5.308806
0.950 0.337853
0.960 1.510863
0.970 4.760636
0.980 0.736011
0.990 4.026218
