0.000 8.774864
0.010 0.226214
0.020 9.015262
0.030 4.296093
0.040 3.272001
0.050 6.775639
0.060 4.859507
0.070 0.149577
0.080 5.152123
0.090 0.350876
0.100 7.870665
0.110 8.846689
0.120 6.147578
0.130 7.428192
0.140 0.378320
0.150 8.745492
0.160 4.720930
0.170 2.911797
0.180 0.183243
0.190 9.083746
0.200 8.415440
0.210 2.021573
0.220 5.253011
0.230 4.428291
0.240 8.066916
0.250 1.635923
0.260 2.223227
0.270 7.456330
0.280 4.269422
0.290 4.541546
0.300 7.852130
0.310 2.567791
0.320 1.272586
0.330 8.732305
0.340 8.461753
0.350 4.256415
0.360 2.467123
0.370 0.554062
0.380 4.294807
0.390 1.454116
0.400 5.750373
0.410 4.939789
0.420 1.479307
0.430 7.383893
0.440 7.886342
0.450 1.372972
0.460 2.210453
0.470 8.304434
0.480 5.980327
0.490 7.869754
0.500 6.655995
0.510 4.244692
0.520 1.635629
0.530 6.437629
0.540 6.903643
0.550 1.392163
0.560 2.208906
0.570 3.434394
0.580 1.770135
0.590 6.350907
0.600 2.090357
0.610 6.995166
0.620 7.095045
0.630 1.686542
0.640 0.278046
0.650 1.437879
0.660 6.682511
0.670 1.695005
0.680 3.524208
0.690 2.011754
0.700 2.707278
0.710 6.610105
0.720 4.726860
0.730 4.349201
0.740 8.524277
0.750 2.670346
0.760 4.964821
0.770 4.724479
0.780 8.310297
0.790 3.169043
0.800 7.646001
0.810 2.126179
0.820 5.245772
0.830 4.281413
0.840 8.130003
0.850 5.687271
0.860 2.067196
0.870 3.789555
0.880 7.448843
0.890 4.299259
0.900 6.300880
0.910 5.572413
0.920 8.278295
0.930 0.362965
0.940 6.734761
0.950 0.988719
0.960 4.985097
0.970 6.726537
0.980 5.559527
0.990 8.664370
