0.000 1.569407
0.010 8.893855
0.020 8.327205
0.030 0.957909
0.040 4.939269
0.050 7.043232
0.060 5.817785
0.070 8.698630
0.080 1.752917
0.090 2.229522
0.100 8.606508
0.110 2.354607
0.120 0.745934
0.130 7.814645
0.140 1.421821
0.150 2.056163
0.160 0.873979
0.170 6.146765
0.180 1.566373
0.190 0.014821
0.200 2.782034
0.210 8.273467
0.220 3.050783
0.230 3.824734
0.240 2.029478
0.250 8.117832
0.260 7.105239
0.270 7.638688
0.280 1.164953
0.290 8.492253
0.300 6.249544
0.310 6.310044
0.320 6.057021
0.330 4.670867
0.340 7.954563
0.350 7.726502
0.360 6.313232
0.370 8.534241
0.380 4.803063
0.390 0.990865
0.400 2.732172
0.410 8.844308
0.420 5.232569
0.430 6.177151
0.440 7.152589
0.450 8.221319
0.460 0.810425
0.470 3.816745
0.480 4.005872
0.490 8.191184
0.500 7.232420
0.510 6.081024
0.520 5.550188
0.530 4.856178
0.540 8.378369
0.550 6.554553
0.560 5.121692
0.570 8.432714
0.580 8.309585
0.590 8.773982
0.600 0.499059
0.610 3.198564
0.620 5.083789
0.630 5.096244
0.640 6.109111
0.650 6.526001
0.660 4.970520
0.670 6.244406
0.680 7.092975
0.690 0.452207
0.700 0.966929
0.710 7.655101
0.720 4.037676
0.730 1.671191
0.740 7.142890
0.750 1.407746
0.760 5.375161
0.770 8.693385
0.780 7.955950
0.790 7.020021
0.800 3.995223
0.810 6.394811
0.820 3.621141
0.830 5.236086
0.840 7.404498
0.850 8.762410
0.860 0.697641
0.870 8.885359
0.880 2.379513
0.890 3.370417
0.900 8.181455
0.910 4.391345
0.920 7.993302
0.930 7.752214
0.940 0.742768
0.950 1.556944
0.960 3.982266
0.970 2.539401
0.980 3.852871
0.990 7.487004
