0.000 -0.857326
0.010 -0.717565
0.020 1.637144
0.030 1.373325
0.040 2.163423
0.050 -4.083252
0.060 1.727227
0.070 0.436918
0.080 0.114416
0.090 -0.299276
0.100 -1.167173
0.110 1.421450
0.120 -2.108408
0.130 -1.008121
0.140 0.228683
0.150 0.638912
0.160 -0.052249
0.170 -2.042980
0.180 -0.136355
0.190 -1.715801
0.200 4.639337
0.210 -2.907920
0.220 0.604484
0.230 0.035233
0.240 1.949956
0.250 0.271598
0.260 -2.536182
0.270 0.108038
0.280 1.861015
0.290 0.855643
0.300 0.920974
0.310 -1.684719
0.320 -0.734328
0.330 0.620904
0.340 0.001071
0.350 -0.309434
0.360 1.356581
0.370 0.868092
0.380 -0.680682
0.390 1.236780
0.400 -1.760188
0.410 1.448764
0.420 2.089920
0.430 -0.544182
0.440 -0.032782
0.450 -2.521260
0.460 1.465071
0.470 -3.086860
0.480 -1.252401
0.490 -1.911105
0.500 2.121864
0.510 -2.320948
0.520 1.042435
0.530 -0.185425
0.540 -0.253942
0.550 2.762403
0.560 1.003567
0.570 -1.127786
0.580 0.539643
0.590 -0.014456
0.600 0.914001
0.610 0.067523
0.620 -1.019893
0.630 1.768661
0.640 3.417538
0.650 1.046057
0.660 0.781296
0.670 -1.204650
0.680 -1.564966
0.690 -0.563313
0.700 2.177363
0.710 1.878275
0.720 0.317633
0.730 -1.675007
0.740 -0.224828
0.750 -1.251740
0.760 1.234798
0.770 0.664614
0.780 -3.219738
0.790 -1.755988
0.800 0.094358
0.810 -0.293524
0.820 1.089398
0.830 -1.027430
0.840 -0.051422
0.850 -1.250576
0.860 0.071358
0.870 -0.772082
0.880 0.775940
0.890 2.515952
0.900 -1.611092
0.910 0.993602
0.920 -1.019990
0.930 1.578257
0.940 -2.029677
0.950 -3.407958
0.960 -1.613763
0.970 0.406706
0.980 2.256234
0.990 -2.146229
