0.000 1.207249
0.010 2.337866
0.020 1.898120
0.030 1.661266
0.040 2.358691
0.050 1.329926
0.060 2.716561
0.070 1.438455
0.080 1.046425
0.090 2.700880
0.100 1.288399
0.110 0.505475
0.120 0.810152
0.130 3.245423
0.140 1.260682
0.150 3.394574
0.160 1.331883
0.170 0.780467
0.180 0.587706
0.190 1.249103
0.200 3.559628
0.210 3.372892
0.220 0.889618
0.230 2.081276
0.240 1.838073
0.250 1.600562
0.260 3.788341
0.270 1.130869
0.280 2.306199
0.290 0.711040
0.300 0.205894
0.310 4.029751
0.320 3.806796
0.330 3.026285
0.340 3.366593
0.350 0.152330
0.360 0.897304
0.370 1.578759
0.380 0.175561
0.390 0.223178
0.400 0.463651
0.410 1.699555
0.420 1.177005
0.430 1.405308
0.440 2.943421
0.450 0.369518
0.460 1.892380
0.470 4.049237
0.480 3.389842
0.490 2.242457
0.500 1.287862
0.510 0.396229
0.520 0.309444
0.530 1.214946
0.540 0.993130
0.550 1.328788
0.560 3.025923
0.570 0.372068
0.580 1.466113
0.590 0.593918
0.600 0.507138
0.610 0.177073
0.620 0.257830
0.630 1.078745
0.640 0.953840
0.650 2.368993
0.660 0.487638
0.670 4.176161
0.680 0.138852
0.690 0.390657
0.700 3.683503
0.710 1.392470
0.720 3.289572
0.730 2.205939
0.740 2.131263
0.750 2.227336
0.760 2.040207
0.770 0.496972
0.780 2.594166
0.790 2.165238
0.800 1.119014
0.810 2.983498
0.820 2.574572
0.830 0.948038
0.840 1.223719
0.850 3.516696
0.860 1.516853
0.870 3.134870
0.880 2.020458
0.890 0.580447
0.900 1.521790
0.910 1.656305
0.920 3.382090
0.930 0.727420
0.940 3.878402
0.950 0.482924
0.960 2.531530
0.970 0.331967
0.980 1.738005
0.990 0.075251
