0.000 0.236003
0.010 0.173742
0.020 0.028601
0.030 0.235419
0.040 0.055007
0.050 0.250038
0.060 0.271965
0.070 0.393138
0.080 0.030090
0.090 0.127767
0.100 0.095864
0.110 0.372894
0.120 0.396382
0.130 0.126392
0.140 0.016089
0.150 0.393781
0.160 0.271282
0.170 0.241418
0.180 0.076644
0.190 0.000218
0.200 0.361022
0.210 0.163536
0.220 0.060159
0.230 0.074244
0.240 0.086711
0.250 0.240847
0.260 0.075030
0.270 0.006437
0.280 0.403685
0.290 0.072821
0.300 0.168263
0.310 0.108194
0.320 0.157834
0.330 0.026254
0.340 0.341190
0.350 0.318170
0.360 0.328384
0.370 0.101405
0.380 0.153692
0.390 0.382687
0.400 0.403642
0.410 0.173501
0.420 0.080789
0.430 0.326913
0.440 0.024716
0.450 0.238377
0.460 0.210727
0.470 0.272811
0.480 0.242200
0.490 0.360614
0.500 0.160773
0.510 0.008405
0.520 0.296473
0.530 0.029451
0.540 0.284090
0.550 0.206298
0.560 0.286442
0.570 0.226978
0.580 0.197041
0.590 0.374309
0.600 0.228403
0.610 0.333576
0.620 0.007260
0.630 0.010638
0.640 0.263803
0.650 0.266588
0.660 0.194178
0.670 0.345403
0.680 0.366892
0.690 0.307211
0.700 0.396096
0.710 0.101412
0.720 0.190497
0.730 0.373226
0.740 0.290253
0.750 0.328106
0.760 0.041745
0.770 0.336153
0.780 0.275747
0.790 0.240342
0.800 0.027588
0.810 0.171243
0.820 0.290754
0.830 0.361283
0.840 0.005273
0.850 0.171919
0.860 0.281229
0.870 0.361237
0.880 0.334647
0.890 0.133906
0.900 0.332648
0.910 0.085733
0.920 0.005453
0.930 0.158242
0.940 0.060824
0.950 0.404275
0.960 0.068871
0.970 0.372433
0.980 0.058052
0.990 0.254356
