0.000 2.064399
0.010 0.845874
0.020 0.819985
0.030 2.079746
0.040 1.357054
0.050 0.400431
0.060 2.017582
0.070 1.934198
0.080 2.205190
0.090 1.122291
0.100 1.483332
0.110 1.088176
0.120 0.930659
0.130 1.512955
0.140 2.103317
0.150 1.187614
0.160 1.798369
0.170 0.740764
0.180 2.194014
0.190 1.609482
0.200 1.704572
0.210 0.044453
0.220 0.755304
0.230 0.336310
0.240 2.044219
0.250 0.777165
0.260 1.633593
0.270 2.219748
0.280 2.000470
0.290 0.628393
0.300 2.211421
0.310 1.572205
0.320 0.892918
0.330 1.848006
0.340 1.238717
0.350 0.411074
0.360 1.853382
0.370 1.641318
0.380 1.605808
0.390 0.578731
0.400 1.824017
0.410 0.712293
0.420 1.973988
0.430 0.439737
0.440 0.719636
0.450 1.950833
0.460 0.381199
0.470 1.583588
0.480 1.639236
0.490 1.856957
0.500 1.798868
0.510 0.275434
0.520 1.758819
0.530 1.273331
0.540 1.797815
0.550 2.384663
0.560 0.092638
0.570 1.010998
0.580 0.221390
0.590 2.026568
0.600 0.698381
0.610 2.161832
0.620 1.507720
0.630 0.721249
0.640 1.653184
0.650 2.331274
0.660 1.784858
0.670 1.515147
0.680 1.320400
0.690 0.315876
0.700 1.156048
0.710 2.115700
0.720 0.239129
0.730 0.284609
0.740 0.581270
0.750 0.447268
0.760 0.636947
0.770 2.073310
0.780 0.636104
0.790 0.805428
0.800 0.332723
0.810 0.826185
0.820 2.416800
0.830 2.220904
0.840 0.326836
0.850 0.823851
0.860 1.304957
0.870 2.552270
0.880 2.102120
0.890 1.994008
0.900 2.260549
0.910 2.494453
0.920 0.301534
0.930 0.889646
0.940 0.728925
0.950 2.291081
0.960 0.715208
0.970 0.731751
0.980 0.550176
0.990 0.567540
