0.000 0.364934
0.010 0.145432
0.020 0.703835
0.030 0.449814
0.040 0.035258
0.050 0.285091
0.060 0.497788
0.070 0.392946
0.080 0.667266
0.090 0.588685
0.100 0.551129
0.110 0.790083
0.120 0.032139
0.130 0.238755
0.140 0.052720
0.150 0.256028
0.160 0.090934
0.170 0.047006
0.180 0.687037
0.190 0.688046
0.200 0.261576
0.210 0.280628
0.220 0.071417
0.230 0.445391
0.240 0.389055
0.250 0.814540
0.260 0.353471
0.270 0.186452
0.280 0.766319
0.290 0.585688
0.300 0.440602
0.310 0.713300
0.320 0.756609
0.330 0.298255
0.340 0.102482
0.350 0.551018
0.360 0.637149
0.370 0.828720
0.380 0.200454
0.390 0.389724
0.400 0.295085
0.410 0.518706
0.420 0.837949
0.430 0.665904
0.440 0.547478
0.450 0.670399
0.460 0.412937
0.470 0.514012
0.480 0.796056
0.490 0.488634
0.500 0.245250
0.510 0.583419
0.520 0.249858
0.530 0.825890
0.540 0.590629
0.550 0.045553
0.560 0.410613
0.570 0.751157
0.580 0.483281
0.590 0.806668
0.600 0.432369
0.610 0.497200
0.620 0.386202
0.630 0.053934
0.640 0.539302
0.650 0.205674
0.660 0.553592
0.670 0.526075
0.680 0.723941
0.690 0.063311
0.700 0.626071
0.710 0.369494
0.720 0.631940
0.730 0.670138
0.740 0.571934
0.750 0.064293
0.760 0.082405
0.770 0.263302
0.780 0.241853
0.790 0.538000
0.800 0.781769
0.810 0.198382
0.820 0.318382
0.830 0.688956
0.840 0.369753
0.850 0.095971
0.860 0.796521
0.870 0.232588
0.880 0.566624
0.890 0.664679
0.900 0.749377
0.910 0.438483
0.920 0.190481
0.930 0.401805
0.940 0.451171
0.950 0.159235
0.960 0.760792
0.970 0.691337
0.980 0.835495
0.990 0.671139
