0.000 0.500713
0.010 0.472284
0.020 0.979244
0.030 0.906259
0.040 0.650373
0.050 0.979147
0.060 0.051578
0.070 0.559116
0.080 1.020834
0.090 0.111051
0.100 0.881504
0.110 0.310452
0.120 0.422630
0.130 0.655355
0.140 0.779075
0.150 0.950125
0.160 0.827354
0.170 0.014770
0.180 0.073684
0.190 0.772155
0.200 0.715500
0.210 0.019965
0.220 0.180697
0.230 0.464381
0.240 0.352386
0.250 0.478381
0.260 0.689974
0.270 0.466458
0.280 0.655428
0.290 1.015558
0.300 0.348456
0.310 0.939620
0.320 0.733814
0.330 0.203526
0.340 0.057142
0.350 0.751225
0.360 0.319131
0.370 0.527867
0.380 1.057466
0.390 0.681543
0.400 0.307574
0.410 0.193154
0.420 0.619294
0.430 0.949915
0.440 0.025842
0.450 0.884241
0.460 0.261403
0.470 0.655080
0.480 0.646100
0.490 0.890308
0.500 0.268094
0.510 0.817197
0.520 1.008416
0.530 0.794824
0.540 0.136032
0.550 0.460742
0.560 0.479610
0.570 0.309966
0.580 0.879978
0.590 0.157663
0.600 0.201056
0.610 1.014710
0.620 0.245420
0.630 0.802913
0.640 0.297754
0.650 0.296414
0.660 0.016530
0.670 0.629572
0.680 0.245508
0.690 0.994722
0.700 0.685392
0.710 0.348898
0.720 0.290269
0.730 0.435338
0.740 0.163792
0.750 0.958098
0.760 1.020237
0.770 0.649543
0.780 0.034082
0.790 0.917795
0.800 0.432438
0.810 0.699083
0.820 0.904721
0.830 0.320017
0.840 0.124116
0.850 1.002753
0.860 0.325122
0.870 0.276961
0.880 0.234446
0.890 0.653742
0.900 0.511100
0.910 0.229735
0.920 0.919596
0.930 0.860572
0.940 0.300397
0.950 0.373360
0.960 0.479630
0.970 0.922001
0.980 0.018281
0.990 0.749903
