0.000 0.157707
0.010 0.066996
0.020 0.107816
0.030 0.058953
0.040 0.064164
0.050 0.234303
0.060 0.161804
0.070 0.226275
0.080 0.209150
0.090 0.028390
0.100 0.002384
0.110 0.256283
0.120 0.199705
0.130 0.235671
0.140 0.220644
0.150 0.092360
0.160 0.177264
0.170 0.052684
0.180 0.220958
0.190 0.242044
0.200 0.236972
0.210 0.061702
0.220 0.147997
0.230 0.056165
0.240 0.187742
0.250 0.026863
0.260 0.236694
0.270 0.140920
0.280 0.175864
0.290 0.253045
0.300 0.190075
0.310 0.084284
0.320 0.047258
0.330 0.090826
0.340 0.214493
0.350 0.236445
0.360 0.018575
0.370 0.082912
0.380 0.001258
0.390 0.158929
0.400 0.192954
0.410 0.049446
0.420 0.014956
0.430 0.204558
0.440 0.201298
0.450 0.220449
0.460 0.234632
0.470 0.118316
0.480 0.060943
0.490 0.158294
0.500 0.142600
0.510 0.186789
0.520 0.152946
0.530 0.014558
0.540 0.093908
0.550 0.193676
0.560 0.156510
0.570 0.042416
0.580 0.214671
0.590 0.198309
0.600 0.238240
0.610 0.043195
0.620 0.204409
0.630 0.122026
0.640 0.120724
0.650 0.027864
0.660 0.157112
0.670 0.077696
0.680 0.173551
0.690 0.021650
0.700 0.084932
0.710 0.159706
0.720 0.202478
0.730 0.111540
0.740 0.049694
0.750 0.213136
0.760 0.175937
0.770 0.176165
0.780 0.146237
0.790 0.063309
0.800 0.048667
0.810 0.220732
0.820 0.126676
0.830 0.116711
0.840 0.106694
0.850 0.045824
0.860 0.058507
0.870 0.171447
0.880 0.110062
0.890 0.084464
0.900 0.100922
0.910 0.147897
0.920 0.083201
0.930 0.245737
0.940 0.249474
0.950 0.095259
0.960 0.247098
0.970 0.068791
0.980 0.084200
0.990 0.025211
