0.000 0.048894
0.010 2.801953
0.020 0.512439
0.030 1.996943
0.040 2.510424
0.050 1.694869
0.060 0.409966
0.070 0.139509
0.080 0.599113
0.090 3.016324
0.100 1.206576
0.110 2.802232
0.120 0.976621
0.130 2.484532
0.140 0.053350
0.150 2.067813
0.160 3.313695
0.170 0.108090
0.180 0.250540
0.190 0.671056
0.200 0.132198
0.210 1.087895
0.220 2.265287
0.230 1.049992
0.240 0.551763
0.250 1.032593
0.260 0.382735
0.270 0.190190
0.280 0.298462
0.290 0.404374
0.300 0.861207
0.310 0.679213
0.320 1.374952
0.330 2.405578
0.340 0.977020
0.350 3.290243
0.360 0.584115
0.370 3.070625
0.380 1.949306
0.390 2.184850
0.400 1.784280
0.410 0.382408
0.420 1.979683
0.430 1.959700
0.440 1.919241
0.450 1.417416
0.460 1.675978
0.470 3.326467
0.480 3.003878
0.490 3.289379
0.500 2.666341
0.510 0.991304
0.520 1.436448
0.530 0.237543
0.540 1.527724
0.550 0.806799
0.560 1.144801
0.570 2.944270
0.580 1.300970
0.590 0.494710
0.600 1.790768
0.610 3.285093
0.620 2.869243
0.630 0.114956
0.640 1.135999
0.650 2.812435
0.660 1.819973
0.670 0.044892
0.680 0.375258
0.690 0.192554
0.700 1.575904
0.710 1.765640
0.720 3.349835
0.730 2.106366
0.740 0.350758
0.750 0.371052
0.760 2.193993
0.770 3.020949
0.780 3.315196
0.790 0.950182
0.800 3.394213
0.810 1.464189
0.820 1.162509
0.830 1.514951
0.840 0.056874
0.850 1.770081
0.860 2.249285
0.870 0.403930
0.880 0.982388
0.890 0.541703
0.900 1.401167
0.910 2.622955
0.920 3.322492
0.930 1.300459
0.940 1.016646
0.950 2.179944
0.960 2.340381
0.970 0.597929
0.980 2.943761
0.990 3.230003
