0.000 1.237063
0.010 5.808224
0.020 6.131028
0.030 2.136830
0.040 4.557205
0.050 0.723494
0.060 6.803634
0.070 0.151762
0.080 2.230938
0.090 2.847481
0.100 0.412241
0.110 1.774310
0.120 4.859729
0.130 3.650513
0.140 4.845148
0.150 7.246574
0.160 4.124713
0.170 0.914730
0.180 1.830131
0.190 0.170286
0.200 1.172925
0.210 4.733054
0.220 0.309641
0.230 5.556747
0.240 7.200120
0.250 3.365395
0.260 2.406915
0.270 4.109729
0.280 1.833991
0.290 5.020632
0.300 0.127380
0.310 0.948096
0.320 2.888698
0.330 0.674419
0.340 4.018574
0.350 5.408929
0.360 2.058342
0.370 2.681961
0.380 1.089280
0.390 2.671976
0.400 0.631687
0.410 3.116582
0.420 1.021180
0.430 3.403695
0.440 3.029099
0.450 6.411645
0.460 0.223185
0.470 6.054066
0.480 2.810088
0.490 5.608794
0.500 6.887583
0.510 5.464297
0.520 7.213462
0.530 4.628552
0.540 4.657867
0.550 6.340518
0.560 4.668741
0.570 5.508116
0.580 2.677937
0.590 6.380628
0.600 0.372946
0.610 5.660684
0.620 2.977027
0.630 0.056533
0.640 0.123959
0.650 5.815223
0.660 0.451960
0.670 6.400319
0.680 5.168969
0.690 0.687821
0.700 4.901460
0.710 3.182812
0.720 1.156951
0.730 4.298301
0.740 1.475790
0.750 4.014870
0.760 1.496649
0.770 0.589345
0.780 4.996814
0.790 1.554242
0.800 4.518765
0.810 3.800238
0.820 5.992197
0.830 1.736257
0.840 6.099175
0.850 4.869949
0.860 6.248378
0.870 7.307623
0.880 7.250232
0.890 5.882517
0.900 4.109202
0.910 3.898682
0.920 4.556405
0.930 0.696090
0.940 2.185435
0.950 2.771086
0.960 1.029524
0.970 3.894784
0.980 3.979489
0.990 2.570959
