0.000 0.581340
0.010 3.462876
0.020 0.998885
0.030 4.558894
0.040 1.298283
0.050 1.119774
0.060 1.581387
0.070 -0.215789
0.080 1.463270
0.090 1.672260
0.100 3.652180
0.110 -0.537189
0.120 2.782729
0.130 -1.083815
0.140 -0.120643
0.150 1.075722
0.160 -2.120599
0.170 -0.662562
0.180 0.116497
0.190 0.192296
0.200 -0.511950
0.210 0.653457
0.220 1.286376
0.230 1.743363
0.240 2.829513
0.250 0.070165
0.260 -3.697601
0.270 1.511285
0.280 -1.459776
0.290 -0.743095
0.300 0.292577
0.310 -0.556657
0.320 2.081653
0.330 -1.176406
0.340 0.966772
0.350 -0.960665
0.360 -1.685681
0.370 3.006433
0.380 0.411011
0.390 -1.097029
0.400 -0.990481
0.410 1.270566
0.420 3.859895
0.430 -2.141507
0.440 -0.264225
0.450 -2.680739
0.460 1.183693
0.470 4.127879
0.480 -1.604662
0.490 1.702633
0.500 -0.447371
0.510 0.350725
0.520 -1.807278
0.530 2.088701
0.540 -0.096953
0.550 3.478923
0.560 -1.506379
0.570 0.275471
0.580 0.754850
0.590 -0.982585
0.600 -0.635000
0.610 -1.490733
0.620 1.603045
0.630 1.155258
0.640 -0.787849
0.650 2.830334
0.660 -2.916112
0.670 2.417638
0.680 -0.826561
0.690 2.951891
0.700 1.173923
0.710 -0.182917
0.720 2.481108
0.730 1.775992
0.740 -2.118908
0.750 0.786516
0.760 -0.480602
0.770 -0.865438
0.780 0.789821
0.790 -1.065344
0.800 -1.456299
0.810 2.642989
0.820 1.792471
0.830 1.393701
0.840 2.117120
0.850 1.119266
0.860 2.052747
0.870 -2.533429
0.880 1.328604
0.890 0.209589
0.900 1.434141
0.910 0.584913
0.920 -2.516286
0.930 -0.241976
0.940 -1.691822
0.950 -1.316848
0.960 -1.381941
0.970 2.436781
0.980 -1.110331
0.990 -0.673401
