0.000 1.956003
0.010 0.847235
0.020 1.508712
0.030 0.789301
0.040 0.710224
0.050 1.377737
0.060 1.483437
0.070 1.571447
0.080 1.904462
0.090 1.111248
0.100 0.638641
0.110 2.603831
0.120 0.703852
0.130 1.955619
0.140 1.234383
0.150 1.344369
0.160 3.241058
0.170 0.274514
0.180 2.649742
0.190 3.142275
0.200 0.750206
0.210 2.291520
0.220 0.286964
0.230 0.400318
0.240 2.000296
0.250 1.831590
0.260 0.830604
0.270 1.656219
0.280 2.833297
0.290 2.796784
0.300 1.894593
0.310 0.254062
0.320 1.522051
0.330 1.259323
0.340 2.168897
0.350 1.562798
0.360 0.162588
0.370 2.670100
0.380 1.086403
0.390 3.269193
0.400 3.253438
0.410 3.116910
0.420 1.497982
0.430 1.059206
0.440 1.521544
0.450 1.841510
0.460 3.264449
0.470 0.764296
0.480 2.666160
0.490 2.435035
0.500 2.092447
0.510 2.436491
0.520 2.278658
0.530 3.363928
0.540 1.503451
0.550 0.805388
0.560 2.274993
0.570 0.993836
0.580 1.864692
0.590 1.061294
0.600 1.434712
0.610 2.179146
0.620 0.282866
0.630 0.307701
0.640 3.163187
0.650 3.196560
0.660 0.190260
0.670 1.609514
0.680 1.529484
0.690 2.166600
0.700 2.815669
0.710 1.804376
0.720 3.225503
0.730 0.057229
0.740 0.521621
0.750 1.251385
0.760 1.859509
0.770 1.380725
0.780 0.124989
0.790 3.016169
0.800 2.015367
0.810 2.319027
0.820 2.869375
0.830 0.245551
0.840 1.490660
0.850 0.064141
0.860 0.834396
0.870 1.724408
0.880 0.125169
0.890 3.096172
0.900 1.688847
0.910 0.423286
0.920 2.362878
0.930 1.167346
0.940 0.465528
0.950 2.029405
0.960 1.411840
0.970 2.019779
0.980 1.650350
0.990 1.918958
