0.000 -1.261053
0.010 0.701311
0.020 -0.090751
0.030 0.697457
0.040 1.799551
0.050 -1.473451
0.060 -0.377008
0.070 3.022769
0.080 -0.143200
0.090 2.337995
0.100 -0.740946
0.110 0.421585
0.120 2.338788
0.130 -1.311999
0.140 3.211881
0.150 1.122444
0.160 -1.389261
0.170 0.646684
0.180 0.173271
0.190 2.784758
0.200 -3.794104
0.210 0.546110
0.220 -0.925413
0.230 0.609054
0.240 2.292442
0.250 -0.052368
0.260 1.772021
0.270 0.824724
0.280 -2.234785
0.290 -3.238450
0.300 0.943732
0.310 0.802413
0.320 0.966077
0.330 -2.050300
0.340 1.767379
0.350 0.148027
0.360 0.940658
0.370 2.480120
0.380 -0.360069
0.390 3.429388
0.400 0.101406
0.410 0.255890
0.420 1.891806
0.430 0.746344
0.440 1.531521
0.450 -0.248439
0.460 0.179452
0.470 -1.730096
0.480 -2.528051
0.490 -1.003769
0.500 -0.345634
0.510 -1.543389
0.520 2.213791
0.530 -0.744153
0.540 1.949896
0.550 -0.256267
0.560 0.963873
0.570 1.590913
0.580 -0.008472
0.590 -1.374957
0.600 -1.368697
0.610 0.878217
0.620 0.786446
0.630 -0.706402
0.640 1.217750
0.650 1.361586
0.660 0.611312
0.670 1.329104
0.680 1.111328
0.690 0.163710
0.700 0.769169
0.710 0.413904
0.720 -2.159151
0.730 5.815877
0.740 1.784366
0.750 2.807576
0.760 1.731566
0.770 -2.015323
0.780 1.123317
0.790 -0.227976
0.800 -0.854757
0.810 0.802910
0.820 -2.355768
0.830 1.930299
0.840 -1.603378
0.850 -1.474240
0.860 -0.157051
0.870 0.677823
0.880 -0.407026
0.890 -0.620417
0.900 0.316591
0.910 -1.224707
0.920 -0.581686
0.930 0.461712
0.940 1.378619
0.950 -0.195641
0.960 -0.314692
0.970 0.418978
0.980 -0.627222
0.990 1.940978
