0.000 0.155927
0.010 0.373886
0.020 1.220845
0.030 1.689174
0.040 1.343582
0.050 0.199653
0.060 2.189562
0.070 0.840568
0.080 0.156568
0.090 1.056670
0.100 1.488365
0.110 -2.266083
0.120 1.677834
0.130 2.150607
0.140 -2.630081
0.150 -0.863880
0.160 -0.428324
0.170 0.204542
0.180 0.542343
0.190 1.335624
0.200 2.326482
0.210 -0.957408
0.220 -0.398425
0.230 -0.162103
0.240 0.432336
0.250 -0.432526
0.260 2.817837
0.270 -0.210483
0.280 1.416000
0.290 0.320972
0.300 -1.353301
0.310 -0.295478
0.320 3.251963
0.330 0.418544
0.340 0.981932
0.350 0.542379
0.360 -1.241343
0.370 2.754473
0.380 0.186115
0.390 -0.194283
0.400 4.293145
0.410 -1.820949
0.420 1.483039
0.430 -2.315771
0.440 -1.640011
0.450 -0.546242
0.460 -3.757639
0.470 -0.676577
0.480 1.036098
0.490 -0.347760
0.500 -0.167515
0.510 1.169413
0.520 -1.132931
0.530 2.356832
0.540 -3.385339
0.550 -1.511241
0.560 0.918189
0.570 1.399964
0.580 0.617404
0.590 1.576612
0.600 2.123177
0.610 0.968868
0.620 -0.405445
0.630 3.325160
0.640 3.244581
0.650 0.740108
0.660 0.217595
0.670 3.515641
0.680 -0.833967
0.690 -2.617182
0.700 0.597832
0.710 -0.273496
0.720 -0.088749
0.730 1.266289
0.740 -0.495770
0.750 -2.939419
0.760 2.714217
0.770 1.686589
0.780 0.456916
0.790 2.345710
0.800 2.976433
0.810 -0.017504
0.820 -3.058863
0.830 2.963620
0.840 3.461438
0.850 -1.039843
0.860 1.730293
0.870 -0.292814
0.880 0.235301
0.890 2.930905
0.900 -1.564108
0.910 1.808112
0.920 0.169867
0.930 -1.118878
0.940 2.931368
0.950 -0.404377
0.960 -1.128381
0.970 -0.552569
0.980 -1.917844
0.990 0.170913
