0.000 0.088690
0.010 0.283903
0.020 0.159624
0.030 0.059464
0.040 0.181235
0.050 0.469765
0.060 0.029714
0.070 0.133138
0.080 0.463934
0.090 0.342702
0.100 0.179601
0.110 0.273854
0.120 0.244211
0.130 0.444872
0.140 0.171346
0.150 0.268956
0.160 0.406830
0.170 0.533823
0.180 0.059352
0.190 0.329384
0.200 0.106265
0.210 0.554323
0.220 0.060646
0.230 0.474898
0.240 0.032713
0.250 0.191931
0.260 0.064849
0.270 0.132756
0.280 0.005510
0.290 0.028993
0.300 0.392264
0.310 0.226261
0.320 0.454702
0.330 0.400539
0.340 0.171925
0.350 0.240894
0.360 0.542481
0.370 0.355574
0.380 0.165887
0.390 0.458995
0.400 0.485723
0.410 0.546854
0.420 0.164973
0.430 0.179621
0.440 0.221921
0.450 0.473757
0.460 0.499538
0.470 0.025710
0.480 0.095564
0.490 0.281074
0.500 0.392559
0.510 0.339317
0.520 0.196882
0.530 0.105349
0.540 0.558159
0.550 0.416179
0.560 0.097150
0.570 0.440990
0.580 0.520896
0.590 0.482549
0.600 0.498952
0.610 0.241856
0.620 0.295971
0.630 0.469914
0.640 0.126197
0.650 0.471207
0.660 0.538732
0.670 0.076844
0.680 0.275647
0.690 0.549221
0.700 0.090756
0.710 0.561820
0.720 0.044505
0.730 0.368305
0.740 0.346587
0.750 0.183217
0.760 0.193033
0.770 0.008166
0.780 0.445511
0.790 0.416833
0.800 0.361276
0.810 0.241409
0.820 0.546834
0.830 0.478395
0.840 0.357633
0.850 0.025683
0.860 0.166112
0.870 0.371438
0.880 0.550291
0.890 0.234758
0.900 0.050251
0.910 0.440350
0.920 0.126040
0.930 0.178080
0.940 0.409132
0.950 0.161820
0.960 0.531893
0.970 0.521090
0.980 0.116812
0.990 0.165283
