0.000 6.584485
0.010 5.035727
0.020 4.718211
0.030 6.485399
0.040 4.482479
0.050 2.285888
0.060 4.888792
0.070 1.260580
0.080 4.385002
0.090 6.079250
0.100 0.596552
0.110 4.858158
0.120 5.675962
0.130 5.101896
0.140 6.444445
0.150 6.774060
0.160 3.630151
0.170 4.593973
0.180 0.613647
0.190 0.946965
0.200 6.761420
0.210 4.522791
0.220 7.585808
0.230 7.087332
0.240 5.671232
0.250 3.081573
0.260 2.507072
0.270 6.394324
0.280 2.988179
0.290 3.740939
0.300 0.044515
0.310 6.979998
0.320 5.087322
0.330 1.447112
0.340 1.792615
0.350 6.644959
0.360 5.786455
0.370 0.829891
0.380 5.328599
0.390 1.587480
0.400 1.687835
0.410 1.922547
0.420 5.674412
0.430 6.681991
0.440 0.709484
0.450 0.925750
0.460 1.952528
0.470 6.580991
0.480 3.854893
0.490 1.392669
0.500 5.925440
0.510 3.866699
0.520 5.445819
0.530 3.804564
0.540 2.146515
0.550 4.798597
0.560 0.771434
0.570 7.438578
0.580 7.379579
0.590 1.099767
0.600 4.639425
0.610 2.048716
0.620 2.836028
0.630 0.186369
0.640 1.984533
0.650 5.450182
0.660 2.116126
0.670 4.802982
0.680 2.669402
0.690 7.329485
0.700 0.927638
0.710 4.201079
0.720 4.464030
0.730 2.107008
0.740 2.334666
0.750 4.031808
0.760 0.947907
0.770 3.509939
0.780 1.844254
0.790 4.009326
0.800 1.154406
0.810 6.746173
0.820 6.478408
0.830 6.361444
0.840 7.430903
0.850 0.586380
0.860 3.618675
0.870 5.616310
0.880 4.569444
0.890 2.914833
0.900 5.244102
0.910 4.797565
0.920 6.045558
0.930 2.936474
0.940 3.142385
0.950 1.056525
0.960 5.628459
0.970 6.458841
0.980 6.594228
0.990 0.430277
