0.000 5.273182
0.010 5.032891
0.020 3.325670
0.030 5.186746
0.040 2.136525
0.050 6.305672
0.060 1.627343
0.070 4.645725
0.080 5.293848
0.090 3.799523
0.100 6.435044
0.110 5.359040
0.120 3.638514
0.130 6.426179
0.140 2.863624
0.150 4.977725
0.160 0.218656
0.170 5.175239
0.180 2.056349
0.190 2.046586
0.200 2.650373
0.210 0.493813
0.220 6.197969
0.230 3.507161
0.240 5.945210
0.250 4.442923
0.260 1.447024
0.270 3.174290
0.280 0.746458
0.290 5.433037
0.300 4.868660
0.310 0.213333
0.320 2.992736
0.330 4.203396
0.340 3.473862
0.350 4.236937
0.360 1.438092
0.370 4.431726
0.380 2.785395
0.390 2.207581
0.400 0.554062
0.410 5.004272
0.420 1.274643
0.430 6.426098
0.440 0.353737
0.450 1.946517
0.460 6.354964
0.470 4.175870
0.480 5.256707
0.490 1.713913
0.500 6.476871
0.510 6.237897
0.520 4.045413
0.530 1.989395
0.540 4.452122
0.550 6.080351
0.560 4.167725
0.570 4.218310
0.580 1.693790
0.590 4.999784
0.600 0.493845
0.610 1.858267
0.620 3.224461
0.630 4.680389
0.640 4.189801
0.650 2.943629
0.660 3.494686
0.670 2.284140
0.680 0.226993
0.690 3.626323
0.700 5.478056
0.710 0.865847
0.720 4.120171
0.730 3.249904
0.740 2.096015
0.750 3.261135
0.760 3.690308
0.770 3.848037
0.780 2.186719
0.790 2.591766
0.800 3.955474
0.810 5.632825
0.820 1.295038
0.830 0.948224
0.840 5.149362
0.850 0.471390
0.860 1.230598
0.870 4.201270
0.880 4.719723
0.890 5.643577
0.900 4.092197
0.910 0.590785
0.920 4.677143
0.930 4.203872
0.940 4.384748
0.950 2.234571
0.960 3.290643
0.970 2.076436
0.980 4.305571
0.990 3.893860
