0.000 1.489808
0.010 2.178875
0.020 1.733316
0.030 0.684897
0.040 1.100405
0.050 1.033245
0.060 0.457884
0.070 1.515428
0.080 1.061738
0.090 0.560699
0.100 1.476613
0.110 0.124881
0.120 1.192383
0.130 1.310295
0.140 1.118162
0.150 1.606688
0.160 0.957373
0.170 2.007345
0.180 0.988320
0.190 1.145982
0.200 1.971554
0.210 2.266820
0.220 1.103520
0.230 0.149358
0.240 1.348808
0.250 1.134915
0.260 1.189642
0.270 2.026308
0.280 1.999037
0.290 1.026185
0.300 0.823514
0.310 0.670660
0.320 0.001939
0.330 0.011506
0.340 0.407499
0.350 0.179128
0.360 1.050501
0.370 2.204314
0.380 2.145996
0.390 0.986383
0.400 0.041623
0.410 1.002173
0.420 2.325182
0.430 0.455065
0.440 0.715183
0.450 1.953963
0.460 2.276845
0.470 1.674184
0.480 0.848287
0.490 1.607404
0.500 0.917920
0.510 1.341557
0.520 1.711569
0.530 1.276438
0.540 1.716819
0.550 2.007203
0.560 0.058185
0.570 0.345181
0.580 0.321719
0.590 1.877056
0.600 1.794903
0.610 0.910884
0.620 2.125328
0.630 1.693390
0.640 0.029042
0.650 0.905824
0.660 0.798689
0.670 1.078463
0.680 1.204208
0.690 2.281859
0.700 2.023777
0.710 0.635691
0.720 0.080637
0.730 1.600328
0.740 1.882499
0.750 2.209184
0.760 1.184580
0.770 1.745878
0.780 1.306005
0.790 0.015746
0.800 1.321283
0.810 2.329597
0.820 0.037071
0.830 0.435543
0.840 2.066535
0.850 2.246678
0.860 1.583276
0.870 0.521462
0.880 1.159400
0.890 1.629352
0.900 1.100198
0.910 1.656030
0.920 1.603612
0.930 0.117434
0.940 1.663677
0.950 1.082293
0.960 0.153121
0.970 1.340938
0.980 0.232713
0.990 0.647049
