0.000 2.192542
0.010 1.143118
0.020 2.174414
0.030 0.109186
0.040 0.180972
0.050 2.083558
0.060 0.930257
0.070 0.879036
0.080 1.804704
0.090 2.331411
0.100 2.258526
0.110 0.780136
0.120 0.278001
0.130 1.850701
0.140 0.058430
0.150 0.037900
0.160 1.776456
0.170 1.362054
0.180 1.092337
0.190 1.862016
0.200 0.121971
0.210 2.070591
0.220 0.283880
0.230 2.127789
0.240 1.886919
0.250 1.073708
0.260 2.334029
0.270 0.969225
0.280 0.326663
0.290 1.883593
0.300 1.264677
0.310 2.214095
0.320 2.036914
0.330 2.000380
0.340 1.987435
0.350 0.829045
0.360 2.096634
0.370 1.382660
0.380 0.115786
0.390 0.042762
0.400 0.215756
0.410 1.078129
0.420 2.006815
0.430 0.983983
0.440 1.780740
0.450 0.736093
0.460 0.929565
0.470 0.066725
0.480 1.819073
0.490 1.916422
0.500 0.785170
0.510 1.413436
0.520 2.477401
0.530 2.182483
0.540 0.643332
0.550 0.881784
0.560 0.708640
0.570 1.239196
0.580 1.384151
0.590 1.537281
0.600 1.602961
0.610 1.919787
0.620 0.766948
0.630 2.447764
0.640 0.185787
0.650 2.157160
0.660 0.192533
0.670 1.721825
0.680 2.097826
0.690 1.238958
0.700 1.510467
0.710 1.092771
0.720 0.526427
0.730 1.124687
0.740 1.578366
0.750 1.167632
0.760 0.174879
0.770 1.095011
0.780 1.655177
0.790 1.254673
0.800 1.593444
0.810 0.765872
0.820 1.544643
0.830 0.585212
0.840 0.888503
0.850 1.784858
0.860 0.965126
0.870 1.461327
0.880 1.689890
0.890 0.475792
0.900 1.930625
0.910 1.914778
0.920 0.053676
0.930 0.224415
0.940 0.656438
0.950 1.245718
0.960 2.342531
0.970 0.570136
0.980 1.775440
0.990 0.282696
