0.000 0.382092
0.010 3.340961
0.020 2.755544
0.030 4.789054
0.040 1.485198
0.050 3.541630
0.060 2.775003
0.070 4.498633
0.080 3.487606
0.090 1.045974
0.100 2.085466
0.110 4.584124
0.120 3.172159
0.130 0.171531
0.140 3.956020
0.150 0.912985
0.160 0.863408
0.170 0.953201
0.180 4.445088
0.190 0.850183
0.200 2.173321
0.210 2.398806
0.220 3.663746
0.230 3.427893
0.240 1.350969
0.250 0.703140
0.260 3.808706
0.270 0.144114
0.280 0.605970
0.290 1.481450
0.300 3.488276
0.310 0.798747
0.320 1.186565
0.330 3.815990
0.340 2.651687
0.350 4.236833
0.360 3.395244
0.370 1.555019
0.380 2.867834
0.390 3.616308
0.400 1.475160
0.410 4.763712
0.420 0.295061
0.430 4.658158
0.440 4.756569
0.450 0.198088
0.460 4.420102
0.470 1.357907
0.480 0.836746
0.490 2.857972
0.500 1.423931
0.510 2.604967
0.520 4.726548
0.530 3.160888
0.540 4.758950
0.550 1.423131
0.560 4.561355
0.570 3.489798
0.580 1.503999
0.590 3.090001
0.600 1.172929
0.610 3.108348
0.620 2.023897
0.630 0.260168
0.640 1.289172
0.650 1.462265
0.660 0.239756
0.670 1.272996
0.680 1.250377
0.690 1.148881
0.700 0.295491
0.710 0.054437
0.720 3.042801
0.730 3.801018
0.740 3.099539
0.750 1.812654
0.760 3.213831
0.770 1.291800
0.780 2.203835
0.790 2.664548
0.800 3.747517
0.810 3.285363
0.820 2.546583
0.830 4.606789
0.840 2.223034
0.850 2.678969
0.860 3.247509
0.870 3.185148
0.880 4.382067
0.890 1.036602
0.900 1.464673
0.910 2.720250
0.920 2.823930
0.930 3.854702
0.940 0.262517
0.950 1.557187
0.960 2.507072
0.970 2.961828
0.980 2.318322
0.990 3.888215
