0.000 4.892743
0.010 1.644243
0.020 5.271164
0.030 5.722795
0.040 1.939604
0.050 0.799450
0.060 5.817290
0.070 5.592911
0.080 6.575520
0.090 6.268134
0.100 6.252175
0.110 3.537401
0.120 0.077641
0.130 3.611372
0.140 1.216755
0.150 0.152238
0.160 0.596169
0.170 1.769938
0.180 4.105434
0.190 4.668631
0.200 1.172327
0.210 6.573846
0.220 0.999348
0.230 1.168332
0.240 0.202881
0.250 4.006522
0.260 5.348495
0.270 0.381977
0.280 0.513687
0.290 3.260558
0.300 5.802832
0.310 5.694017
0.320 2.828958
0.330 6.315600
0.340 2.645242
0.350 0.236648
0.360 4.761528
0.370 4.805858
0.380 3.516722
0.390 2.076589
0.400 5.943307
0.410 2.227931
0.420 6.532286
0.430 1.197519
0.440 2.637433
0.450 4.771293
0.460 4.233962
0.470 0.313525
0.480 5.860294
0.490 1.972088
0.500 1.151298
0.510 0.859956
0.520 2.783292
0.530 0.227673
0.540 1.776078
0.550 5.218272
0.560 5.965532
0.570 4.877504
0.580 5.397055
0.590 2.352692
0.600 2.656634
0.610 2.913283
0.620 3.261585
0.630 1.844462
0.640 2.917840
0.650 1.261500
0.660 6.284409
0.670 1.816857
0.680 4.198644
0.690 3.128434
0.700 5.100585
0.710 6.428822
0.720 3.714264
0.730 6.263813
0.740 5.908451
0.750 3.445681
0.760 5.060008
0.770 5.448059
0.780 6.109241
0.790 1.943805
0.800 2.193660
0.810 0.161087
0.820 4.402066
0.830 5.466840
0.840 0.524722
0.850 2.485170
0.860 5.721303
0.870 6.176990
0.880 2.875607
0.890 3.888484
0.900 4.675075
0.910 5.161181
0.920 5.437936
0.930 2.997080
0.940 1.702477
0.950 3.606512
0.960 1.276934
0.970 3.901712
0.980 0.470692
0.990 3.882896
