0.000 3.301056
0.010 1.400623
0.020 2.516438
0.030 0.474057
0.040 1.540127
0.050 2.709456
0.060 3.043116
0.070 0.638694
0.080 1.185537
0.090 2.666135
0.100 1.881362
0.110 1.397703
0.120 1.644566
0.130 2.765502
0.140 2.437389
0.150 2.503272
0.160 0.494394
0.170 2.115746
0.180 1.647606
0.190 0.535102
0.200 1.344299
0.210 2.448542
0.220 3.275726
0.230 0.313560
0.240 1.565488
0.250 0.594818
0.260 0.741818
0.270 1.553852
0.280 1.039123
0.290 2.636739
0.300 2.623887
0.310 1.202750
0.320 2.498333
0.330 0.231745
0.340 2.709759
0.350 0.108398
0.360 2.384135
0.370 2.990046
0.380 1.121161
0.390 1.510190
0.400 1.534729
0.410 1.877755
0.420 3.317031
0.430 1.145807
0.440 0.096051
0.450 0.561224
0.460 0.776771
0.470 0.038261
0.480 1.595434
0.490 3.015215
0.500 0.138299
0.510 2.529306
0.520 0.213058
0.530 1.639419
0.540 3.280127
0.550 3.251259
0.560 0.707838
0.570 2.291167
0.580 1.401877
0.590 1.768131
0.600 2.797030
0.610 2.490868
0.620 0.646594
0.630 0.547387
0.640 0.933799
0.650 0.775949
0.660 0.294635
0.670 2.611843
0.680 0.954254
0.690 2.780857
0.700 0.182419
0.710 1.635614
0.720 1.249197
0.730 2.172905
0.740 2.732335
0.750 1.390257
0.760 2.652867
0.770 2.603922
0.780 3.308868
0.790 1.453289
0.800 1.147984
0.810 2.863438
0.820 2.170244
0.830 1.558363
0.840 0.314401
0.850 1.160754
0.860 1.492699
0.870 3.356859
0.880 0.611330
0.890 0.963931
0.900 0.661953
0.910 3.226934
0.920 2.299812
0.930 3.399420
0.940 1.227553
0.950 3.454330
0.960 1.060962
0.970 3.467517
0.980 3.244094
0.990 3.264048
