0.000 0.797267
0.010 0.197153
0.020 0.486231
0.030 1.522311
0.040 1.665160
0.050 1.161073
0.060 1.569352
0.070 1.757356
0.080 0.600619
0.090 1.460312
0.100 0.383311
0.110 0.489727
0.120 0.695017
0.130 1.672340
0.140 1.560024
0.150 1.631695
0.160 1.158891
0.170 1.750387
0.180 0.307623
0.190 0.391997
0.200 0.303246
0.210 1.114588
0.220 0.272745
0.230 1.255970
0.240 0.569328
0.250 1.024427
0.260 0.626612
0.270 1.205627
0.280 0.525640
0.290 1.309369
0.300 0.819567
0.310 1.555400
0.320 0.484175
0.330 1.042458
0.340 1.259711
0.350 1.165729
0.360 0.340449
0.370 1.604366
0.380 0.739611
0.390 0.558976
0.400 1.331684
0.410 1.780533
0.420 0.234928
0.430 1.362762
0.440 0.697413
0.450 1.529167
0.460 1.289528
0.470 0.786126
0.480 1.468103
0.490 0.020417
0.500 0.542701
0.510 0.841535
0.520 1.209017
0.530 1.193966
0.540 1.622039
0.550 0.965531
0.560 1.603928
0.570 0.186016
0.580 1.465047
0.590 1.126625
0.600 1.212249
0.610 1.016841
0.620 0.935631
0.630 0.378449
0.640 1.750803
0.650 0.326855
0.660 0.550003
0.670 1.673073
0.680 0.315131
0.690 0.453063
0.700 0.127205
0.710 0.213532
0.720 1.314468
0.730 0.738690
0.740 1.442478
0.750 0.111604
0.760 1.333510
0.770 0.147681
0.780 1.025529
0.790 1.322955
0.800 1.551694
0.810 0.640360
0.820 0.035056
0.830 1.773645
0.840 1.749003
0.850 1.358532
0.860 0.633026
0.870 1.550860
0.880 1.531465
0.890 0.434115
0.900 0.386320
0.910 1.801255
0.920 0.671292
0.930 1.115807
0.940 0.206573
0.950 0.026234
0.960 0.588323
0.970 0.669089
0.980 1.292343
0.990 0.831518
