0.000 0.447118
0.010 4.957772
0.020 0.031209
0.030 5.642561
0.040 4.903015
0.050 1.068610
0.060 4.838411
0.070 2.878953
0.080 5.034354
0.090 1.341185
0.100 7.564445
0.110 5.579917
0.120 7.939144
0.130 4.084884
0.140 4.372925
0.150 6.413826
0.160 7.361556
0.170 3.666866
0.180 1.575030
0.190 1.556906
0.200 8.158874
0.210 3.367152
0.220 3.630032
0.230 2.157014
0.240 2.924247
0.250 0.522103
0.260 8.844664
0.270 8.838385
0.280 5.533291
0.290 6.751972
0.300 3.360364
0.310 6.298892
0.320 4.638599
0.330 4.162055
0.340 6.866939
0.350 0.270848
0.360 7.726186
0.370 2.230411
0.380 5.320362
0.390 4.132918
0.400 9.243256
0.410 4.654345
0.420 4.827736
0.430 6.382540
0.440 3.345098
0.450 3.221075
0.460 2.007470
0.470 3.838841
0.480 2.960422
0.490 2.338992
0.500 8.120473
0.510 0.331165
0.520 6.982453
0.530 5.896978
0.540 1.662858
0.550 7.592880
0.560 4.618077
0.570 7.794371
0.580 2.041976
0.590 4.081064
0.600 8.107297
0.610 6.324560
0.620 1.208352
0.630 0.301519
0.640 4.700685
0.650 7.496851
0.660 2.363413
0.670 3.882114
0.680 5.753478
0.690 1.325654
0.700 7.749405
0.710 9.058783
0.720 3.492029
0.730 4.491720
0.740 1.884185
0.750 5.354820
0.760 4.241413
0.770 7.170580
0.780 1.847368
0.790 8.796889
0.800 0.158109
0.810 5.791878
0.820 6.014231
0.830 6.772446
0.840 8.602349
0.850 5.302324
0.860 3.429447
0.870 5.360266
0.880 4.473880
0.890 6.708748
0.900 3.700139
0.910 4.684301
0.920 3.454281
0.930 8.647525
0.940 3.518295
0.950 3.772170
0.960 1.124234
0.970 6.797979
0.980 3.414866
0.990 7.656028
