0.000 1.193186
0.010 0.492354
0.020 3.826913
0.030 0.902691
0.040 0.933095
0.050 5.030554
0.060 5.516545
0.070 3.334705
0.080 0.124212
0.090 2.035745
0.100 5.175164
0.110 4.568451
0.120 3.936150
0.130 1.350731
0.140 3.966749
0.150 0.571591
0.160 0.935947
0.170 3.060343
0.180 5.626096
0.190 0.110673
0.200 4.353991
0.210 4.143981
0.220 0.714183
0.230 4.464763
0.240 1.789110
0.250 5.803413
0.260 2.873216
0.270 3.590109
0.280 4.612206
0.290 0.054609
0.300 0.854615
0.310 5.171424
0.320 1.861481
0.330 1.828161
0.340 1.843582
0.350 2.578813
0.360 3.160117
0.370 3.340022
0.380 1.600717
0.390 3.121836
0.400 1.902852
0.410 0.166011
0.420 1.827587
0.430 5.465016
0.440 4.743480
0.450 3.106208
0.460 2.755467
0.470 1.395985
0.480 3.875349
0.490 6.045010
0.500 2.499220
0.510 3.945114
0.520 5.700246
0.530 6.229609
0.540 3.845152
0.550 0.614318
0.560 5.879320
0.570 4.357214
0.580 0.311078
0.590 3.522975
0.600 1.269172
0.610 2.653504
0.620 2.900054
0.630 1.218092
0.640 5.342975
0.650 4.183841
0.660 3.785201
0.670 1.801472
0.680 2.628083
0.690 4.778600
0.700 3.058008
0.710 5.305465
0.720 2.192521
0.730 1.803029
0.740 2.730685
0.750 1.912209
0.760 1.715725
0.770 6.234802
0.780 4.484671
0.790 3.772096
0.800 0.278238
0.810 0.248326
0.820 2.557391
0.830 2.472796
0.840 1.291015
0.850 4.392340
0.860 1.469500
0.870 2.815530
0.880 1.089298
0.890 3.753139
0.900 3.322803
0.910 6.043170
0.920 1.834699
0.930 3.631176
0.940 4.713041
0.950 0.067126
0.960 2.387096
0.970 5.261399
0.980 3.043396
0.990 0.538672
