0.000 0.382553
0.010 4.339914
0.020 1.377906
0.030 3.371619
0.040 0.719825
0.050 2.299838
0.060 4.098121
0.070 1.967195
0.080 5.206953
0.090 4.883201
0.100 2.287242
0.110 3.608235
0.120 3.045356
0.130 0.317783
0.140 2.801641
0.150 1.310801
0.160 2.635805
0.170 0.793396
0.180 5.313651
0.190 1.289155
0.200 4.962988
0.210 6.254608
0.220 4.050073
0.230 3.584697
0.240 3.420739
0.250 1.205308
0.260 6.576843
0.270 5.071228
0.280 3.825054
0.290 4.635674
0.300 2.030035
0.310 5.730217
0.320 2.454954
0.330 4.143121
0.340 2.281335
0.350 5.417732
0.360 3.648405
0.370 1.481873
0.380 5.332666
0.390 4.964435
0.400 5.008783
0.410 1.551114
0.420 3.599374
0.430 4.501827
0.440 1.604882
0.450 4.058611
0.460 3.380233
0.470 3.310491
0.480 0.301522
0.490 4.196639
0.500 5.705678
0.510 6.551972
0.520 0.944655
0.530 0.508033
0.540 3.795150
0.550 4.268987
0.560 0.792841
0.570 5.355521
0.580 3.650486
0.590 5.875067
0.600 2.398521
0.610 4.372494
0.620 6.322600
0.630 5.475857
0.640 0.794945
0.650 3.220512
0.660 3.000302
0.670 5.032726
0.680 3.766031
0.690 4.605372
0.700 4.624345
0.710 6.059661
0.720 3.253137
0.730 1.704442
0.740 6.192783
0.750 1.967665
0.760 0.698925
0.770 6.078262
0.780 3.954449
0.790 2.630345
0.800 1.277586
0.810 1.660057
0.820 2.381248
0.830 3.953678
0.840 2.400347
0.850 3.975854
0.860 1.133118
0.870 4.503277
0.880 6.444623
0.890 4.379038
0.900 3.202255
0.910 4.095516
0.920 4.188645
0.930 0.526251
0.940 1.703572
0.950 0.532841
0.960 4.910402
0.970 4.968881
0.980 1.038817
0.990 5.481380
