0.000 1.727227
0.010 2.562580
0.020 3.065352
0.030 1.834271
0.040 2.284224
0.050 0.564946
0.060 1.521255
0.070 1.599997
0.080 3.235654
0.090 2.465459
0.100 0.103491
0.110 2.234263
0.120 3.117891
0.130 1.220176
0.140 2.952039
0.150 0.986073
0.160 0.227842
0.170 2.917663
0.180 2.509319
0.190 2.066259
0.200 0.025332
0.210 0.903472
0.220 3.200208
0.230 0.266784
0.240 0.187955
0.250 2.109640
0.260 1.709293
0.270 2.883137
0.280 0.510088
0.290 1.194721
0.300 0.831519
0.310 2.287272
0.320 0.385043
0.330 2.082500
0.340 1.233101
0.350 2.182594
0.360 3.156953
0.370 2.236388
0.380 3.328271
0.390 2.261471
0.400 1.226172
0.410 0.044646
0.420 3.270620
0.430 1.355514
0.440 0.147411
0.450 3.145630
0.460 1.111641
0.470 1.610377
0.480 0.373934
0.490 0.429199
0.500 3.131454
0.510 1.629004
0.520 0.845933
0.530 2.411638
0.540 1.314215
0.550 1.873571
0.560 2.578878
0.570 3.220899
0.580 1.033768
0.590 1.167758
0.600 0.073561
0.610 3.007754
0.620 2.090035
0.630 2.544328
0.640 3.245595
0.650 0.553181
0.660 2.347757
0.670 1.079024
0.680 2.999997
0.690 1.291023
0.700 1.089134
0.710 3.234579
0.720 1.216324
0.730 3.252618
0.740 1.680962
0.750 2.973921
0.760 1.815619
0.770 0.682852
0.780 1.502791
0.790 0.717860
0.800 2.889500
0.810 2.194483
0.820 0.576497
0.830 1.193060
0.840 0.483615
0.850 0.108961
0.860 2.437679
0.870 0.472539
0.880 0.672453
0.890 2.522934
0.900 2.951959
0.910 1.881827
0.920 2.101312
0.930 0.774356
0.940 1.636650
0.950 1.234890
0.960 2.216297
0.970 2.171233
0.980 2.630467
0.990 1.135217
