0.000 0.497536
0.010 1.189859
0.020 1.137820
0.030 1.181381
0.040 0.893998
0.050 0.188707
0.060 0.651668
0.070 0.613199
0.080 0.805273
0.090 0.285117
0.100 1.549096
0.110 1.293213
0.120 0.362587
0.130 1.093905
0.140 0.715859
0.150 0.350487
0.160 0.690078
0.170 0.231876
0.180 0.482609
0.190 1.599437
0.200 0.331632
0.210 0.616632
0.220 1.174226
0.230 1.389167
0.240 1.047970
0.250 1.413828
0.260 1.343061
0.270 1.064020
0.280 0.876651
0.290 1.578324
0.300 0.853341
0.310 1.278093
0.320 0.182987
0.330 1.421114
0.340 1.336168
0.350 0.706901
0.360 0.291626
0.370 0.644736
0.380 0.338776
0.390 1.442628
0.400 0.258600
0.410 1.692720
0.420 1.193270
0.430 1.684814
0.440 0.771107
0.450 0.955716
0.460 1.269017
0.470 0.905807
0.480 1.601713
0.490 1.492531
0.500 0.265992
0.510 0.052146
0.520 0.189405
0.530 0.790357
0.540 0.727021
0.550 0.676081
0.560 0.851488
0.570 1.430443
0.580 1.569451
0.590 1.138566
0.600 1.293281
0.610 1.553473
0.620 1.296722
0.630 1.055523
0.640 1.429305
0.650 0.140667
0.660 1.573248
0.670 0.491488
0.680 1.619179
0.690 0.282317
0.700 0.842293
0.710 0.542586
0.720 1.343508
0.730 0.328012
0.740 0.547846
0.750 0.520066
0.760 0.746427
0.770 0.517827
0.780 0.296819
0.790 0.563764
0.800 0.007140
0.810 0.377297
0.820 0.597456
0.830 1.363693
0.840 1.609420
0.850 1.450446
0.860 1.689873
0.870 0.613361
0.880 0.823419
0.890 0.662330
0.900 0.103572
0.910 1.287499
0.920 0.422286
0.930 1.448359
0.940 1.627002
0.950 1.273493
0.960 1.023268
0.970 0.481516
0.980 0.701267
0.990 0.049694
