0.000 0.044943
0.010 0.388387
0.020 1.305907
0.030 0.246148
0.040 0.120742
0.050 0.999308
0.060 0.915294
0.070 0.666531
0.080 0.279243
0.090 0.812111
0.100 0.166080
0.110 1.063766
0.120 1.087327
0.130 0.716047
0.140 0.886295
0.150 1.030123
0.160 0.083616
0.170 0.498670
0.180 1.236145
0.190 1.206357
0.200 0.971063
0.210 0.636401
0.220 0.422618
0.230 1.216538
0.240 0.260739
0.250 0.304609
0.260 1.253472
0.270 0.614581
0.280 1.266459
0.290 0.393440
0.300 0.768934
0.310 1.339815
0.320 0.103596
0.330 0.565261
0.340 1.143349
0.350 1.249773
0.360 0.704691
0.370 0.427700
0.380 1.301793
0.390 0.082287
0.400 1.152698
0.410 0.206708
0.420 1.387269
0.430 0.648653
0.440 0.068126
0.450 1.326746
0.460 0.070419
0.470 0.465315
0.480 0.952681
0.490 0.545245
0.500 0.246298
0.510 1.007960
0.520 0.113458
0.530 0.702878
0.540 0.450968
0.550 0.941006
0.560 0.268603
0.570 0.547508
0.580 0.747355
0.590 0.305574
0.600 0.401144
0.610 0.063922
0.620 0.170261
0.630 0.318776
0.640 0.911813
0.650 0.283104
0.660 0.669265
0.670 1.313417
0.680 1.324482
0.690 0.447810
0.700 0.055458
0.710 0.945302
0.720 0.500917
0.730 1.118293
0.740 1.326563
0.750 0.490855
0.760 0.827285
0.770 0.580480
0.780 0.534039
0.790 0.439357
0.800 0.547290
0.810 1.305601
0.820 1.287658
0.830 1.048619
0.840 0.117866
0.850 0.680655
0.860 1.290843
0.870 0.818073
0.880 0.240960
0.890 1.332908
0.900 1.071053
0.910 1.234249
0.920 0.745667
0.930 0.286915
0.940 0.396890
0.950 0.600817
0.960 1.105900
0.970 0.874837
0.980 0.593296
0.990 1.337324
