0.000 1.248008
0.010 1.723977
0.020 6.108580
0.030 2.813051
0.040 5.729406
0.050 1.602673
0.060 4.115066
0.070 2.374302
0.080 2.210787
0.090 5.826159
0.100 2.619005
0.110 0.475935
0.120 2.257267
0.130 2.898695
0.140 2.905026
0.150 3.769267
0.160 2.085302
0.170 1.653450
0.180 2.242574
0.190 4.018824
0.200 0.081637
0.210 5.780359
0.220 1.397995
0.230 5.478754
0.240 5.348705
0.250 1.049261
0.260 0.178843
0.270 3.263121
0.280 3.761712
0.290 5.118744
0.300 1.297206
0.310 2.570408
0.320 5.775104
0.330 2.576795
0.340 3.405757
0.350 3.985156
0.360 0.006240
0.370 1.685937
0.380 0.590770
0.390 0.087559
0.400 1.273640
0.410 0.954574
0.420 2.320171
0.430 5.170469
0.440 2.943832
0.450 3.261055
0.460 3.206495
0.470 1.575600
0.480 4.541818
0.490 4.109695
0.500 0.859342
0.510 5.876699
0.520 1.818204
0.530 6.167420
0.540 2.173737
0.550 0.952238
0.560 0.947797
0.570 3.646441
0.580 4.692915
0.590 1.017916
0.600 6.186521
0.610 1.612252
0.620 3.550907
0.630 2.303730
0.640 0.966010
0.650 5.080813
0.660 0.332829
0.670 4.130579
0.680 2.459590
0.690 3.947828
0.700 1.064972
0.710 3.854991
0.720 6.068540
0.730 4.152921
0.740 0.541301
0.750 1.399037
0.760 2.214666
0.770 3.152831
0.780 3.828798
0.790 5.358620
0.800 2.977850
0.810 4.288890
0.820 4.272164
0.830 0.437457
0.840 3.696178
0.850 1.367768
0.860 1.367530
0.870 5.956908
0.880 0.370942
0.890 4.091209
0.900 1.624233
0.910 4.484250
0.920 2.636073
0.930 2.582483
0.940 4.392387
0.950 4.091911
0.960 1.292365
0.970 3.254055
0.980 4.380644
0.990 1.519507
