0.000 3.653820
0.010 5.012568
0.020 3.145337
0.030 2.612697
0.040 4.631084
0.050 0.944921
0.060 0.990365
0.070 2.461728
0.080 0.998635
0.090 2.750360
0.100 2.463206
0.110 3.269850
0.120 3.267108
0.130 1.340445
0.140 0.383089
0.150 0.371871
0.160 4.785748
0.170 0.353042
0.180 2.199659
0.190 0.435371
0.200 0.447969
0.210 3.935695
0.220 4.010944
0.230 5.393053
0.240 0.614226
0.250 4.433088
0.260 2.112502
0.270 2.632958
0.280 3.905229
0.290 4.369535
0.300 4.106368
0.310 2.921957
0.320 3.037965
0.330 1.037936
0.340 3.122062
0.350 4.756286
0.360 3.034557
0.370 0.174959
0.380 2.192920
0.390 0.316132
0.400 4.506285
0.410 2.890383
0.420 1.138903
0.430 4.498952
0.440 2.787001
0.450 4.279853
0.460 4.614481
0.470 5.096450
0.480 1.433497
0.490 5.578061
0.500 0.238536
0.510 5.189468
0.520 0.668238
0.530 1.956433
0.540 5.249037
0.550 2.689121
0.560 0.111577
0.570 1.097078
0.580 4.843454
0.590 5.059507
0.600 3.996006
0.610 0.899266
0.620 5.658296
0.630 2.330900
0.640 1.623447
0.650 4.424162
0.660 3.461424
0.670 0.200250
0.680 3.189037
0.690 0.311444
0.700 0.001827
0.710 4.736799
0.720 5.027379
0.730 1.401359
0.740 4.860474
0.750 0.939087
0.760 0.271328
0.770 4.747890
0.780 0.611857
0.790 5.286447
0.800 0.698067
0.810 3.686834
0.820 3.697165
0.830 4.761983
0.840 3.913941
0.850 3.262018
0.860 0.896271
0.870 4.032633
0.880 1.473504
0.890 3.361820
0.900 1.100217
0.910 1.637214
0.920 3.330696
0.930 1.337465
0.940 1.244496
0.950 3.869092
0.960 4.003963
0.970 5.234089
0.980 2.522349
0.990 1.141591
