0.000 1.201760
0.010 1.321098
0.020 0.368104
0.030 0.706447
0.040 0.857430
0.050 0.929795
0.060 0.897941
0.070 0.770655
0.080 0.640118
0.090 0.356101
0.100 1.640221
0.110 0.789435
0.120 1.416000
0.130 0.176811
0.140 1.090046
0.150 0.885056
0.160 0.009922
0.170 1.749920
0.180 1.361552
0.190 1.280878
0.200 1.556320
0.210 0.835482
0.220 1.501153
0.230 0.130275
0.240 0.285470
0.250 0.518092
0.260 0.042898
0.270 0.828350
0.280 1.014050
0.290 1.595063
0.300 0.379399
0.310 1.335608
0.320 1.376919
0.330 0.080959
0.340 0.222063
0.350 1.528087
0.360 1.721985
0.370 1.073650
0.380 0.813599
0.390 1.266267
0.400 0.880548
0.410 1.560633
0.420 0.924670
0.430 1.612792
0.440 0.478572
0.450 0.359610
0.460 0.567084
0.470 1.629887
0.480 0.653884
0.490 0.262235
0.500 1.462371
0.510 0.134974
0.520 1.127865
0.530 1.446274
0.540 0.270875
0.550 0.968026
0.560 1.184280
0.570 0.633559
0.580 1.634152
0.590 0.646251
0.600 0.632576
0.610 0.453635
0.620 0.541674
0.630 0.019083
0.640 0.103586
0.650 0.520940
0.660 0.978508
0.670 0.529238
0.680 1.037708
0.690 0.903629
0.700 0.663774
0.710 1.290336
0.720 1.327815
0.730 1.250316
0.740 1.294441
0.750 1.082178
0.760 1.154139
0.770 0.883036
0.780 0.918811
0.790 0.929710
0.800 0.206804
0.810 0.180620
0.820 1.471948
0.830 0.346257
0.840 1.108417
0.850 0.630941
0.860 0.760513
0.870 0.719098
0.880 0.184932
0.890 1.585527
0.900 0.600599
0.910 0.861057
0.920 1.558259
0.930 1.158534
0.940 0.220661
0.950 0.710478
0.960 0.333831
0.970 1.109311
0.980 1.487385
0.990 1.165802
