0.000 0.948783
0.010 4.531481
0.020 2.501488
0.030 2.720409
0.040 3.454315
0.050 0.918533
0.060 4.383474
0.070 3.408060
0.080 2.209451
0.090 3.208145
0.100 5.150908
0.110 1.559004
0.120 2.463587
0.130 2.351803
0.140 1.286279
0.150 4.356704
0.160 4.315362
0.170 0.547846
0.180 2.903088
0.190 4.895024
0.200 4.081520
0.210 3.322598
0.220 0.130357
0.230 2.951677
0.240 3.492109
0.250 3.974495
0.260 2.627391
0.270 1.753137
0.280 3.044729
0.290 4.923022
0.300 1.748851
0.310 3.848949
0.320 2.151996
0.330 1.011002
0.340 2.003070
0.350 4.234049
0.360 1.018735
0.370 4.562687
0.380 0.100626
0.390 3.096165
0.400 2.984799
0.410 4.713025
0.420 3.477325
0.430 5.013558
0.440 4.553507
0.450 5.040266
0.460 1.271849
0.470 2.498755
0.480 3.275144
0.490 4.442276
0.500 2.737820
0.510 4.663862
0.520 1.771758
0.530 1.789239
0.540 3.626942
0.550 2.900388
0.560 3.904085
0.570 3.321075
0.580 3.575434
0.590 3.602133
0.600 2.795125
0.610 3.072936
0.620 4.150182
0.630 1.554173
0.640 1.542238
0.650 0.459034
0.660 2.278446
0.670 3.558632
0.680 0.478597
0.690 2.019390
0.700 3.895417
0.710 1.380516
0.720 3.297597
0.730 4.240892
0.740 1.441461
0.750 2.872748
0.760 1.077794
0.770 1.114990
0.780 0.586958
0.790 2.126509
0.800 0.380830
0.810 4.326558
0.820 0.580320
0.830 4.013283
0.840 1.283159
0.850 3.618865
0.860 4.885559
0.870 1.961776
0.880 0.143162
0.890 3.533890
0.900 2.772304
0.910 3.700414
0.920 3.675685
0.930 3.940552
0.940 4.070921
0.950 4.836653
0.960 2.307186
0.970 0.175846
0.980 0.457221
0.990 3.219540
