0.000 5.863684
0.010 0.848754
0.020 0.374170
0.030 3.072421
0.040 0.461941
0.050 5.746682
0.060 2.701289
0.070 1.629478
0.080 3.489604
0.090 2.883785
0.100 1.473799
0.110 6.963657
0.120 2.571574
0.130 0.724419
0.140 2.498316
0.150 3.478518
0.160 2.179755
0.170 4.379034
0.180 5.058609
0.190 4.388607
0.200 5.831344
0.210 2.102548
0.220 1.837497
0.230 7.301348
0.240 5.720631
0.250 6.223091
0.260 2.537887
0.270 4.404866
0.280 2.839263
0.290 5.320598
0.300 4.077092
0.310 6.898906
0.320 4.086094
0.330 6.379392
0.340 6.421422
0.350 4.352093
0.360 5.344606
0.370 5.902623
0.380 0.078234
0.390 3.448852
0.400 4.510935
0.410 3.710237
0.420 0.232808
0.430 5.545938
0.440 7.502499
0.450 0.288667
0.460 6.092232
0.470 7.240414
0.480 3.608926
0.490 6.728373
0.500 4.127095
0.510 2.984189
0.520 5.978692
0.530 0.193180
0.540 7.369775
0.550 3.950952
0.560 5.071671
0.570 1.876365
0.580 7.625854
0.590 6.133644
0.600 5.047729
0.610 0.713011
0.620 5.353245
0.630 3.196456
0.640 2.670212
0.650 3.391991
0.660 4.697897
0.670 0.394447
0.680 1.149977
0.690 1.927683
0.700 0.862114
0.710 5.877460
0.720 6.676225
0.730 2.884267
0.740 6.574046
0.750 4.315945
0.760 4.268398
0.770 0.011167
0.780 3.588479
0.790 1.584838
0.800 6.437480
0.810 7.493601
0.820 0.158250
0.830 0.203886
0.840 7.470919
0.850 2.918633
0.860 7.414388
0.870 4.445797
0.880 1.035912
0.890 0.371591
0.900 3.816132
0.910 1.379783
0.920 2.405125
0.930 0.342132
0.940 5.229598
0.950 6.034670
0.960 6.025894
0.970 5.648066
0.980 0.452120
0.990 7.639510
