0.000 1.211479
0.010 0.944246
0.020 0.260147
0.030 0.607862
0.040 1.486476
0.050 0.093256
0.060 0.543039
0.070 0.810503
0.080 0.286753
0.090 0.296110
0.100 1.268160
0.110 0.614702
0.120 1.066964
0.130 0.238075
0.140 1.376226
0.150 0.166355
0.160 0.061630
0.170 1.166410
0.180 0.488485
0.190 0.067573
0.200 1.485729
0.210 0.747447
0.220 0.595072
0.230 0.428886
0.240 0.713565
0.250 0.187007
0.260 0.512012
0.270 0.284159
0.280 0.803532
0.290 1.219552
0.300 1.474431
0.310 0.917679
0.320 0.778135
0.330 0.295506
0.340 0.828402
0.350 1.356126
0.360 0.721799
0.370 1.456071
0.380 0.181034
0.390 0.229068
0.400 0.251935
0.410 0.151604
0.420 0.489332
0.430 1.464333
0.440 1.038131
0.450 0.333207
0.460 0.243644
0.470 0.109700
0.480 0.932390
0.490 1.426501
0.500 1.229919
0.510 0.717349
0.520 0.770053
0.530 0.090618
0.540 1.079437
0.550 0.947253
0.560 0.564549
0.570 1.045604
0.580 1.368940
0.590 0.630854
0.600 0.926143
0.610 0.906417
0.620 0.689470
0.630 0.020726
0.640 0.596722
0.650 0.450401
0.660 0.421474
0.670 0.319763
0.680 0.656274
0.690 0.298748
0.700 1.519241
0.710 0.377723
0.720 0.332903
0.730 0.431684
0.740 0.874358
0.750 1.207612
0.760 0.519441
0.770 0.161620
0.780 0.164355
0.790 0.853019
0.800 0.185294
0.810 0.605561
0.820 1.181041
0.830 0.985776
0.840 1.454703
0.850 0.189964
0.860 1.411725
0.870 0.135974
0.880 0.647023
0.890 0.327104
0.900 1.156302
0.910 1.425359
0.920 1.194252
0.930 0.636830
0.940 1.152212
0.950 0.461721
0.960 0.549734
0.970 0.140087
0.980 0.809665
0.990 1.133995
