0.000 0.007604
0.010 4.750278
0.020 4.843116
0.030 2.964887
0.040 3.961643
0.050 3.516572
0.060 2.857378
0.070 4.712603
0.080 3.423028
0.090 0.336038
0.100 3.420641
0.110 3.344406
0.120 4.071930
0.130 2.552354
0.140 1.003688
0.150 0.880112
0.160 1.876921
0.170 1.084171
0.180 4.290667
0.190 4.547979
0.200 1.344156
0.210 2.238316
0.220 4.578525
0.230 3.052817
0.240 0.450253
0.250 4.450207
0.260 2.394037
0.270 0.280397
0.280 1.235339
0.290 4.369299
0.300 0.719683
0.310 2.798428
0.320 4.725107
0.330 0.255640
0.340 1.370092
0.350 3.574224
0.360 0.877462
0.370 0.442393
0.380 2.058420
0.390 2.625156
0.400 3.227064
0.410 3.923194
0.420 0.266938
0.430 2.097321
0.440 1.506351
0.450 2.532487
0.460 1.849518
0.470 1.745510
0.480 0.310230
0.490 4.480237
0.500 1.714392
0.510 3.153655
0.520 3.105446
0.530 2.405886
0.540 3.658331
0.550 2.260434
0.560 1.700879
0.570 2.166119
0.580 4.267325
0.590 2.308520
0.600 4.742285
0.610 1.484982
0.620 0.478721
0.630 3.435085
0.640 3.211417
0.650 4.156013
0.660 1.957553
0.670 1.984120
0.680 0.612620
0.690 2.058402
0.700 4.671392
0.710 2.572100
0.720 2.871016
0.730 2.918494
0.740 4.325405
0.750 3.125508
0.760 1.373711
0.770 2.084331
0.780 2.380967
0.790 3.240817
0.800 3.220448
0.810 4.813178
0.820 1.949271
0.830 3.065713
0.840 3.904093
0.850 3.851448
0.860 2.496538
0.870 2.755750
0.880 2.614237
0.890 4.112318
0.900 3.251201
0.910 1.382357
0.920 2.719378
0.930 2.509782
0.940 1.057702
0.950 0.608717
0.960 3.301670
0.970 4.408190
0.980 4.833092
0.990 0.601933
