0.000 0.020635
0.010 0.903953
0.020 1.797702
0.030 1.250403
0.040 1.340183
0.050 1.165243
0.060 0.788026
0.070 0.706940
0.080 0.887970
0.090 2.082023
0.100 2.167568
0.110 1.609922
0.120 1.070015
0.130 0.072923
0.140 0.113619
0.150 0.318451
0.160 1.500890
0.170 2.088200
0.180 0.094420
0.190 0.905865
0.200 2.215194
0.210 0.475364
0.220 1.830224
0.230 1.186918
0.240 0.836833
0.250 1.334853
0.260 0.669653
0.270 0.701353
0.280 0.823323
0.290 1.059623
0.300 0.936209
0.310 1.062616
0.320 1.496471
0.330 0.657959
0.340 0.121443
0.350 2.010847
0.360 0.967574
0.370 0.105989
0.380 0.087140
0.390 1.827363
0.400 0.232376
0.410 0.310996
0.420 1.181452
0.430 0.423891
0.440 0.134085
0.450 0.639247
0.460 1.531214
0.470 0.043730
0.480 1.801643
0.490 0.449701
0.500 2.063099
0.510 2.131084
0.520 2.000276
0.530 0.530390
0.540 0.829014
0.550 1.189809
0.560 0.709854
0.570 1.676462
0.580 1.624877
0.590 0.853687
0.600 1.344044
0.610 0.362521
0.620 0.143780
0.630 1.907018
0.640 2.015348
0.650 1.963585
0.660 0.373999
0.670 1.237509
0.680 1.222333
0.690 1.220826
0.700 1.550747
0.710 1.472958
0.720 0.687317
0.730 1.849324
0.740 0.173069
0.750 1.516275
0.760 1.990313
0.770 1.077331
0.780 2.246390
0.790 0.407778
0.800 1.498825
0.810 1.829296
0.820 1.484815
0.830 1.405291
0.840 2.017576
0.850 0.056356
0.860 2.195623
0.870 0.391903
0.880 1.750920
0.890 0.406120
0.900 1.993695
0.910 1.413284
0.920 0.966227
0.930 2.252821
0.940 1.048056
0.950 1.290640
0.960 0.837151
0.970 0.822570
0.980 1.597087
0.990 0.078251
