0.000 2.213537
0.010 3.376617
0.020 0.923102
0.030 4.687756
0.040 6.118109
0.050 2.921869
0.060 2.035379
0.070 6.790084
0.080 3.679907
0.090 5.678300
0.100 6.624116
0.110 5.146271
0.120 5.229161
0.130 5.347536
0.140 2.013158
0.150 2.308730
0.160 6.520976
0.170 2.016592
0.180 6.689799
0.190 0.088803
0.200 5.666491
0.210 4.477520
0.220 5.166896
0.230 5.115632
0.240 1.615507
0.250 3.499529
0.260 4.927482
0.270 0.616200
0.280 0.354012
0.290 3.679067
0.300 6.128294
0.310 3.419742
0.320 6.084469
0.330 6.816742
0.340 4.278670
0.350 5.708542
0.360 3.637221
0.370 3.993641
0.380 1.383438
0.390 0.229343
0.400 4.401531
0.410 6.650952
0.420 5.239009
0.430 1.934829
0.440 6.698329
0.450 6.671803
0.460 2.211319
0.470 0.809110
0.480 6.862847
0.490 1.454041
0.500 0.345743
0.510 2.618728
0.520 5.828831
0.530 2.824663
0.540 1.597375
0.550 1.340482
0.560 0.081027
0.570 6.813922
0.580 1.529737
0.590 3.996308
0.600 3.352896
0.610 4.093320
0.620 2.906783
0.630 6.450137
0.640 1.215086
0.650 0.063722
0.660 4.505914
0.670 5.325022
0.680 6.541298
0.690 6.623799
0.700 2.575199
0.710 3.979391
0.720 0.291010
0.730 6.357651
0.740 7.232253
0.750 5.484117
0.760 2.280960
0.770 6.619018
0.780 5.432360
0.790 3.906228
0.800 1.387207
0.810 0.683017
0.820 0.137426
0.830 6.135947
0.840 5.340400
0.850 5.534319
0.860 2.029510
0.870 3.772594
0.880 1.079734
0.890 0.666437
0.900 1.521831
0.910 2.302328
0.920 5.053608
0.930 4.817600
0.940 0.652290
0.950 5.494375
0.960 5.318597
0.970 5.824943
0.980 2.305067
0.990 1.128401
