0.000 2.309627
0.010 2.054724
0.020 1.187463
0.030 4.150896
0.040 1.423069
0.050 2.089259
0.060 1.853086
0.070 1.375933
0.080 2.347826
0.090 1.582778
0.100 3.772985
0.110 0.313973
0.120 3.836212
0.130 0.504164
0.140 3.274351
0.150 2.750761
0.160 3.103271
0.170 1.359875
0.180 2.009620
0.190 3.525409
0.200 4.173540
0.210 0.959822
0.220 2.859717
0.230 4.122951
0.240 3.591684
0.250 0.577291
0.260 4.106645
0.270 1.233122
0.280 2.234888
0.290 0.389913
0.300 2.969572
0.310 0.451157
0.320 0.049540
0.330 1.006917
0.340 2.670515
0.350 0.949135
0.360 0.245382
0.370 2.428228
0.380 4.256134
0.390 4.169124
0.400 2.290637
0.410 2.668723
0.420 0.732165
0.430 3.027892
0.440 1.280200
0.450 0.235957
0.460 3.839079
0.470 0.787116
0.480 3.130845
0.490 3.890056
0.500 1.142477
0.510 3.550628
0.520 1.017732
0.530 2.328196
0.540 2.276783
0.550 2.608004
0.560 3.125630
0.570 1.909157
0.580 2.636839
0.590 3.403352
0.600 0.290123
0.610 1.994889
0.620 0.511307
0.630 1.348282
0.640 3.802674
0.650 3.967875
0.660 2.046030
0.670 3.773117
0.680 0.618279
0.690 4.086877
0.700 0.540879
0.710 1.073695
0.720 4.157922
0.730 0.498433
0.740 3.762358
0.750 0.273092
0.760 1.606395
0.770 3.500491
0.780 4.099594
0.790 1.207972
0.800 3.665893
0.810 1.094897
0.820 3.989175
0.830 1.818774
0.840 3.335974
0.850 3.135793
0.860 4.068659
0.870 0.724637
0.880 2.045438
0.890 2.752453
0.900 0.558087
0.910 1.261481
0.920 1.327416
0.930 2.179023
0.940 0.384388
0.950 4.251223
0.960 4.184944
0.970 1.810156
0.980 2.874031
0.990 0.484720
