0.000 7.908420
0.010 0.677504
0.020 3.350848
0.030 8.372010
0.040 6.863255
0.050 7.943428
0.060 6.047668
0.070 1.342005
0.080 2.880138
0.090 1.905166
0.100 0.056772
0.110 4.611785
0.120 0.333051
0.130 8.988217
0.140 7.056987
0.150 0.275678
0.160 3.474373
0.170 8.892131
0.180 5.443416
0.190 7.925202
0.200 1.097007
0.210 8.174846
0.220 0.686581
0.230 5.075138
0.240 0.814391
0.250 4.812933
0.260 6.568693
0.270 1.573231
0.280 5.991291
0.290 8.575527
0.300 0.120007
0.310 4.637135
0.320 2.776760
0.330 6.709052
0.340 6.807810
0.350 0.412595
0.360 6.922315
0.370 1.405552
0.380 0.991955
0.390 2.279404
0.400 1.571840
0.410 8.676226
0.420 0.047069
0.430 4.701819
0.440 2.780431
0.450 2.537989
0.460 4.167107
0.470 7.250605
0.480 1.692457
0.490 2.225375
0.500 7.293380
0.510 7.601837
0.520 3.994792
0.530 0.515505
0.540 7.812244
0.550 8.165879
0.560 8.017861
0.570 6.152524
0.580 7.027029
0.590 0.326882
0.600 5.746914
0.610 0.947510
0.620 4.963753
0.630 8.299511
0.640 7.817191
0.650 2.354049
0.660 7.107725
0.670 8.363980
0.680 7.206526
0.690 6.625646
0.700 2.653003
0.710 1.498461
0.720 6.292878
0.730 7.737317
0.740 4.578797
0.750 1.077597
0.760 1.102328
0.770 5.734481
0.780 5.490966
0.790 5.403651
0.800 2.722465
0.810 8.879264
0.820 4.022499
0.830 3.184505
0.840 1.805835
0.850 3.812813
0.860 0.034450
0.870 0.443837
0.880 2.397667
0.890 2.712001
0.900 7.349073
0.910 4.812616
0.920 8.502137
0.930 1.566994
0.940 3.119658
0.950 3.468491
0.960 0.102701
0.970 7.407544
0.980 3.410477
0.990 0.467359
