0.000 3.017342
0.010 5.812774
0.020 6.122617
0.030 1.012328
0.040 4.264207
0.050 4.476438
0.060 4.896723
0.070 4.816139
0.080 2.812418
0.090 4.886014
0.100 2.949171
0.110 0.665088
0.120 3.031454
0.130 5.196627
0.140 4.184724
0.150 4.562073
0.160 1.925106
0.170 4.840676
0.180 1.619685
0.190 0.861170
0.200 4.033100
0.210 4.979595
0.220 5.943886
0.230 2.654288
0.240 0.154820
0.250 0.977499
0.260 1.591247
0.270 1.294071
0.280 2.614712
0.290 4.031448
0.300 3.416674
0.310 0.132163
0.320 4.475128
0.330 4.457598
0.340 0.386422
0.350 3.947830
0.360 2.864977
0.370 1.394286
0.380 1.080002
0.390 0.213475
0.400 1.452850
0.410 6.098535
0.420 5.919759
0.430 4.610895
0.440 1.952905
0.450 0.842895
0.460 2.822692
0.470 5.493879
0.480 0.566709
0.490 3.824489
0.500 0.757548
0.510 2.141728
0.520 6.220979
0.530 5.089242
0.540 1.013958
0.550 6.179989
0.560 1.966601
0.570 4.090474
0.580 6.232082
0.590 4.586046
0.600 2.338036
0.610 4.644305
0.620 2.314573
0.630 4.815099
0.640 5.901613
0.650 2.953768
0.660 0.020515
0.670 1.742790
0.680 4.772437
0.690 5.524025
0.700 5.048758
0.710 5.366516
0.720 1.398887
0.730 1.505082
0.740 4.593388
0.750 0.240486
0.760 4.450455
0.770 5.348194
0.780 4.503294
0.790 5.944588
0.800 2.474770
0.810 3.914837
0.820 0.434112
0.830 4.151158
0.840 4.559316
0.850 5.032117
0.860 4.768321
0.870 4.895591
0.880 1.698007
0.890 0.037533
0.900 3.208274
0.910 3.104475
0.920 2.633124
0.930 1.589204
0.940 4.183250
0.950 0.582494
0.960 2.665167
0.970 5.104329
0.980 3.746663
0.990 0.072219
