0.000 -1.094232
0.010 2.284787
0.020 -2.028010
0.030 -1.418552
0.040 3.003949
0.050 1.006997
0.060 -1.161482
0.070 0.952298
0.080 1.470773
0.090 -0.801758
0.100 3.464330
0.110 1.212476
0.120 -1.468286
0.130 -0.756545
0.140 4.036323
0.150 -0.729756
0.160 1.375493
0.170 -0.828429
0.180 3.409626
0.190 -0.034900
0.200 0.537866
0.210 -0.379453
0.220 -0.360039
0.230 -0.580128
0.240 1.174603
0.250 -1.020615
0.260 -2.124089
0.270 1.590687
0.280 0.687052
0.290 1.457977
0.300 -1.433025
0.310 2.649976
0.320 2.025797
0.330 0.612931
0.340 -1.158621
0.350 -1.019876
0.360 -1.714922
0.370 -0.767575
0.380 0.524466
0.390 1.548105
0.400 -0.898081
0.410 2.055584
0.420 1.585336
0.430 1.246399
0.440 1.276288
0.450 3.127693
0.460 0.701557
0.470 3.987859
0.480 3.144198
0.490 -0.112394
0.500 2.299313
0.510 2.953955
0.520 2.701493
0.530 0.445611
0.540 -0.070394
0.550 0.228294
0.560 -0.401987
0.570 3.142414
0.580 2.883420
0.590 2.042872
0.600 1.104547
0.610 0.582805
0.620 0.408118
0.630 1.376865
0.640 2.706040
0.650 0.159592
0.660 -1.300173
0.670 -3.141586
0.680 1.541499
0.690 2.067987
0.700 -1.808464
0.710 -0.249991
0.720 1.268080
0.730 0.752714
0.740 -1.887375
0.750 -0.740903
0.760 0.702220
0.770 0.784267
0.780 -1.038576
0.790 3.317782
0.800 -0.883273
0.810 0.830197
0.820 -0.103946
0.830 -0.144195
0.840 -2.570909
0.850 0.501408
0.860 -0.884039
0.870 0.194560
0.880 1.924706
0.890 -0.204704
0.900 0.564309
0.910 0.312448
0.920 0.399868
0.930 0.087468
0.940 -0.480928
0.950 -0.652852
0.960 0.245711
0.970 -0.657688
0.980 -3.118889
0.990 -0.615908
