0.000 1.182844
0.010 2.321753
0.020 0.435338
0.030 0.478845
0.040 2.505029
0.050 2.020124
0.060 1.791514
0.070 1.066313
0.080 2.415123
0.090 2.683667
0.100 2.667741
0.110 1.776717
0.120 1.338014
0.130 2.551961
0.140 1.594930
0.150 1.482857
0.160 1.997526
0.170 2.036798
0.180 2.101645
0.190 1.385680
0.200 0.286746
0.210 1.235805
0.220 1.532769
0.230 1.909970
0.240 1.640412
0.250 2.757197
0.260 0.028917
0.270 1.051000
0.280 1.485741
0.290 1.381428
0.300 2.315060
0.310 1.369566
0.320 1.812380
0.330 0.880111
0.340 1.415935
0.350 1.043909
0.360 2.269825
0.370 1.022017
0.380 2.108869
0.390 2.314588
0.400 1.326436
0.410 0.021871
0.420 1.333643
0.430 1.878130
0.440 2.753150
0.450 2.082929
0.460 2.391505
0.470 1.022575
0.480 0.305103
0.490 1.147361
0.500 0.339971
0.510 1.611962
0.520 2.615180
0.530 2.264390
0.540 0.529375
0.550 1.709182
0.560 0.387567
0.570 2.397840
0.580 1.931484
0.590 1.544286
0.600 1.009617
0.610 1.101088
0.620 1.586890
0.630 2.454401
0.640 2.206141
0.650 1.729626
0.660 0.730570
0.670 0.928968
0.680 1.058900
0.690 0.650430
0.700 2.521321
0.710 1.642497
0.720 1.504650
0.730 1.791955
0.740 2.673084
0.750 2.818365
0.760 2.084075
0.770 2.025070
0.780 1.152843
0.790 0.630803
0.800 1.211846
0.810 0.975190
0.820 2.448121
0.830 2.335672
0.840 2.147861
0.850 1.398125
0.860 0.945912
0.870 1.277815
0.880 1.100611
0.890 2.727488
0.900 2.355345
0.910 0.039621
0.920 0.927104
0.930 0.301017
0.940 2.817440
0.950 0.168487
0.960 1.598246
0.970 0.069286
0.980 0.820395
0.990 0.288812
