0.000 0.294240
0.010 1.599223
0.020 1.682679
0.030 0.028049
0.040 1.713093
0.050 2.016040
0.060 1.784796
0.070 0.524589
0.080 1.172171
0.090 1.905399
0.100 1.146640
0.110 0.560423
0.120 0.167530
0.130 1.902465
0.140 1.591508
0.150 0.275031
0.160 1.563960
0.170 1.894118
0.180 1.989423
0.190 1.841551
0.200 0.767252
0.210 1.312849
0.220 0.013556
0.230 0.290200
0.240 2.060145
0.250 1.884166
0.260 2.048187
0.270 1.948229
0.280 0.234124
0.290 0.066924
0.300 0.482005
0.310 1.631264
0.320 1.837877
0.330 1.691070
0.340 1.443146
0.350 1.937671
0.360 1.330162
0.370 1.014188
0.380 2.058783
0.390 0.967771
0.400 1.258582
0.410 1.507299
0.420 0.493184
0.430 1.175087
0.440 0.941905
0.450 1.865253
0.460 1.716877
0.470 0.875072
0.480 1.137748
0.490 1.153858
0.500 1.766926
0.510 1.049387
0.520 0.420052
0.530 1.269907
0.540 0.126588
0.550 1.712240
0.560 1.814311
0.570 0.426130
0.580 0.244444
0.590 0.070646
0.600 0.784566
0.610 1.012852
0.620 1.214407
0.630 0.402432
0.640 0.219117
0.650 0.488681
0.660 1.646287
0.670 0.887554
0.680 2.069551
0.690 0.212815
0.700 1.097532
0.710 0.115516
0.720 0.133854
0.730 2.070509
0.740 1.904535
0.750 0.396773
0.760 1.271031
0.770 0.682285
0.780 1.589810
0.790 0.148534
0.800 0.852083
0.810 0.124395
0.820 2.121405
0.830 0.604872
0.840 1.710243
0.850 0.691202
0.860 1.342501
0.870 1.190926
0.880 0.811005
0.890 0.009548
0.900 1.574768
0.910 0.713272
0.920 1.335854
0.930 2.012880
0.940 0.694624
0.950 1.003522
0.960 1.450318
0.970 2.032520
0.980 1.552267
0.990 1.937262
