0.000 -0.552892
0.010 0.520685
0.020 -0.115727
0.030 -2.547459
0.040 2.031380
0.050 -0.571275
0.060 1.838464
0.070 1.132044
0.080 1.729083
0.090 -2.367148
0.100 2.590883
0.110 1.392399
0.120 1.934260
0.130 1.017169
0.140 -1.378106
0.150 -1.180753
0.160 0.326040
0.170 -3.112253
0.180 0.557967
0.190 0.596151
0.200 -0.953868
0.210 1.227981
0.220 -2.297731
0.230 0.589374
0.240 -0.838284
0.250 0.992484
0.260 -2.810667
0.270 1.330200
0.280 0.108887
0.290 -0.108478
0.300 -0.482984
0.310 -1.843673
0.320 1.260085
0.330 -1.256409
0.340 1.679869
0.350 -2.398832
0.360 2.216440
0.370 -0.612008
0.380 3.206399
0.390 -2.631890
0.400 -2.016188
0.410 -0.428363
0.420 3.261973
0.430 0.677704
0.440 -3.009028
0.450 -1.583731
0.460 -3.819699
0.470 2.186840
0.480 2.142590
0.490 0.284239
0.500 0.641503
0.510 1.449621
0.520 -1.018414
0.530 2.852514
0.540 2.591638
0.550 -0.499646
0.560 0.903071
0.570 -0.422746
0.580 1.895879
0.590 0.702177
0.600 -0.360868
0.610 3.037236
0.620 1.605908
0.630 -0.496708
0.640 -0.116543
0.650 0.240304
0.660 1.031758
0.670 1.288708
0.680 0.451292
0.690 0.798977
0.700 0.258125
0.710 -0.313390
0.720 -3.840718
0.730 0.096226
0.740 0.274876
0.750 2.217142
0.760 0.070499
0.770 -1.890295
0.780 -0.027518
0.790 -0.281530
0.800 2.352299
0.810 -1.277909
0.820 2.963964
0.830 2.807876
0.840 2.464397
0.850 3.519448
0.860 -0.223611
0.870 2.553379
0.880 0.450767
0.890 0.682974
0.900 2.525324
0.910 0.068791
0.920 1.265037
0.930 1.386967
0.940 1.132534
0.950 -1.231637
0.960 0.667507
0.970 -2.028287
0.980 -1.964049
0.990 1.558558
