0.000 3.583763
0.010 3.916904
0.020 5.842129
0.030 2.322458
0.040 2.262266
0.050 3.359968
0.060 5.985862
0.070 5.375326
0.080 2.079364
0.090 3.935561
0.100 4.932359
0.110 4.015952
0.120 2.575358
0.130 1.242696
0.140 3.011504
0.150 4.186542
0.160 5.528252
0.170 4.307953
0.180 3.235226
0.190 3.322651
0.200 5.809427
0.210 4.454366
0.220 6.237058
0.230 2.575693
0.240 4.948944
0.250 5.962492
0.260 2.808275
0.270 6.077271
0.280 2.334711
0.290 2.674216
0.300 3.914366
0.310 6.064379
0.320 4.667569
0.330 0.004731
0.340 2.006406
0.350 4.999205
0.360 4.479161
0.370 1.197814
0.380 0.646578
0.390 5.622934
0.400 2.682926
0.410 1.592938
0.420 0.733065
0.430 0.951513
0.440 5.807922
0.450 3.547630
0.460 0.451443
0.470 1.489688
0.480 1.222464
0.490 3.473299
0.500 1.105437
0.510 2.621365
0.520 5.768972
0.530 2.196114
0.540 3.650070
0.550 2.697970
0.560 2.765282
0.570 5.480582
0.580 3.307666
0.590 4.411634
0.600 4.908060
0.610 3.568836
0.620 3.973132
0.630 6.227191
0.640 5.746037
0.650 5.137544
0.660 5.500063
0.670 4.166140
0.680 5.941823
0.690 0.009160
0.700 1.167083
0.710 3.013796
0.720 4.346114
0.730 5.408653
0.740 0.896113
0.750 3.583595
0.760 2.530743
0.770 4.627545
0.780 3.332438
0.790 4.417070
0.800 2.891517
0.810 1.651427
0.820 1.041140
0.830 4.615969
0.840 3.433090
0.850 4.548511
0.860 2.174693
0.870 5.782138
0.880 2.896040
0.890 6.209578
0.900 3.987558
0.910 4.729340
0.920 2.995673
0.930 0.686357
0.940 1.231190
0.950 0.801070
0.960 1.789817
0.970 4.545217
0.980 3.687697
0.990 0.589262
