0.000 0.413759
0.010 0.525739
0.020 1.065922
0.030 0.178123
0.040 0.768956
0.050 0.291253
0.060 0.196541
0.070 0.416405
0.080 0.682394
0.090 0.338546
0.100 0.344699
0.110 1.069070
0.120 0.629149
0.130 1.228840
0.140 0.003939
0.150 0.162749
0.160 0.517024
0.170 0.751198
0.180 1.201920
0.190 0.705487
0.200 0.049997
0.210 0.979053
0.220 0.899617
0.230 0.912476
0.240 0.309156
0.250 1.148109
0.260 1.033281
0.270 0.136990
0.280 1.129927
0.290 0.847005
0.300 0.197533
0.310 1.086693
0.320 0.117166
0.330 0.345697
0.340 0.502105
0.350 1.368804
0.360 1.198916
0.370 0.639335
0.380 1.115456
0.390 0.817771
0.400 0.539102
0.410 1.256913
0.420 0.656290
0.430 0.226494
0.440 0.206358
0.450 0.285535
0.460 0.255298
0.470 1.357985
0.480 0.907200
0.490 0.896540
0.500 1.315304
0.510 1.241687
0.520 0.006306
0.530 1.346100
0.540 0.175911
0.550 0.440179
0.560 0.257101
0.570 0.320769
0.580 0.361429
0.590 1.091044
0.600 1.049506
0.610 0.976657
0.620 1.172387
0.630 1.255493
0.640 1.358367
0.650 0.609943
0.660 0.228539
0.670 0.280572
0.680 1.258171
0.690 0.173501
0.700 0.880533
0.710 1.371115
0.720 0.726622
0.730 0.367692
0.740 0.254425
0.750 0.965048
0.760 0.995783
0.770 0.247091
0.780 1.182500
0.790 1.312736
0.800 0.159163
0.810 1.083647
0.820 1.270591
0.830 0.184592
0.840 0.216605
0.850 0.555129
0.860 0.522607
0.870 1.021874
0.880 0.802419
0.890 0.173674
0.900 1.294236
0.910 0.979161
0.920 0.480320
0.930 1.317017
0.940 0.382291
0.950 0.169505
0.960 0.120004
0.970 0.875646
0.980 0.076735
0.990 0.767116
