0.000 3.048421
0.010 7.751382
0.020 2.659474
0.030 9.567775
0.040 8.072333
0.050 2.748550
0.060 2.363744
0.070 1.568140
0.080 3.552659
0.090 3.397240
0.100 9.049974
0.110 9.501481
0.120 3.678682
0.130 4.010244
0.140 7.987454
0.150 6.789589
0.160 2.362513
0.170 7.700153
0.180 2.645837
0.190 9.285980
0.200 0.353029
0.210 4.670269
0.220 4.197231
0.230 1.685674
0.240 4.979426
0.250 9.010925
0.260 2.548601
0.270 0.546668
0.280 0.432885
0.290 0.238299
0.300 3.928621
0.310 4.481335
0.320 5.546943
0.330 1.928881
0.340 4.280499
0.350 1.111712
0.360 7.931166
0.370 5.782970
0.380 0.373735
0.390 6.457638
0.400 8.738707
0.410 1.844531
0.420 0.639706
0.430 3.884664
0.440 6.163941
0.450 3.627424
0.460 3.145804
0.470 4.564948
0.480 6.802746
0.490 4.578816
0.500 7.658160
0.510 3.167265
0.520 4.920238
0.530 9.143344
0.540 6.485931
0.550 6.410756
0.560 8.985958
0.570 4.491219
0.580 6.520050
0.590 0.919274
0.600 5.560335
0.610 3.781924
0.620 3.585575
0.630 2.814808
0.640 2.596712
0.650 0.633665
0.660 2.949719
0.670 5.324437
0.680 9.517655
0.690 8.399825
0.700 7.790407
0.710 6.095543
0.720 7.031861
0.730 8.346419
0.740 5.265872
0.750 9.269842
0.760 4.490600
0.770 7.834538
0.780 1.906084
0.790 1.932411
0.800 1.345709
0.810 4.269113
0.820 7.345109
0.830 4.123681
0.840 0.470877
0.850 9.639714
0.860 9.083610
0.870 2.592698
0.880 0.832781
0.890 9.352987
0.900 9.800121
0.910 9.411896
0.920 8.029565
0.930 4.454453
0.940 7.506691
0.950 8.713654
0.960 8.410443
0.970 8.897656
0.980 9.509476
0.990 5.976351
