0.000 1.170443
0.010 0.601045
0.020 1.269260
0.030 1.342733
0.040 0.891495
0.050 1.313273
0.060 1.089812
0.070 1.279968
0.080 0.702093
0.090 0.531441
0.100 1.225482
0.110 0.572253
0.120 0.965529
0.130 1.147596
0.140 1.184260
0.150 0.925234
0.160 0.922360
0.170 1.397214
0.180 0.378817
0.190 1.206143
0.200 0.031335
0.210 0.034766
0.220 0.346226
0.230 1.167153
0.240 0.803936
0.250 1.082801
0.260 1.113424
0.270 1.417819
0.280 1.515135
0.290 1.219730
0.300 0.944181
0.310 0.312591
0.320 0.170322
0.330 1.005868
0.340 1.102728
0.350 0.356246
0.360 0.155310
0.370 1.000983
0.380 0.751654
0.390 0.494153
0.400 0.596888
0.410 0.689400
0.420 1.012874
0.430 0.151592
0.440 0.904808
0.450 0.646690
0.460 0.982040
0.470 0.520591
0.480 1.475953
0.490 0.614823
0.500 0.192172
0.510 0.801007
0.520 0.659051
0.530 0.747698
0.540 0.783545
0.550 0.192399
0.560 0.123569
0.570 0.598022
0.580 1.369799
0.590 0.813066
0.600 1.355137
0.610 1.502987
0.620 0.831770
0.630 0.913239
0.640 0.580413
0.650 0.188142
0.660 0.937941
0.670 0.249862
0.680 0.829354
0.690 1.308628
0.700 0.052623
0.710 1.267676
0.720 0.563223
0.730 1.250701
0.740 1.360741
0.750 0.954687
0.760 0.129244
0.770 0.118137
0.780 0.140782
0.790 0.917454
0.800 0.098529
0.810 1.166138
0.820 1.510272
0.830 0.917049
0.840 1.335516
0.850 0.837558
0.860 0.290404
0.870 1.012188
0.880 1.364137
0.890 1.417055
0.900 0.686373
0.910 0.234213
0.920 0.303909
0.930 0.023756
0.940 0.232362
0.950 0.162104
0.960 0.152252
0.970 0.174373
0.980 0.713602
0.990 1.481603
