0.000 6.495866
0.010 1.161966
0.020 1.762913
0.030 6.160386
0.040 5.039561
0.050 3.500232
0.060 3.050604
0.070 2.967719
0.080 9.631649
0.090 0.077857
0.100 0.099399
0.110 2.100487
0.120 6.617242
0.130 5.588532
0.140 9.574325
0.150 6.785588
0.160 2.710434
0.170 5.919339
0.180 4.431743
0.190 3.263001
0.200 8.277470
0.210 6.111833
0.220 4.190816
0.230 2.008049
0.240 5.855234
0.250 4.933148
0.260 3.349290
0.270 2.878913
0.280 6.632757
0.290 0.506480
0.300 8.648482
0.310 6.810764
0.320 0.649449
0.330 4.724302
0.340 7.246472
0.350 3.244155
0.360 1.459527
0.370 8.221264
0.380 6.171458
0.390 7.240819
0.400 7.693156
0.410 7.676464
0.420 5.578507
0.430 4.176982
0.440 7.274660
0.450 3.377803
0.460 3.024405
0.470 3.754169
0.480 8.672341
0.490 1.003771
0.500 0.114186
0.510 2.502054
0.520 2.775691
0.530 1.595051
0.540 2.700463
0.550 4.626435
0.560 3.503376
0.570 0.929648
0.580 5.314597
0.590 2.855077
0.600 6.851364
0.610 8.614818
0.620 1.300388
0.630 7.403450
0.640 4.679181
0.650 4.220808
0.660 5.575342
0.670 4.616801
0.680 2.247865
0.690 1.991007
0.700 9.433821
0.710 5.899612
0.720 5.224057
0.730 7.628711
0.740 6.383266
0.750 7.781866
0.760 8.411694
0.770 7.341260
0.780 8.788547
0.790 3.753919
0.800 1.161600
0.810 1.001558
0.820 8.268752
0.830 9.421176
0.840 8.413394
0.850 5.185971
0.860 5.891501
0.870 7.036900
0.880 7.848829
0.890 0.634972
0.900 0.526283
0.910 0.379019
0.920 3.142691
0.930 5.085677
0.940 2.125266
0.950 6.867423
0.960 4.918234
0.970 5.992805
0.980 3.317534
0.990 4.188446
