0.000 3.186622
0.010 5.014161
0.020 2.331287
0.030 4.798287
0.040 4.298557
0.050 1.336369
0.060 5.342888
0.070 2.458654
0.080 0.124916
0.090 0.857850
0.100 2.268958
0.110 1.988006
0.120 0.295754
0.130 5.412782
0.140 0.644612
0.150 3.068942
0.160 4.930829
0.170 5.405551
0.180 0.352401
0.190 3.311693
0.200 3.447764
0.210 2.556623
0.220 2.790708
0.230 2.811000
0.240 0.473496
0.250 2.583901
0.260 3.427904
0.270 5.126633
0.280 5.208838
0.290 2.780864
0.300 3.087083
0.310 3.242888
0.320 4.852089
0.330 4.796084
0.340 0.613974
0.350 1.258669
0.360 0.132184
0.370 0.224715
0.380 0.472150
0.390 0.581480
0.400 5.033671
0.410 1.603134
0.420 0.607118
0.430 0.267323
0.440 2.695597
0.450 3.956425
0.460 3.722242
0.470 1.795874
0.480 4.238496
0.490 4.752653
0.500 2.957343
0.510 3.028655
0.520 4.499824
0.530 1.853860
0.540 0.910858
0.550 2.002751
0.560 5.856893
0.570 1.953672
0.580 1.862658
0.590 4.967401
0.600 0.931114
0.610 1.347245
0.620 5.127388
0.630 0.256040
0.640 5.117127
0.650 4.782524
0.660 3.801150
0.670 1.433437
0.680 5.884506
0.690 4.017052
0.700 0.379500
0.710 4.070188
0.720 4.100680
0.730 2.930152
0.740 4.876241
0.750 4.679770
0.760 1.508647
0.770 4.315924
0.780 0.029652
0.790 3.444549
0.800 1.718373
0.810 3.594819
0.820 0.994661
0.830 5.503625
0.840 5.109081
0.850 0.638153
0.860 5.709682
0.870 5.238096
0.880 5.079551
0.890 2.265542
0.900 3.326145
0.910 5.194500
0.920 3.818518
0.930 0.393712
0.940 1.790646
0.950 5.564167
0.960 4.819442
0.970 1.789603
0.980 4.705992
0.990 3.989797
