0.000 1.501749
0.010 0.230213
0.020 1.064713
0.030 1.490708
0.040 0.211636
0.050 0.409328
0.060 1.101142
0.070 0.572021
0.080 0.160308
0.090 0.452476
0.100 0.429169
0.110 0.061431
0.120 0.161788
0.130 0.705378
0.140 1.004215
0.150 0.952223
0.160 1.137003
0.170 0.540109
0.180 1.173500
0.190 1.339366
0.200 1.361669
0.210 0.761789
0.220 0.966903
0.230 0.464321
0.240 0.773549
0.250 1.029079
0.260 1.065597
0.270 0.908750
0.280 0.853669
0.290 1.106152
0.300 1.157445
0.310 0.113011
0.320 0.305093
0.330 0.931262
0.340 0.603362
0.350 0.626685
0.360 0.083571
0.370 0.531931
0.380 1.140388
0.390 0.810337
0.400 1.123017
0.410 1.312671
0.420 1.084543
0.430 0.739883
0.440 0.341889
0.450 1.366590
0.460 0.465424
0.470 1.234685
0.480 1.351522
0.490 0.485232
0.500 1.142312
0.510 0.065312
0.520 0.599111
0.530 0.749646
0.540 0.026499
0.550 0.807352
0.560 0.854357
0.570 1.167522
0.580 1.013110
0.590 1.393984
0.600 0.736504
0.610 0.403544
0.620 0.848391
0.630 1.325172
0.640 0.748980
0.650 0.136432
0.660 1.244386
0.670 1.180478
0.680 1.463123
0.690 0.786098
0.700 0.449954
0.710 0.233522
0.720 0.015955
0.730 0.531574
0.740 0.014657
0.750 0.398797
0.760 0.211169
0.770 0.446705
0.780 0.352478
0.790 0.445327
0.800 0.647185
0.810 0.481117
0.820 1.243408
0.830 1.175141
0.840 0.312101
0.850 0.183265
0.860 0.826056
0.870 0.764131
0.880 0.968947
0.890 0.919909
0.900 1.153432
0.910 0.243133
0.920 0.523450
0.930 0.776197
0.940 0.571066
0.950 0.661613
0.960 0.961116
0.970 1.255160
0.980 1.248996
0.990 1.430695
