0.000 2.411230
0.010 2.988575
0.020 0.683673
0.030 1.200789
0.040 5.159574
0.050 3.930420
0.060 0.653186
0.070 4.440913
0.080 3.304564
0.090 2.070984
0.100 0.312714
0.110 4.054098
0.120 4.958577
0.130 1.207590
0.140 1.318641
0.150 3.294694
0.160 2.481600
0.170 1.261908
0.180 3.281752
0.190 1.478982
0.200 0.396581
0.210 3.491313
0.220 3.687728
0.230 0.127228
0.240 5.305772
0.250 3.285178
0.260 3.089718
0.270 4.551751
0.280 1.992311
0.290 4.818518
0.300 0.811303
0.310 3.860169
0.320 0.471555
0.330 3.715775
0.340 4.943573
0.350 2.442554
0.360 1.268203
0.370 4.675750
0.380 1.787923
0.390 2.764200
0.400 5.199281
0.410 0.337664
0.420 1.092037
0.430 1.889588
0.440 2.476316
0.450 2.898568
0.460 3.989246
0.470 2.648737
0.480 2.757197
0.490 3.891614
0.500 2.908513
0.510 3.766443
0.520 0.048043
0.530 0.581373
0.540 1.027034
0.550 3.578029
0.560 0.890453
0.570 0.382864
0.580 2.082031
0.590 0.485095
0.600 2.744228
0.610 2.121190
0.620 4.760991
0.630 1.128753
0.640 2.624799
0.650 0.452247
0.660 4.200903
0.670 5.010677
0.680 3.065118
0.690 0.377534
0.700 0.682838
0.710 4.385920
0.720 0.709945
0.730 2.699988
0.740 4.473954
0.750 0.328049
0.760 5.013580
0.770 1.735859
0.780 0.275407
0.790 3.748894
0.800 3.992797
0.810 2.411002
0.820 4.543818
0.830 1.170131
0.840 4.077992
0.850 3.613230
0.860 0.452436
0.870 5.008135
0.880 3.261050
0.890 1.603388
0.900 2.730186
0.910 1.650131
0.920 0.442791
0.930 1.854457
0.940 2.532181
0.950 0.825556
0.960 4.439189
0.970 0.029374
0.980 2.687923
0.990 0.264694
