0.000 4.534517
0.010 2.271215
0.020 0.605650
0.030 0.464692
0.040 2.540221
0.050 0.853622
0.060 0.980088
0.070 5.009845
0.080 4.939738
0.090 3.273460
0.100 1.292947
0.110 2.112207
0.120 2.617780
0.130 1.397705
0.140 1.710108
0.150 4.544251
0.160 3.638259
0.170 3.478833
0.180 2.098917
0.190 2.560275
0.200 3.099134
0.210 1.202829
0.220 4.700483
0.230 3.820716
0.240 2.527884
0.250 5.542394
0.260 2.619947
0.270 2.537368
0.280 4.617401
0.290 2.593024
0.300 3.187278
0.310 1.146128
0.320 0.062699
0.330 1.068245
0.340 3.648167
0.350 0.443963
0.360 2.083528
0.370 4.973133
0.380 4.633740
0.390 1.270828
0.400 2.401129
0.410 1.787893
0.420 1.534992
0.430 0.327503
0.440 5.727420
0.450 5.514332
0.460 2.367957
0.470 0.493441
0.480 4.533345
0.490 4.903320
0.500 1.572408
0.510 1.742127
0.520 3.311783
0.530 1.806311
0.540 2.103239
0.550 3.946639
0.560 0.480772
0.570 5.657530
0.580 0.972808
0.590 2.633218
0.600 0.173118
0.610 2.140244
0.620 1.218521
0.630 5.215272
0.640 0.934057
0.650 3.810839
0.660 0.911730
0.670 3.945131
0.680 3.699211
0.690 2.182208
0.700 4.094208
0.710 4.141292
0.720 2.273811
0.730 1.156198
0.740 2.076940
0.750 5.745862
0.760 5.428382
0.770 4.921251
0.780 0.005678
0.790 4.769410
0.800 2.144226
0.810 2.373723
0.820 2.673847
0.830 0.162270
0.840 3.233729
0.850 0.151842
0.860 1.025354
0.870 3.538819
0.880 2.747281
0.890 2.933451
0.900 0.558403
0.910 2.601272
0.920 5.749373
0.930 3.380897
0.940 1.563476
0.950 2.841933
0.960 3.847691
0.970 3.328272
0.980 1.005099
0.990 3.093845
