0.000 0.792814
0.010 0.302487
0.020 -1.651262
0.030 0.843803
0.040 -0.015606
0.050 -2.865517
0.060 -1.612031
0.070 -0.564778
0.080 -1.658658
0.090 -1.345584
0.100 0.889100
0.110 1.628244
0.120 -0.869030
0.130 0.235667
0.140 2.640928
0.150 2.996367
0.160 0.833064
0.170 -0.049914
0.180 -0.828314
0.190 1.809064
0.200 0.611358
0.210 0.984193
0.220 2.730177
0.230 -0.657875
0.240 1.123770
0.250 -1.390248
0.260 3.531042
0.270 -0.752940
0.280 -2.129566
0.290 1.663831
0.300 -0.966137
0.310 -0.654473
0.320 4.088464
0.330 -0.822378
0.340 0.764403
0.350 1.834275
0.360 0.178463
0.370 -0.637921
0.380 1.235140
0.390 3.756848
0.400 3.081855
0.410 2.399973
0.420 -2.506496
0.430 -0.012518
0.440 -1.493971
0.450 2.694270
0.460 0.552576
0.470 2.231793
0.480 0.126094
0.490 -1.967915
0.500 0.234894
0.510 -1.179562
0.520 -1.589218
0.530 2.611094
0.540 1.097841
0.550 -0.014903
0.560 0.764331
0.570 0.922871
0.580 1.144938
0.590 -1.324406
0.600 0.527904
0.610 -1.722443
0.620 -3.001547
0.630 0.614332
0.640 0.099316
0.650 -2.955759
0.660 0.661403
0.670 -0.573842
0.680 5.049390
0.690 -1.245583
0.700 1.751416
0.710 1.205884
0.720 -0.669859
0.730 -1.050002
0.740 -1.095856
0.750 -2.734184
0.760 -2.474580
0.770 -0.218854
0.780 -0.613793
0.790 -0.750273
0.800 -0.346698
0.810 0.158982
0.820 -5.042467
0.830 -1.755779
0.840 -0.574788
0.850 -0.185855
0.860 -0.586720
0.870 -0.211568
0.880 -0.178507
0.890 -1.473291
0.900 -2.595105
0.910 -2.537084
0.920 -2.768013
0.930 1.290494
0.940 2.652834
0.950 2.331445
0.960 -0.538366
0.970 -1.683424
0.980 -0.228802
0.990 2.933691
