0.000 3.509570
0.010 4.223627
0.020 9.400869
0.030 5.834454
0.040 0.489811
0.050 7.636762
0.060 1.477871
0.070 3.011787
0.080 6.199259
0.090 1.583463
0.100 3.657423
0.110 5.230557
0.120 4.135701
0.130 5.446122
0.140 1.719222
0.150 8.822529
0.160 5.310833
0.170 1.944754
0.180 1.245708
0.190 4.374632
0.200 0.596797
0.210 4.570052
0.220 5.002394
0.230 4.108043
0.240 6.380560
0.250 6.433834
0.260 2.770019
0.270 9.564314
0.280 8.499529
0.290 1.148417
0.300 2.206264
0.310 8.207620
0.320 8.705645
0.330 1.953749
0.340 2.175655
0.350 6.799497
0.360 6.237789
0.370 1.339619
0.380 9.731056
0.390 8.349920
0.400 6.155535
0.410 5.347425
0.420 1.294953
0.430 6.449205
0.440 3.500989
0.450 0.694928
0.460 5.873669
0.470 8.664951
0.480 7.930075
0.490 5.249574
0.500 8.767815
0.510 3.222011
0.520 8.759392
0.530 1.811130
0.540 1.003984
0.550 3.525460
0.560 6.629356
0.570 8.530768
0.580 5.608134
0.590 5.792333
0.600 2.460382
0.610 8.905547
0.620 7.951157
0.630 8.287274
0.640 9.039895
0.650 4.290638
0.660 1.520850
0.670 4.712954
0.680 8.782468
0.690 4.772996
0.700 6.268850
0.710 1.138051
0.720 1.321765
0.730 3.219350
0.740 9.264799
0.750 7.598501
0.760 5.428547
0.770 9.414234
0.780 8.659224
0.790 7.871257
0.800 7.458539
0.810 1.675182
0.820 4.697114
0.830 7.441827
0.840 2.691029
0.850 5.024458
0.860 4.596209
0.870 5.528169
0.880 3.018387
0.890 6.621460
0.900 7.123466
0.910 0.724164
0.920 1.751068
0.930 9.850854
0.940 5.865308
0.950 2.651371
0.960 9.126450
0.970 0.777532
0.980 9.877583
0.990 2.626224
