0.000 0.480473
0.010 2.915769
0.020 0.786183
0.030 0.184419
0.040 3.582177
0.050 1.257149
0.060 2.160451
0.070 2.648863
0.080 3.181226
0.090 3.613677
0.100 2.934958
0.110 1.270870
0.120 3.276693
0.130 1.871197
0.140 3.413034
0.150 1.284450
0.160 2.958675
0.170 2.211524
0.180 2.703849
0.190 0.548805
0.200 3.061198
0.210 2.089404
0.220 2.501616
0.230 0.126265
0.240 0.561117
0.250 2.031918
0.260 1.233582
0.270 2.773645
0.280 1.891533
0.290 1.249512
0.300 2.784709
0.310 2.182439
0.320 3.371883
0.330 0.324955
0.340 0.098872
0.350 3.714124
0.360 2.736594
0.370 0.821218
0.380 0.508566
0.390 3.300586
0.400 1.353094
0.410 2.136620
0.420 1.642303
0.430 3.221491
0.440 1.703567
0.450 1.729361
0.460 2.172014
0.470 3.376976
0.480 0.928950
0.490 3.516477
0.500 1.661079
0.510 3.778348
0.520 2.958749
0.530 0.033935
0.540 0.237254
0.550 1.403235
0.560 0.782803
0.570 0.494132
0.580 0.413361
0.590 0.972372
0.600 0.836632
0.610 3.533405
0.620 3.366944
0.630 2.372973
0.640 2.748778
0.650 0.106458
0.660 3.857244
0.670 0.180052
0.680 0.517457
0.690 1.464158
0.700 2.531985
0.710 3.339247
0.720 3.166794
0.730 1.989610
0.740 2.471462
0.750 3.502140
0.760 1.865409
0.770 2.476776
0.780 0.166194
0.790 1.907051
0.800 0.474006
0.810 1.281457
0.820 1.618336
0.830 2.399857
0.840 0.420468
0.850 0.944806
0.860 3.631918
0.870 3.905836
0.880 1.429222
0.890 3.717266
0.900 3.902063
0.910 2.782579
0.920 1.036536
0.930 0.370361
0.940 2.756871
0.950 0.397486
0.960 1.796986
0.970 2.195347
0.980 2.449859
0.990 0.181922
