0.000 0.708141
0.010 3.862929
0.020 6.417718
0.030 8.389151
0.040 8.127518
0.050 7.417667
0.060 5.116526
0.070 4.280178
0.080 7.903139
0.090 0.564807
0.100 2.807424
0.110 6.615439
0.120 4.853562
0.130 3.632598
0.140 1.338652
0.150 1.626880
0.160 3.217909
0.170 3.232988
0.180 1.300811
0.190 2.086876
0.200 8.527306
0.210 5.794449
0.220 4.439827
0.230 5.084366
0.240 2.729505
0.250 6.291646
0.260 8.633658
0.270 0.563046
0.280 8.000245
0.290 5.890257
0.300 2.223307
0.310 3.815388
0.320 2.066685
0.330 1.050437
0.340 6.170317
0.350 4.897082
0.360 3.898360
0.370 8.991237
0.380 2.296053
0.390 0.801599
0.400 8.405932
0.410 6.490385
0.420 7.064368
0.430 1.489825
0.440 0.187860
0.450 0.971768
0.460 8.103422
0.470 4.251407
0.480 0.892091
0.490 8.414961
0.500 5.779646
0.510 0.285612
0.520 8.815990
0.530 2.096225
0.540 5.724917
0.550 4.411563
0.560 2.758276
0.570 6.527451
0.580 8.483554
0.590 3.292317
0.600 1.289802
0.610 5.320921
0.620 6.829823
0.630 8.278248
0.640 1.648341
0.650 7.656645
0.660 1.551019
0.670 0.097924
0.680 9.032839
0.690 4.530024
0.700 7.099354
0.710 3.452450
0.720 0.037197
0.730 7.860815
0.740 4.259698
0.750 6.020509
0.760 4.430233
0.770 8.160942
0.780 6.266618
0.790 3.506145
0.800 0.729193
0.810 3.900244
0.820 6.219781
0.830 4.124300
0.840 6.874003
0.850 4.518873
0.860 2.743463
0.870 2.280493
0.880 4.093431
0.890 3.697305
0.900 1.850419
0.910 4.944865
0.920 3.207674
0.930 3.739438
0.940 3.091315
0.950 2.270678
0.960 6.726392
0.970 7.231116
0.980 9.030921
0.990 3.572075
