0.000 3.482896
0.010 2.172348
0.020 1.968365
0.030 3.341763
0.040 2.481173
0.050 3.365309
0.060 1.933471
0.070 2.479965
0.080 1.637220
0.090 0.173181
0.100 1.135193
0.110 2.262074
0.120 0.681629
0.130 3.375951
0.140 0.509018
0.150 3.390528
0.160 0.962475
0.170 2.603665
0.180 0.975864
0.190 0.065012
0.200 3.057710
0.210 0.624403
0.220 0.488224
0.230 3.133035
0.240 0.391733
0.250 1.616108
0.260 2.614302
0.270 1.073663
0.280 2.319488
0.290 2.858531
0.300 2.961093
0.310 2.332601
0.320 1.450715
0.330 0.321702
0.340 3.483690
0.350 3.119878
0.360 0.576420
0.370 0.455963
0.380 1.206803
0.390 3.005595
0.400 2.302834
0.410 0.420214
0.420 3.020201
0.430 2.880524
0.440 2.510194
0.450 1.130441
0.460 1.865438
0.470 1.173461
0.480 1.521355
0.490 0.434218
0.500 0.262201
0.510 1.071033
0.520 2.742470
0.530 1.395407
0.540 2.194081
0.550 2.338565
0.560 2.573195
0.570 0.408733
0.580 2.253355
0.590 1.936983
0.600 0.565629
0.610 1.674268
0.620 3.188204
0.630 3.250777
0.640 0.794399
0.650 3.418054
0.660 0.717770
0.670 1.864468
0.680 0.031252
0.690 1.141605
0.700 3.389445
0.710 1.412060
0.720 3.221497
0.730 2.795507
0.740 1.470901
0.750 1.981120
0.760 1.810738
0.770 1.227589
0.780 1.200986
0.790 2.656868
0.800 1.572926
0.810 3.153083
0.820 0.482554
0.830 0.638132
0.840 2.324872
0.850 0.391804
0.860 1.376456
0.870 2.677120
0.880 1.081806
0.890 3.264315
0.900 2.261747
0.910 0.263365
0.920 0.822568
0.930 0.427782
0.940 2.569107
0.950 3.181378
0.960 2.565563
0.970 2.595013
0.980 2.349152
0.990 2.214484
