0.000 1.706062
0.010 0.366917
0.020 4.927437
0.030 4.699514
0.040 2.838218
0.050 5.574526
0.060 0.850338
0.070 4.301954
0.080 0.772798
0.090 4.361577
0.100 0.555856
0.110 1.138208
0.120 0.448648
0.130 5.125626
0.140 5.845486
0.150 4.257264
0.160 2.780756
0.170 0.113686
0.180 5.105931
0.190 0.896737
0.200 4.039042
0.210 2.301252
0.220 2.124877
0.230 2.646481
0.240 2.312523
0.250 5.480038
0.260 2.806554
0.270 4.790896
0.280 4.881052
0.290 3.719859
0.300 5.247572
0.310 1.313305
0.320 3.898437
0.330 5.561127
0.340 5.296011
0.350 3.932793
0.360 4.851143
0.370 0.890628
0.380 1.309909
0.390 1.299746
0.400 1.856821
0.410 0.382339
0.420 2.714381
0.430 4.833638
0.440 4.107761
0.450 2.384251
0.460 4.961393
0.470 0.632820
0.480 2.452082
0.490 2.458965
0.500 2.612650
0.510 4.845680
0.520 4.762434
0.530 5.689105
0.540 3.008681
0.550 5.789195
0.560 0.606612
0.570 5.058720
0.580 2.813901
0.590 5.137120
0.600 2.353636
0.610 2.137654
0.620 1.805220
0.630 5.654705
0.640 3.291517
0.650 4.632180
0.660 5.346318
0.670 0.280775
0.680 0.538098
0.690 0.206247
0.700 1.094120
0.710 4.023552
0.720 0.649442
0.730 3.736228
0.740 5.406426
0.750 4.672829
0.760 4.182506
0.770 5.472595
0.780 3.150304
0.790 4.548919
0.800 4.438156
0.810 3.158049
0.820 1.354429
0.830 5.821013
0.840 1.624872
0.850 3.044524
0.860 3.971666
0.870 3.384638
0.880 2.964704
0.890 5.804164
0.900 1.395667
0.910 5.863428
0.920 2.827097
0.930 1.787104
0.940 0.979052
0.950 3.677488
0.960 3.472208
0.970 1.748013
0.980 1.669466
0.990 5.856396
