0.000 0.513650
0.010 1.481544
0.020 0.142583
0.030 0.222925
0.040 0.782909
0.050 0.611169
0.060 0.869887
0.070 0.280765
0.080 1.000961
0.090 0.622977
0.100 0.309219
0.110 1.314790
0.120 0.428094
0.130 1.007741
0.140 0.678748
0.150 0.514690
0.160 0.757062
0.170 1.337929
0.180 0.994810
0.190 0.392484
0.200 0.967012
0.210 0.392103
0.220 0.399433
0.230 0.749062
0.240 0.987032
0.250 1.225363
0.260 1.051521
0.270 0.696418
0.280 0.241865
0.290 0.209620
0.300 0.488040
0.310 1.245533
0.320 0.685685
0.330 0.804652
0.340 1.106226
0.350 0.335613
0.360 1.306729
0.370 1.078970
0.380 1.588313
0.390 1.046391
0.400 1.205698
0.410 0.152629
0.420 0.741917
0.430 1.500788
0.440 0.038329
0.450 1.461038
0.460 1.103455
0.470 0.555762
0.480 1.186469
0.490 1.492768
0.500 1.586419
0.510 0.589638
0.520 0.642071
0.530 1.493385
0.540 1.492756
0.550 1.073187
0.560 1.652767
0.570 0.065725
0.580 0.096016
0.590 0.781184
0.600 0.615610
0.610 1.401404
0.620 0.655156
0.630 0.086345
0.640 0.740917
0.650 0.494790
0.660 0.727511
0.670 0.822329
0.680 0.007105
0.690 1.396885
0.700 0.490585
0.710 0.051147
0.720 1.607963
0.730 0.720835
0.740 1.680220
0.750 0.293373
0.760 1.602432
0.770 1.303053
0.780 0.899440
0.790 1.056789
0.800 0.038873
0.810 0.655311
0.820 1.007725
0.830 0.866091
0.840 0.641400
0.850 1.020170
0.860 0.009332
0.870 1.073785
0.880 0.851458
0.890 1.338692
0.900 1.063684
0.910 0.385127
0.920 0.720272
0.930 1.065272
0.940 1.426954
0.950 0.618671
0.960 1.410827
0.970 1.652080
0.980 0.853091
0.990 0.246466
