0.000 0.067776
0.010 0.619781
0.020 1.040052
0.030 0.784995
0.040 0.097467
0.050 0.745105
0.060 0.488760
0.070 0.223109
0.080 0.474177
0.090 0.585636
0.100 0.836032
0.110 0.289453
0.120 0.697293
0.130 0.192644
0.140 0.014210
0.150 0.979767
0.160 0.898715
0.170 0.669503
0.180 0.799830
0.190 0.625282
0.200 0.614049
0.210 0.352810
0.220 0.226275
0.230 0.978481
0.240 0.580134
0.250 0.569585
0.260 0.310541
0.270 0.959955
0.280 0.960856
0.290 0.948800
0.300 0.089921
0.310 0.419612
0.320 0.959231
0.330 0.498360
0.340 1.025323
0.350 0.332554
0.360 0.755829
0.370 0.569606
0.380 0.728671
0.390 0.400703
0.400 0.269170
0.410 0.851104
0.420 0.358527
0.430 0.689047
0.440 0.976269
0.450 0.940250
0.460 0.054953
0.470 1.008930
0.480 0.310922
0.490 0.639801
0.500 0.080446
0.510 0.734293
0.520 1.012555
0.530 0.836203
0.540 0.541884
0.550 0.564776
0.560 0.607555
0.570 0.626757
0.580 0.386697
0.590 0.389925
0.600 0.771043
0.610 0.884691
0.620 0.674851
0.630 0.328730
0.640 0.291507
0.650 0.876081
0.660 1.032034
0.670 0.130555
0.680 0.686702
0.690 0.947901
0.700 0.996803
0.710 0.857102
0.720 0.329054
0.730 0.084655
0.740 0.221634
0.750 0.507307
0.760 0.197210
0.770 0.188640
0.780 0.606946
0.790 0.497551
0.800 0.566893
0.810 0.404491
0.820 0.993521
0.830 0.980041
0.840 0.309224
0.850 0.912795
0.860 0.209664
0.870 0.793184
0.880 0.399775
0.890 0.682344
0.900 0.514286
0.910 0.754208
0.920 0.784047
0.930 0.881430
0.940 0.211835
0.950 0.989407
0.960 0.729607
0.970 0.577654
0.980 0.842515
0.990 0.664480
