0.000 4.803961
0.010 2.475401
0.020 1.196793
0.030 0.430437
0.040 5.150948
0.050 0.122869
0.060 5.379750
0.070 3.666012
0.080 1.375614
0.090 3.900391
0.100 0.347572
0.110 0.314013
0.120 6.279841
0.130 5.156442
0.140 2.915899
0.150 4.392887
0.160 0.189111
0.170 6.378624
0.180 4.532674
0.190 7.091367
0.200 1.903663
0.210 7.357743
0.220 2.395124
0.230 4.177674
0.240 6.898249
0.250 3.448434
0.260 3.651156
0.270 7.185436
0.280 1.057898
0.290 6.921930
0.300 0.090765
0.310 0.768534
0.320 4.395603
0.330 5.792728
0.340 2.089954
0.350 6.116334
0.360 0.934095
0.370 2.380151
0.380 6.043748
0.390 1.567136
0.400 0.014710
0.410 0.144979
0.420 5.409980
0.430 1.839512
0.440 4.331037
0.450 7.255513
0.460 3.110644
0.470 4.272422
0.480 7.257305
0.490 6.404739
0.500 3.727047
0.510 0.981631
0.520 6.157192
0.530 5.167077
0.540 4.469676
0.550 0.208977
0.560 2.688688
0.570 5.009430
0.580 6.056320
0.590 5.118078
0.600 1.405766
0.610 4.609498
0.620 3.387866
0.630 6.960444
0.640 3.923405
0.650 3.442478
0.660 2.062474
0.670 5.720123
0.680 5.815167
0.690 3.038733
0.700 2.814090
0.710 6.535259
0.720 1.917550
0.730 5.339737
0.740 5.363896
0.750 6.242097
0.760 2.098887
0.770 3.135939
0.780 0.394901
0.790 5.291421
0.800 2.709420
0.810 4.784282
0.820 7.103995
0.830 0.766036
0.840 7.379114
0.850 0.044830
0.860 5.265414
0.870 7.335356
0.880 0.302574
0.890 6.638237
0.900 5.495393
0.910 1.690812
0.920 0.111832
0.930 1.579116
0.940 2.208249
0.950 2.556968
0.960 1.738037
0.970 3.126164
0.980 5.675645
0.990 2.426899
