0.000 0.791515
0.010 3.850783
0.020 1.960454
0.030 0.284585
0.040 0.815758
0.050 4.518900
0.060 6.507060
0.070 5.578123
0.080 3.061793
0.090 3.367430
0.100 1.196060
0.110 0.272756
0.120 3.809613
0.130 6.368769
0.140 0.497357
0.150 3.711189
0.160 6.476206
0.170 3.093086
0.180 3.387823
0.190 1.219423
0.200 5.045030
0.210 3.401308
0.220 1.558036
0.230 1.398182
0.240 5.746689
0.250 2.766593
0.260 1.092446
0.270 1.686951
0.280 5.411584
0.290 2.752429
0.300 4.705826
0.310 3.716108
0.320 6.294447
0.330 4.954743
0.340 0.075158
0.350 6.239423
0.360 4.398268
0.370 2.213669
0.380 0.160828
0.390 2.611825
0.400 4.944894
0.410 0.202429
0.420 3.906302
0.430 2.808234
0.440 0.871702
0.450 2.582918
0.460 6.200689
0.470 4.972275
0.480 2.194431
0.490 0.340602
0.500 2.625327
0.510 5.188041
0.520 1.851384
0.530 5.137941
0.540 1.716572
0.550 2.366649
0.560 1.550637
0.570 0.184700
0.580 0.111751
0.590 4.965268
0.600 4.264610
0.610 3.471074
0.620 5.291725
0.630 5.473844
0.640 6.037337
0.650 0.676645
0.660 2.937153
0.670 6.443549
0.680 6.509281
0.690 1.089539
0.700 5.676798
0.710 4.273928
0.720 2.449547
0.730 5.702295
0.740 4.910964
0.750 2.354161
0.760 5.834644
0.770 1.820920
0.780 4.664283
0.790 0.856955
0.800 3.591953
0.810 5.554535
0.820 6.499615
0.830 4.732452
0.840 0.988253
0.850 5.673718
0.860 3.480247
0.870 5.535048
0.880 1.001369
0.890 1.622835
0.900 3.983910
0.910 2.395700
0.920 2.417198
0.930 3.424510
0.940 1.266733
0.950 3.712093
0.960 2.112074
0.970 3.950858
0.980 0.499262
0.990 3.597037
