0.000 0.232182
0.010 0.071592
0.020 0.162609
0.030 0.066553
0.040 0.175419
0.050 0.145707
0.060 0.059836
0.070 0.090745
0.080 0.040464
0.090 0.043152
0.100 0.019606
0.110 0.210616
0.120 0.003080
0.130 0.091201
0.140 0.078548
0.150 0.079776
0.160 0.031629
0.170 0.209243
0.180 0.227654
0.190 0.074657
0.200 0.160801
0.210 0.090931
0.220 0.109944
0.230 0.051183
0.240 0.210451
0.250 0.106816
0.260 0.185450
0.270 0.028401
0.280 0.139180
0.290 0.219312
0.300 0.107222
0.310 0.053645
0.320 0.027136
0.330 0.023184
0.340 0.039462
0.350 0.161086
0.360 0.127374
0.370 0.073519
0.380 0.176485
0.390 0.149553
0.400 0.108085
0.410 0.144344
0.420 0.177558
0.430 0.000744
0.440 0.034070
0.450 0.196054
0.460 0.009370
0.470 0.135794
0.480 0.094481
0.490 0.212266
0.500 0.148895
0.510 0.127275
0.520 0.096152
0.530 0.001562
0.540 0.210208
0.550 0.104373
0.560 0.130100
0.570 0.038750
0.580 0.157577
0.590 0.148929
0.600 0.216256
0.610 0.120210
0.620 0.109938
0.630 0.064835
0.640 0.149851
0.650 0.060518
0.660 0.016551
0.670 0.191024
0.680 0.116158
0.690 0.034043
0.700 0.147449
0.710 0.219925
0.720 0.180217
0.730 0.159975
0.740 0.099062
0.750 0.079791
0.760 0.231864
0.770 0.055671
0.780 0.183990
0.790 0.215459
0.800 0.098848
0.810 0.055742
0.820 0.058368
0.830 0.176036
0.840 0.018688
0.850 0.183481
0.860 0.176797
0.870 0.117348
0.880 0.141390
0.890 0.148196
0.900 0.068128
0.910 0.035171
0.920 0.175226
0.930 0.086604
0.940 0.077696
0.950 0.186297
0.960 0.001813
0.970 0.147735
0.980 0.002451
0.990 0.161580
