0.000 -0.598097
0.010 -0.674405
0.020 -2.011239
0.030 1.028580
0.040 -0.259370
0.050 2.963035
0.060 1.694890
0.070 -2.301477
0.080 2.244078
0.090 2.034967
0.100 -0.030109
0.110 2.681229
0.120 3.281427
0.130 1.652234
0.140 2.436246
0.150 2.875630
0.160 -0.432050
0.170 2.487131
0.180 1.369040
0.190 -0.140872
0.200 2.031711
0.210 -0.413767
0.220 2.752624
0.230 0.433475
0.240 -0.454189
0.250 0.507757
0.260 0.151883
0.270 1.240330
0.280 -0.983491
0.290 -1.778238
0.300 -0.653422
0.310 1.198693
0.320 -0.163434
0.330 -2.226391
0.340 1.445468
0.350 -2.322311
0.360 1.691947
0.370 -0.895153
0.380 0.291862
0.390 1.886998
0.400 -2.334394
0.410 1.967839
0.420 0.698089
0.430 -0.033483
0.440 -4.236272
0.450 -0.003862
0.460 1.209519
0.470 -0.090665
0.480 0.907835
0.490 -0.716374
0.500 0.128580
0.510 0.335807
0.520 -0.390994
0.530 0.987206
0.540 -0.958623
0.550 3.767961
0.560 3.921254
0.570 5.497689
0.580 -0.322532
0.590 -2.208707
0.600 0.457925
0.610 0.536319
0.620 -2.296579
0.630 2.056984
0.640 -2.535752
0.650 0.440396
0.660 0.071484
0.670 0.316331
0.680 1.375747
0.690 -2.152079
0.700 0.561993
0.710 -3.032824
0.720 0.672520
0.730 0.456532
0.740 -0.585506
0.750 -0.468793
0.760 -1.023995
0.770 -0.576793
0.780 2.387680
0.790 -0.353871
0.800 2.037956
0.810 -1.292305
0.820 3.881001
0.830 -0.272826
0.840 -1.412844
0.850 1.156164
0.860 -1.062957
0.870 -0.908084
0.880 1.462877
0.890 -0.888652
0.900 -0.581789
0.910 1.902332
0.920 -0.549043
0.930 1.141625
0.940 -2.513154
0.950 -3.772564
0.960 -3.227980
0.970 1.902984
0.980 3.902058
0.990 -0.211917
