0.000 1.298251
0.010 0.948407
0.020 1.276402
0.030 1.064853
0.040 1.417084
0.050 1.040699
0.060 0.386311
0.070 0.570720
0.080 1.224927
0.090 0.948580
0.100 1.163756
0.110 0.120523
0.120 1.182346
0.130 1.468700
0.140 0.031441
0.150 0.131262
0.160 1.062496
0.170 1.183299
0.180 0.971799
0.190 0.485721
0.200 0.232168
0.210 1.173205
0.220 1.511486
0.230 0.134282
0.240 1.076920
0.250 0.274428
0.260 1.156463
0.270 0.542821
0.280 0.582326
0.290 0.425558
0.300 0.467021
0.310 1.043674
0.320 0.034802
0.330 0.057785
0.340 0.653362
0.350 1.370939
0.360 1.359507
0.370 1.237638
0.380 1.293282
0.390 0.144091
0.400 0.213765
0.410 1.243117
0.420 0.261840
0.430 0.535754
0.440 1.017323
0.450 0.202460
0.460 0.435658
0.470 1.535715
0.480 1.122001
0.490 1.240152
0.500 0.618634
0.510 0.199662
0.520 0.519628
0.530 0.263509
0.540 1.082182
0.550 1.531363
0.560 1.108924
0.570 0.420520
0.580 0.046175
0.590 1.445899
0.600 0.150341
0.610 1.055958
0.620 1.099551
0.630 0.847871
0.640 1.438701
0.650 0.968568
0.660 0.629121
0.670 0.917206
0.680 0.507613
0.690 0.382418
0.700 0.764753
0.710 1.247611
0.720 0.492562
0.730 0.153540
0.740 1.004299
0.750 0.431702
0.760 0.197434
0.770 0.119411
0.780 1.186992
0.790 0.972962
0.800 0.360742
0.810 0.311799
0.820 0.050152
0.830 0.263868
0.840 0.595455
0.850 0.423200
0.860 1.316085
0.870 0.574430
0.880 0.257413
0.890 0.051585
0.900 0.019182
0.910 1.001452
0.920 0.861741
0.930 0.773950
0.940 0.051875
0.950 1.069008
0.960 1.255287
0.970 1.424605
0.980 1.329140
0.990 0.982762
