0.000 5.915099
0.010 9.021999
0.020 6.996282
0.030 7.505973
0.040 6.770128
0.050 2.098425
0.060 4.564717
0.070 6.978561
0.080 3.222969
0.090 8.990152
0.100 2.937313
0.110 6.792678
0.120 7.492509
0.130 9.005573
0.140 5.802936
0.150 7.299477
0.160 9.064315
0.170 5.091930
0.180 7.812131
0.190 3.269862
0.200 3.898003
0.210 7.145117
0.220 8.549397
0.230 7.953632
0.240 0.243082
0.250 8.028383
0.260 9.084349
0.270 1.568461
0.280 9.238842
0.290 5.460847
0.300 0.496301
0.310 6.335228
0.320 5.947560
0.330 5.338808
0.340 9.587742
0.350 0.004930
0.360 8.537900
0.370 4.222998
0.380 3.889428
0.390 6.981457
0.400 2.012192
0.410 5.240655
0.420 4.682940
0.430 9.598713
0.440 4.217535
0.450 1.617745
0.460 5.818895
0.470 0.313985
0.480 5.762170
0.490 5.067476
0.500 2.944752
0.510 8.851614
0.520 7.876626
0.530 1.392975
0.540 3.701417
0.550 1.655832
0.560 8.453289
0.570 3.017385
0.580 4.639670
0.590 6.508481
0.600 5.030918
0.610 9.040454
0.620 4.968002
0.630 0.804524
0.640 2.451260
0.650 3.255947
0.660 4.204363
0.670 8.445533
0.680 4.791394
0.690 6.100939
0.700 7.686902
0.710 4.911157
0.720 4.937735
0.730 2.577992
0.740 8.033199
0.750 7.000793
0.760 1.851337
0.770 8.840763
0.780 2.577717
0.790 5.584466
0.800 3.343912
0.810 6.996422
0.820 1.903944
0.830 7.123578
0.840 4.024106
0.850 2.508297
0.860 7.814408
0.870 2.519928
0.880 6.364685
0.890 2.693970
0.900 5.764494
0.910 5.486320
0.920 5.607839
0.930 0.184903
0.940 3.824566
0.950 3.198859
0.960 7.841959
0.970 5.717064
0.980 7.896772
0.990 3.250184
