0.000 2.536621
0.010 5.416476
0.020 0.333780
0.030 2.688501
0.040 3.416052
0.050 0.518817
0.060 5.010091
0.070 0.218078
0.080 0.104430
0.090 5.245517
0.100 0.332007
0.110 3.489717
0.120 1.270875
0.130 4.200999
0.140 3.328986
0.150 3.235413
0.160 4.704760
0.170 2.060918
0.180 4.216270
0.190 4.685330
0.200 3.831946
0.210 5.424029
0.220 1.335502
0.230 0.135646
0.240 4.777687
0.250 1.102999
0.260 2.621365
0.270 4.328547
0.280 0.589324
0.290 4.290776
0.300 1.429683
0.310 2.112065
0.320 2.986339
0.330 4.338319
0.340 4.642361
0.350 5.548805
0.360 3.338043
0.370 0.213275
0.380 4.243148
0.390 4.215641
0.400 0.773592
0.410 3.841839
0.420 4.010530
0.430 3.431676
0.440 3.285514
0.450 3.846131
0.460 4.566070
0.470 1.784892
0.480 0.941047
0.490 2.905505
0.500 4.824519
0.510 2.181575
0.520 0.549085
0.530 2.547889
0.540 3.565808
0.550 3.125739
0.560 1.929879
0.570 5.362709
0.580 0.591861
0.590 1.841896
0.600 3.467185
0.610 0.252393
0.620 1.552050
0.630 4.632055
0.640 5.490191
0.650 1.319501
0.660 5.445407
0.670 2.114516
0.680 2.466675
0.690 1.419714
0.700 0.262314
0.710 2.927516
0.720 4.127832
0.730 4.155430
0.740 0.205337
0.750 2.478537
0.760 2.966203
0.770 4.511479
0.780 1.877094
0.790 0.366149
0.800 0.115756
0.810 3.054684
0.820 2.688019
0.830 4.781094
0.840 5.345243
0.850 0.153305
0.860 3.747758
0.870 4.905854
0.880 3.922529
0.890 3.190344
0.900 2.436926
0.910 0.739483
0.920 3.869428
0.930 4.327984
0.940 1.032297
0.950 0.333659
0.960 4.760087
0.970 3.462916
0.980 2.774555
0.990 2.247534
