0.000 3.718441
0.010 5.253881
0.020 0.847004
0.030 2.938860
0.040 5.052535
0.050 5.080917
0.060 3.034451
0.070 0.602917
0.080 0.875460
0.090 4.870719
0.100 4.197116
0.110 4.296433
0.120 1.506551
0.130 1.476236
0.140 0.407160
0.150 1.041608
0.160 0.709986
0.170 4.632268
0.180 3.953461
0.190 3.422191
0.200 4.834198
0.210 2.986624
0.220 4.811336
0.230 4.213463
0.240 2.249396
0.250 1.091877
0.260 4.468105
0.270 3.426129
0.280 3.855660
0.290 3.771590
0.300 5.413999
0.310 3.195271
0.320 4.317757
0.330 4.490591
0.340 1.367158
0.350 2.647762
0.360 3.384206
0.370 2.044471
0.380 5.530470
0.390 2.823532
0.400 5.325574
0.410 1.677547
0.420 0.309899
0.430 4.392842
0.440 4.854627
0.450 4.487362
0.460 0.597339
0.470 4.164531
0.480 0.751178
0.490 1.950521
0.500 4.693437
0.510 3.387013
0.520 2.513841
0.530 2.120449
0.540 3.010764
0.550 0.561898
0.560 4.945824
0.570 4.400519
0.580 2.110084
0.590 3.285094
0.600 2.828439
0.610 1.368853
0.620 1.097117
0.630 4.406199
0.640 4.817442
0.650 1.162927
0.660 1.919157
0.670 0.575781
0.680 3.676759
0.690 3.944707
0.700 4.616119
0.710 0.312485
0.720 0.773228
0.730 3.438218
0.740 4.513127
0.750 5.206539
0.760 0.197463
0.770 0.447806
0.780 5.496393
0.790 3.593655
0.800 3.328476
0.810 4.074212
0.820 0.573430
0.830 4.940618
0.840 1.050228
0.850 5.303419
0.860 2.132242
0.870 4.496183
0.880 1.970011
0.890 3.217708
0.900 2.435748
0.910 3.863356
0.920 0.150484
0.930 2.237153
0.940 0.390976
0.950 3.675172
0.960 4.327739
0.970 5.544412
0.980 5.073287
0.990 3.424321
