0.000 4.495333
0.010 1.713836
0.020 3.286833
0.030 0.346755
0.040 0.947655
0.050 1.237527
0.060 2.870384
0.070 4.587717
0.080 2.456770
0.090 2.292425
0.100 1.345280
0.110 1.191756
0.120 2.927530
0.130 0.050327
0.140 4.126473
0.150 1.935783
0.160 1.847945
0.170 3.529810
0.180 3.740946
0.190 4.176465
0.200 1.908303
0.210 4.098799
0.220 0.813432
0.230 2.479704
0.240 3.333987
0.250 0.926684
0.260 1.506690
0.270 3.452245
0.280 3.161391
0.290 3.278761
0.300 1.832232
0.310 2.597464
0.320 2.518984
0.330 2.002845
0.340 1.045835
0.350 2.185111
0.360 0.967716
0.370 4.843158
0.380 2.565659
0.390 1.609810
0.400 3.003840
0.410 1.313860
0.420 1.448201
0.430 1.450502
0.440 4.869101
0.450 0.602031
0.460 4.339340
0.470 2.979914
0.480 3.006594
0.490 0.448008
0.500 1.159945
0.510 2.407484
0.520 1.364773
0.530 0.174952
0.540 3.894728
0.550 2.422455
0.560 0.883056
0.570 0.881350
0.580 2.059855
0.590 0.565869
0.600 1.307886
0.610 4.766753
0.620 1.581019
0.630 4.361869
0.640 2.429219
0.650 4.766008
0.660 3.096485
0.670 2.587952
0.680 4.121860
0.690 1.868248
0.700 4.272620
0.710 0.926262
0.720 0.725813
0.730 0.196676
0.740 0.893129
0.750 1.009247
0.760 0.840135
0.770 3.196311
0.780 2.554232
0.790 1.361188
0.800 2.449539
0.810 4.279146
0.820 0.023503
0.830 2.084929
0.840 2.142018
0.850 0.132989
0.860 2.768387
0.870 1.860734
0.880 1.913633
0.890 4.498451
0.900 1.890094
0.910 1.552008
0.920 3.385545
0.930 0.490843
0.940 4.277371
0.950 1.480360
0.960 2.510028
0.970 2.902586
0.980 4.409709
0.990 3.395941
