0.000 6.487431
0.010 1.532562
0.020 6.532735
0.030 4.730607
0.040 1.871083
0.050 4.760876
0.060 0.382533
0.070 5.617715
0.080 6.633838
0.090 5.354506
0.100 2.883513
0.110 3.997488
0.120 6.065318
0.130 5.148014
0.140 3.111073
0.150 1.167142
0.160 1.201211
0.170 0.621848
0.180 3.774154
0.190 7.547918
0.200 3.093738
0.210 4.091559
0.220 3.906846
0.230 0.467969
0.240 6.767845
0.250 4.930486
0.260 6.274375
0.270 5.506967
0.280 1.058348
0.290 6.274205
0.300 6.672710
0.310 2.733309
0.320 1.625922
0.330 3.947596
0.340 3.521713
0.350 5.149356
0.360 2.872152
0.370 6.839770
0.380 2.819509
0.390 4.077502
0.400 5.477200
0.410 0.839076
0.420 6.692557
0.430 1.671092
0.440 4.526265
0.450 4.262524
0.460 5.484923
0.470 3.364080
0.480 2.223640
0.490 4.527300
0.500 2.689397
0.510 4.099370
0.520 7.429915
0.530 1.511054
0.540 4.954034
0.550 6.995694
0.560 4.527329
0.570 5.717219
0.580 3.616944
0.590 4.773886
0.600 5.238496
0.610 0.785543
0.620 0.919987
0.630 5.604997
0.640 1.485770
0.650 2.371691
0.660 4.040958
0.670 0.376736
0.680 7.291050
0.690 4.197762
0.700 2.573520
0.710 6.667258
0.720 6.531481
0.730 3.535279
0.740 6.051097
0.750 4.083631
0.760 3.732955
0.770 1.403538
0.780 3.599040
0.790 7.388959
0.800 3.878492
0.810 1.720132
0.820 7.693748
0.830 4.418575
0.840 4.604882
0.850 1.204643
0.860 0.471345
0.870 3.348205
0.880 4.358552
0.890 1.658231
0.900 3.889438
0.910 1.697537
0.920 7.664845
0.930 2.786246
0.940 2.006920
0.950 4.996319
0.960 3.741861
0.970 5.748949
0.980 2.416038
0.990 6.238176
