0.000 4.538164
0.010 2.281994
0.020 2.677834
0.030 2.100219
0.040 1.526704
0.050 3.191684
0.060 3.309489
0.070 5.966845
0.080 0.063043
0.090 5.527966
0.100 2.231600
0.110 5.289951
0.120 3.349846
0.130 2.866794
0.140 5.865294
0.150 0.429725
0.160 3.588431
0.170 3.372482
0.180 2.809491
0.190 0.306922
0.200 0.158312
0.210 4.601141
0.220 5.504553
0.230 1.130429
0.240 0.899738
0.250 5.038581
0.260 0.051276
0.270 0.117434
0.280 2.662056
0.290 5.442574
0.300 6.112691
0.310 0.352577
0.320 3.544738
0.330 3.477405
0.340 0.022390
0.350 4.672070
0.360 2.451815
0.370 1.297535
0.380 0.290335
0.390 0.427174
0.400 5.251075
0.410 4.267736
0.420 0.127951
0.430 1.384004
0.440 1.714940
0.450 0.967860
0.460 1.432188
0.470 1.568909
0.480 1.228841
0.490 4.519762
0.500 5.182560
0.510 1.616071
0.520 3.166794
0.530 2.205091
0.540 4.194419
0.550 3.832566
0.560 3.209407
0.570 4.379027
0.580 5.990228
0.590 2.464565
0.600 6.105013
0.610 5.179012
0.620 5.261580
0.630 5.657366
0.640 5.339702
0.650 5.183073
0.660 3.867305
0.670 3.032972
0.680 4.657174
0.690 1.210109
0.700 0.066155
0.710 4.711224
0.720 0.110941
0.730 3.483884
0.740 3.060129
0.750 5.410190
0.760 1.197402
0.770 5.707779
0.780 4.032468
0.790 5.265272
0.800 0.923363
0.810 0.629320
0.820 1.392068
0.830 3.257093
0.840 4.718768
0.850 0.951773
0.860 2.250087
0.870 6.015614
0.880 0.889267
0.890 4.847948
0.900 0.439773
0.910 2.589578
0.920 2.114981
0.930 0.861926
0.940 6.064407
0.950 2.222196
0.960 3.049590
0.970 0.854609
0.980 6.147308
0.990 5.871367
