0.000 0.304081
0.010 1.049331
0.020 1.204990
0.030 0.444512
0.040 0.032661
0.050 0.256362
0.060 0.079251
0.070 0.272524
0.080 0.921599
0.090 0.365434
0.100 1.272700
0.110 0.582206
0.120 1.246985
0.130 0.064987
0.140 1.337871
0.150 0.795575
0.160 1.282316
0.170 0.055497
0.180 0.672392
0.190 0.886878
0.200 0.124328
0.210 0.297180
0.220 1.198667
0.230 0.173771
0.240 0.946106
0.250 1.158776
0.260 0.210178
0.270 0.289389
0.280 0.142098
0.290 0.982476
0.300 0.003826
0.310 0.394499
0.320 0.867403
0.330 0.412077
0.340 0.709910
0.350 0.912048
0.360 0.777420
0.370 1.162791
0.380 0.682283
0.390 1.134792
0.400 0.406353
0.410 0.723166
0.420 1.108175
0.430 0.388089
0.440 0.815310
0.450 0.726951
0.460 0.765359
0.470 1.215137
0.480 0.235838
0.490 0.865347
0.500 0.184935
0.510 1.093431
0.520 0.554196
0.530 1.145087
0.540 0.002017
0.550 0.676156
0.560 0.465781
0.570 1.120117
0.580 1.085308
0.590 0.065616
0.600 0.791890
0.610 0.144968
0.620 1.044529
0.630 0.581322
0.640 0.118938
0.650 0.412904
0.660 0.460531
0.670 0.867990
0.680 0.249078
0.690 0.394793
0.700 0.572839
0.710 0.167636
0.720 1.322609
0.730 1.292936
0.740 1.103438
0.750 0.913457
0.760 0.526468
0.770 0.032550
0.780 0.447110
0.790 0.309628
0.800 0.721777
0.810 1.217692
0.820 0.807777
0.830 0.915629
0.840 0.975690
0.850 0.652774
0.860 0.304286
0.870 0.122817
0.880 0.408656
0.890 0.214321
0.900 0.288105
0.910 0.004487
0.920 0.658646
0.930 1.034284
0.940 1.103058
0.950 0.856048
0.960 1.007743
0.970 0.594775
0.980 0.086426
0.990 0.166909
