0.000 1.981292
0.010 0.464311
0.020 2.801288
0.030 1.991798
0.040 0.314881
0.050 0.664366
0.060 0.634097
0.070 0.123778
0.080 0.236110
0.090 1.094448
0.100 0.561127
0.110 1.543149
0.120 1.359280
0.130 1.325195
0.140 0.804785
0.150 0.234264
0.160 1.563598
0.170 0.812882
0.180 1.504605
0.190 1.785590
0.200 0.450761
0.210 0.298331
0.220 1.820922
0.230 1.390871
0.240 1.351246
0.250 2.124595
0.260 1.466656
0.270 1.559426
0.280 2.243282
0.290 2.756902
0.300 1.805092
0.310 2.362417
0.320 2.636886
0.330 2.669250
0.340 0.323631
0.350 0.781434
0.360 2.216932
0.370 0.898248
0.380 1.926149
0.390 0.976977
0.400 1.128360
0.410 2.821824
0.420 2.553617
0.430 2.649099
0.440 0.388640
0.450 0.585328
0.460 2.450244
0.470 2.065440
0.480 2.394603
0.490 1.306817
0.500 0.726786
0.510 1.241040
0.520 2.090307
0.530 2.617921
0.540 2.648596
0.550 0.781817
0.560 1.235368
0.570 2.669899
0.580 2.462292
0.590 1.080095
0.600 0.795903
0.610 2.645365
0.620 0.308000
0.630 0.326878
0.640 2.017268
0.650 1.122764
0.660 0.314551
0.670 2.727025
0.680 2.815547
0.690 0.725839
0.700 2.399107
0.710 0.861434
0.720 1.159141
0.730 2.565377
0.740 1.577140
0.750 2.793684
0.760 1.519918
0.770 2.530455
0.780 0.438735
0.790 1.071723
0.800 1.106222
0.810 2.767969
0.820 0.511245
0.830 2.670044
0.840 2.819410
0.850 0.968123
0.860 1.826928
0.870 2.066670
0.880 1.668613
0.890 2.501013
0.900 0.379123
0.910 2.209895
0.920 0.981672
0.930 2.649735
0.940 1.953098
0.950 1.099982
0.960 1.309816
0.970 2.636261
0.980 1.874307
0.990 1.468411
