0.000 2.002685
0.010 1.739179
0.020 2.768135
0.030 4.951332
0.040 3.564621
0.050 3.470343
0.060 3.062613
0.070 1.135563
0.080 2.422765
0.090 4.499077
0.100 1.652202
0.110 0.291323
0.120 2.940748
0.130 0.343218
0.140 4.501662
0.150 2.858292
0.160 5.408962
0.170 2.550677
0.180 0.117129
0.190 0.004706
0.200 3.211272
0.210 3.794118
0.220 2.541374
0.230 5.209481
0.240 2.969419
0.250 4.858683
0.260 4.946882
0.270 4.959396
0.280 0.209266
0.290 0.021974
0.300 0.392520
0.310 5.531692
0.320 4.631982
0.330 2.988177
0.340 1.007652
0.350 0.968204
0.360 2.600188
0.370 2.083383
0.380 3.205332
0.390 1.618349
0.400 2.221122
0.410 4.423063
0.420 0.323947
0.430 0.370790
0.440 2.690227
0.450 4.396443
0.460 4.434505
0.470 4.819231
0.480 2.199093
0.490 0.549090
0.500 5.475521
0.510 0.176450
0.520 0.586722
0.530 0.371449
0.540 1.914289
0.550 0.326663
0.560 0.783040
0.570 5.427286
0.580 2.064707
0.590 4.646602
0.600 3.280930
0.610 1.241295
0.620 2.603600
0.630 4.759560
0.640 4.833830
0.650 4.903079
0.660 3.493025
0.670 4.185548
0.680 1.482078
0.690 1.659786
0.700 1.090757
0.710 1.848210
0.720 0.190135
0.730 1.732042
0.740 0.200445
0.750 0.348881
0.760 3.407053
0.770 4.895509
0.780 1.231896
0.790 4.643263
0.800 4.352077
0.810 0.681796
0.820 1.695067
0.830 2.533421
0.840 3.442453
0.850 0.755912
0.860 3.430821
0.870 1.845960
0.880 5.093060
0.890 3.986063
0.900 0.493581
0.910 3.145391
0.920 4.755176
0.930 0.993224
0.940 1.099160
0.950 1.287851
0.960 4.334664
0.970 5.071541
0.980 3.165109
0.990 2.873606
