0.000 0.348259
0.010 0.038494
0.020 0.328525
0.030 0.020585
0.040 0.089021
0.050 0.148366
0.060 0.545139
0.070 0.549610
0.080 0.030427
0.090 0.564163
0.100 0.584636
0.110 0.197454
0.120 0.632990
0.130 0.550413
0.140 0.081783
0.150 0.156004
0.160 0.034741
0.170 0.611022
0.180 0.457057
0.190 0.331301
0.200 0.495242
0.210 0.238832
0.220 0.546993
0.230 0.041067
0.240 0.653025
0.250 0.322033
0.260 0.565693
0.270 0.070147
0.280 0.239387
0.290 0.246317
0.300 0.058715
0.310 0.288458
0.320 0.671529
0.330 0.316524
0.340 0.203947
0.350 0.254447
0.360 0.416645
0.370 0.115818
0.380 0.356016
0.390 0.743878
0.400 0.050956
0.410 0.061133
0.420 0.486025
0.430 0.477523
0.440 0.279828
0.450 0.127250
0.460 0.460523
0.470 0.155478
0.480 0.470688
0.490 0.625576
0.500 0.607946
0.510 0.290396
0.520 0.002777
0.530 0.049865
0.540 0.730782
0.550 0.287293
0.560 0.024947
0.570 0.237838
0.580 0.169493
0.590 0.502834
0.600 0.678151
0.610 0.717898
0.620 0.637361
0.630 0.391591
0.640 0.317109
0.650 0.362047
0.660 0.627198
0.670 0.072862
0.680 0.556935
0.690 0.080911
0.700 0.403305
0.710 0.722485
0.720 0.608899
0.730 0.149354
0.740 0.650722
0.750 0.185610
0.760 0.050679
0.770 0.369746
0.780 0.320677
0.790 0.182049
0.800 0.298699
0.810 0.684282
0.820 0.385955
0.830 0.355198
0.840 0.330209
0.850 0.462710
0.860 0.716941
0.870 0.211529
0.880 0.013988
0.890 0.225914
0.900 0.058919
0.910 0.026125
0.920 0.318387
0.930 0.604344
0.940 0.695929
0.950 0.304237
0.960 0.718332
0.970 0.110050
0.980 0.248380
0.990 0.004830
