0.000 0.101853
0.010 6.500145
0.020 4.166998
0.030 0.117952
0.040 6.553449
0.050 5.404882
0.060 1.068609
0.070 6.567657
0.080 6.188960
0.090 0.919545
0.100 2.981024
0.110 2.059950
0.120 5.721845
0.130 6.221133
0.140 5.145824
0.150 2.359672
0.160 3.147542
0.170 6.534588
0.180 4.802900
0.190 2.386619
0.200 1.530626
0.210 2.424423
0.220 5.958630
0.230 5.243869
0.240 4.610763
0.250 0.062027
0.260 4.025892
0.270 3.928172
0.280 2.653310
0.290 0.791641
0.300 4.529109
0.310 1.807000
0.320 2.418274
0.330 1.808530
0.340 2.501521
0.350 2.424568
0.360 5.736078
0.370 0.323545
0.380 3.778173
0.390 1.395505
0.400 2.071668
0.410 1.438049
0.420 6.341370
0.430 5.609791
0.440 1.135338
0.450 4.833404
0.460 5.512951
0.470 4.649368
0.480 5.598837
0.490 2.292568
0.500 3.454112
0.510 5.637199
0.520 2.561156
0.530 0.889183
0.540 5.826294
0.550 1.433732
0.560 5.806648
0.570 6.125705
0.580 3.469014
0.590 6.425872
0.600 5.666257
0.610 3.024122
0.620 6.415684
0.630 5.081518
0.640 2.548160
0.650 1.305986
0.660 2.332100
0.670 4.592171
0.680 1.047969
0.690 4.642019
0.700 5.868072
0.710 3.144586
0.720 0.810578
0.730 4.925103
0.740 4.669804
0.750 2.785665
0.760 5.500209
0.770 2.894761
0.780 6.374714
0.790 3.576202
0.800 4.165201
0.810 1.600843
0.820 3.215106
0.830 4.601716
0.840 2.485202
0.850 6.428072
0.860 6.322013
0.870 5.582447
0.880 6.640928
0.890 0.516189
0.900 4.359541
0.910 5.781422
0.920 6.491897
0.930 5.162456
0.940 2.381643
0.950 6.614384
0.960 0.311394
0.970 0.581934
0.980 0.105455
0.990 0.786987
