0.000 2.141728
0.010 1.500918
0.020 1.260123
0.030 -3.157523
0.040 -0.861213
0.050 2.070061
0.060 0.201427
0.070 -1.449995
0.080 0.856151
0.090 -0.719579
0.100 -0.587894
0.110 3.016700
0.120 -2.205759
0.130 2.981916
0.140 2.224614
0.150 -0.974121
0.160 0.062194
0.170 -0.821903
0.180 -1.231887
0.190 2.328712
0.200 1.154482
0.210 -0.109245
0.220 -0.689841
0.230 0.419929
0.240 2.469639
0.250 1.352758
0.260 1.293753
0.270 0.047737
0.280 1.099088
0.290 -2.692434
0.300 -0.293606
0.310 -3.512864
0.320 -3.080653
0.330 -0.688056
0.340 0.496422
0.350 0.872499
0.360 -0.290397
0.370 -2.990096
0.380 0.233325
0.390 1.100274
0.400 1.254703
0.410 2.734336
0.420 1.378332
0.430 -0.441878
0.440 0.450316
0.450 -1.543237
0.460 1.344381
0.470 1.222601
0.480 1.604322
0.490 2.568917
0.500 1.307745
0.510 -0.043738
0.520 1.017237
0.530 0.330317
0.540 1.708611
0.550 -1.187696
0.560 1.287800
0.570 0.357857
0.580 2.236492
0.590 2.637282
0.600 2.131005
0.610 -0.757625
0.620 0.979869
0.630 0.579970
0.640 -0.179898
0.650 0.619932
0.660 -1.250242
0.670 -1.190677
0.680 2.005178
0.690 0.107098
0.700 1.314165
0.710 -0.264604
0.720 -1.920549
0.730 -1.698804
0.740 1.942605
0.750 -0.959148
0.760 1.814520
0.770 -0.909412
0.780 2.539745
0.790 -2.054963
0.800 -0.988090
0.810 1.106138
0.820 -1.680756
0.830 -0.308063
0.840 -0.133356
0.850 -1.743046
0.860 -0.052769
0.870 -0.736602
0.880 -3.109784
0.890 -1.594790
0.900 0.623516
0.910 2.430105
0.920 1.172278
0.930 1.159179
0.940 -0.403749
0.950 0.112656
0.960 1.233039
0.970 0.755178
0.980 1.229917
0.990 -1.204405
