0.000 1.102342
0.010 -1.806472
0.020 1.942415
0.030 -0.572319
0.040 -0.995261
0.050 -0.483276
0.060 0.460692
0.070 2.168683
0.080 -0.276132
0.090 -1.684412
0.100 0.457464
0.110 2.554365
0.120 2.852375
0.130 -0.382016
0.140 0.315139
0.150 0.000331
0.160 -0.105622
0.170 0.116694
0.180 -1.161435
0.190 1.898257
0.200 0.850853
0.210 0.063111
0.220 1.732640
0.230 0.503084
0.240 0.027857
0.250 -0.885533
0.260 -2.125208
0.270 -2.355569
0.280 1.732549
0.290 -2.442238
0.300 -0.299136
0.310 -1.608363
0.320 -0.058105
0.330 0.728921
0.340 -0.298969
0.350 -0.348620
0.360 -0.663471
0.370 -2.323263
0.380 2.652196
0.390 -0.217154
0.400 0.969506
0.410 1.218546
0.420 -3.339055
0.430 -0.638088
0.440 2.181743
0.450 -0.987282
0.460 -1.114461
0.470 -2.349083
0.480 1.420832
0.490 2.064469
0.500 -1.959347
0.510 5.147106
0.520 0.842393
0.530 2.907499
0.540 -0.576528
0.550 0.234167
0.560 2.028616
0.570 2.602562
0.580 -1.192304
0.590 0.564883
0.600 4.239179
0.610 0.448382
0.620 -1.000191
0.630 0.033193
0.640 2.877327
0.650 -1.037941
0.660 1.832219
0.670 -0.803194
0.680 -1.634408
0.690 -1.880652
0.700 -1.542417
0.710 -0.398467
0.720 0.307979
0.730 -1.596635
0.740 -1.080202
0.750 3.222955
0.760 2.256999
0.770 1.232632
0.780 1.733991
0.790 -0.863321
0.800 0.551313
0.810 4.141805
0.820 0.891406
0.830 1.571634
0.840 2.451015
0.850 3.245535
0.860 -1.274150
0.870 0.367720
0.880 -1.434445
0.890 0.419381
0.900 -0.901411
0.910 3.543465
0.920 -4.319525
0.930 1.338970
0.940 0.531332
0.950 0.562495
0.960 -0.310563
0.970 -0.494848
0.980 1.044846
0.990 1.537836
