0.000 3.755545
0.010 3.293790
0.020 4.529510
0.030 3.686583
0.040 1.695256
0.050 4.443619
0.060 4.340528
0.070 3.126136
0.080 3.893009
0.090 3.707927
0.100 1.357842
0.110 4.547001
0.120 0.274924
0.130 1.306413
0.140 2.634237
0.150 4.987749
0.160 3.004073
0.170 1.555412
0.180 3.251157
0.190 4.562344
0.200 2.772380
0.210 3.324186
0.220 5.080930
0.230 4.253866
0.240 1.216765
0.250 0.015838
0.260 2.718695
0.270 3.993606
0.280 4.675147
0.290 1.750199
0.300 2.469794
0.310 0.192254
0.320 5.057170
0.330 0.950753
0.340 4.832451
0.350 3.625370
0.360 3.549409
0.370 4.335906
0.380 2.127758
0.390 4.694236
0.400 3.670820
0.410 3.280385
0.420 0.453740
0.430 3.400671
0.440 0.893510
0.450 4.527589
0.460 3.255224
0.470 0.539669
0.480 3.199062
0.490 2.750726
0.500 1.511394
0.510 3.202953
0.520 4.909024
0.530 2.437313
0.540 2.132715
0.550 3.666114
0.560 2.168807
0.570 4.529604
0.580 2.938871
0.590 0.932037
0.600 4.581985
0.610 2.533577
0.620 1.115290
0.630 1.312354
0.640 4.245748
0.650 2.354733
0.660 2.364368
0.670 0.544219
0.680 0.829176
0.690 5.008308
0.700 2.327286
0.710 0.307928
0.720 0.695005
0.730 4.020067
0.740 4.066041
0.750 2.751147
0.760 0.861925
0.770 1.496039
0.780 5.082750
0.790 4.085802
0.800 2.568238
0.810 0.725229
0.820 4.761460
0.830 2.183801
0.840 0.407916
0.850 3.399239
0.860 3.912728
0.870 0.246089
0.880 1.967544
0.890 4.725920
0.900 3.596354
0.910 0.548706
0.920 0.141959
0.930 3.162986
0.940 1.157765
0.950 5.115721
0.960 3.072839
0.970 0.044646
0.980 2.431628
0.990 1.429223
