0.000 3.555202
0.010 1.641570
0.020 0.524675
0.030 1.476667
0.040 0.581065
0.050 1.595718
0.060 4.962765
0.070 1.330920
0.080 4.388790
0.090 5.549430
0.100 3.840418
0.110 4.491932
0.120 0.451373
0.130 3.263238
0.140 1.650323
0.150 5.560102
0.160 2.311395
0.170 4.051000
0.180 0.414300
0.190 2.917752
0.200 3.445061
0.210 3.466763
0.220 2.352140
0.230 2.585983
0.240 1.359275
0.250 0.977138
0.260 2.797750
0.270 3.847252
0.280 3.223949
0.290 2.342206
0.300 4.873288
0.310 2.217019
0.320 5.882841
0.330 4.995865
0.340 5.796606
0.350 1.596034
0.360 1.604283
0.370 4.226698
0.380 5.023852
0.390 0.790647
0.400 4.770846
0.410 0.761844
0.420 3.887955
0.430 4.741348
0.440 3.700434
0.450 4.580486
0.460 3.944989
0.470 3.060482
0.480 3.754011
0.490 2.457834
0.500 5.444997
0.510 1.368224
0.520 0.405649
0.530 5.177405
0.540 4.228256
0.550 2.721968
0.560 5.340982
0.570 1.251646
0.580 1.143929
0.590 5.236686
0.600 3.559456
0.610 5.787254
0.620 1.599165
0.630 5.963492
0.640 4.218830
0.650 4.632208
0.660 2.378016
0.670 5.901315
0.680 2.488302
0.690 2.789232
0.700 0.833362
0.710 1.411781
0.720 2.098160
0.730 1.196669
0.740 4.586551
0.750 4.095666
0.760 2.311928
0.770 5.403847
0.780 5.437898
0.790 4.540900
0.800 4.057533
0.810 1.016055
0.820 4.363904
0.830 4.040239
0.840 2.249413
0.850 2.936946
0.860 2.267623
0.870 3.836031
0.880 4.898336
0.890 0.912136
0.900 3.499231
0.910 1.132190
0.920 3.486582
0.930 0.381570
0.940 1.810233
0.950 0.386631
0.960 4.213125
0.970 3.659002
0.980 4.850676
0.990 0.856863
