0.000 0.058724
0.010 1.874165
0.020 4.542360
0.030 4.293773
0.040 0.523051
0.050 1.125795
0.060 4.740354
0.070 5.227649
0.080 1.307519
0.090 0.068643
0.100 4.806551
0.110 2.444269
0.120 0.031400
0.130 4.978623
0.140 5.320033
0.150 4.894591
0.160 1.486743
0.170 3.526091
0.180 4.240927
0.190 1.899576
0.200 2.070939
0.210 5.701717
0.220 2.131625
0.230 0.334197
0.240 4.598004
0.250 4.135212
0.260 3.856676
0.270 3.488159
0.280 1.467846
0.290 3.601931
0.300 4.957365
0.310 3.896238
0.320 4.882139
0.330 4.529291
0.340 3.484505
0.350 1.586130
0.360 5.751867
0.370 5.710940
0.380 1.475897
0.390 5.543757
0.400 0.363704
0.410 0.671580
0.420 5.528516
0.430 4.019758
0.440 1.968277
0.450 0.935470
0.460 4.496141
0.470 0.288858
0.480 3.922854
0.490 3.536768
0.500 5.777735
0.510 4.153630
0.520 3.441076
0.530 5.454372
0.540 3.515082
0.550 1.546163
0.560 1.001628
0.570 0.056365
0.580 2.001718
0.590 5.323269
0.600 2.944616
0.610 3.056321
0.620 1.120764
0.630 3.479502
0.640 5.430255
0.650 0.818519
0.660 3.325242
0.670 3.194927
0.680 5.563963
0.690 5.168098
0.700 0.641780
0.710 1.101456
0.720 2.342338
0.730 4.412088
0.740 5.799223
0.750 0.220477
0.760 0.230672
0.770 0.239610
0.780 5.445061
0.790 0.381629
0.800 0.523297
0.810 4.316355
0.820 2.616133
0.830 2.313569
0.840 2.419982
0.850 5.773178
0.860 3.332561
0.870 0.394138
0.880 1.610757
0.890 5.478311
0.900 2.134887
0.910 4.761830
0.920 3.387455
0.930 4.679775
0.940 1.281804
0.950 2.912402
0.960 1.843317
0.970 1.648356
0.980 0.282924
0.990 0.684509
