0.000 2.717188
0.010 2.915767
0.020 4.797600
0.030 5.487884
0.040 0.954015
0.050 2.368119
0.060 4.340828
0.070 1.019121
0.080 3.927915
0.090 4.695609
0.100 6.147048
0.110 0.746032
0.120 5.975270
0.130 0.064422
0.140 5.145077
0.150 0.600714
0.160 0.865786
0.170 5.465930
0.180 4.182275
0.190 5.286234
0.200 3.039350
0.210 1.082121
0.220 3.456676
0.230 1.808707
0.240 1.469407
0.250 0.376096
0.260 5.337435
0.270 3.319137
0.280 0.746812
0.290 4.881195
0.300 4.087921
0.310 2.350619
0.320 1.831961
0.330 1.394316
0.340 3.191145
0.350 5.302079
0.360 6.394034
0.370 1.078635
0.380 0.386849
0.390 1.607211
0.400 1.382866
0.410 5.296721
0.420 2.923824
0.430 0.990982
0.440 0.618685
0.450 1.777240
0.460 1.495592
0.470 0.866514
0.480 4.948322
0.490 2.497027
0.500 1.917720
0.510 4.743937
0.520 3.289048
0.530 4.114471
0.540 2.452273
0.550 0.240314
0.560 6.334239
0.570 3.339059
0.580 0.171514
0.590 2.618304
0.600 5.136655
0.610 3.057230
0.620 1.948709
0.630 5.898705
0.640 5.467927
0.650 4.176137
0.660 2.098867
0.670 4.715783
0.680 1.287540
0.690 2.104488
0.700 5.859277
0.710 4.665133
0.720 6.143846
0.730 5.682016
0.740 5.909057
0.750 3.142843
0.760 1.720221
0.770 5.222644
0.780 1.561987
0.790 0.834855
0.800 4.999941
0.810 5.269048
0.820 5.255432
0.830 3.110289
0.840 6.303487
0.850 4.156515
0.860 3.229941
0.870 5.060570
0.880 1.548147
0.890 3.556950
0.900 0.191821
0.910 4.053712
0.920 0.287368
0.930 2.929119
0.940 6.388326
0.950 0.571852
0.960 4.996902
0.970 2.685232
0.980 2.807933
0.990 3.063598
