0.000 0.510786
0.010 0.888275
0.020 1.000147
0.030 -0.334376
0.040 2.042418
0.050 1.065827
0.060 -0.746597
0.070 1.782032
0.080 0.307441
0.090 1.607798
0.100 -1.112138
0.110 1.134443
0.120 0.492379
0.130 -0.082917
0.140 0.836570
0.150 0.801168
0.160 -0.145875
0.170 1.521904
0.180 -1.423087
0.190 -3.059788
0.200 1.173471
0.210 1.079622
0.220 1.648743
0.230 -2.544109
0.240 0.053152
0.250 1.612691
0.260 1.093746
0.270 -1.167681
0.280 1.029791
0.290 -1.232131
0.300 1.875232
0.310 1.869107
0.320 1.140727
0.330 0.816601
0.340 2.443507
0.350 1.731540
0.360 1.345632
0.370 -3.021302
0.380 4.527526
0.390 -1.704660
0.400 -2.628359
0.410 2.223519
0.420 3.133917
0.430 0.401646
0.440 -0.175056
0.450 -0.766797
0.460 0.817134
0.470 -1.634640
0.480 -0.783864
0.490 -2.706105
0.500 -1.752424
0.510 0.757711
0.520 2.692176
0.530 -0.976455
0.540 0.725887
0.550 2.619940
0.560 2.134301
0.570 1.304023
0.580 -0.835431
0.590 1.525304
0.600 0.905321
0.610 0.061012
0.620 -0.181189
0.630 0.890759
0.640 1.221860
0.650 -0.679930
0.660 0.251711
0.670 0.153667
0.680 1.162171
0.690 -0.192308
0.700 -1.323636
0.710 0.526636
0.720 -1.907006
0.730 -1.042168
0.740 -0.773479
0.750 -0.296306
0.760 1.425458
0.770 0.632681
0.780 0.783275
0.790 -2.042638
0.800 -1.362921
0.810 2.623353
0.820 3.585790
0.830 2.401980
0.840 -0.434771
0.850 0.367877
0.860 3.426701
0.870 -0.420585
0.880 -1.035292
0.890 0.778028
0.900 0.313338
0.910 -1.628744
0.920 0.419813
0.930 0.124519
0.940 -0.611807
0.950 -1.122099
0.960 1.950259
0.970 3.064665
0.980 -0.401153
0.990 0.247509
