0.000 2.305334
0.010 3.092290
0.020 3.530804
0.030 2.242471
0.040 0.489433
0.050 2.503244
0.060 2.152492
0.070 1.176816
0.080 3.882883
0.090 3.739791
0.100 0.607026
0.110 3.703974
0.120 1.585444
0.130 2.152864
0.140 3.241793
0.150 2.250902
0.160 0.115493
0.170 2.970577
0.180 1.024941
0.190 3.774939
0.200 1.447467
0.210 0.231524
0.220 4.853636
0.230 3.994871
0.240 4.529813
0.250 4.100176
0.260 1.451390
0.270 2.346305
0.280 3.720152
0.290 1.537918
0.300 0.133705
0.310 3.715810
0.320 1.018580
0.330 3.516685
0.340 0.966182
0.350 2.979720
0.360 4.812116
0.370 3.314426
0.380 3.274763
0.390 3.438140
0.400 1.576531
0.410 4.438195
0.420 4.364147
0.430 3.276058
0.440 2.843314
0.450 2.975219
0.460 1.400460
0.470 3.437422
0.480 0.129172
0.490 2.289270
0.500 1.330301
0.510 3.441740
0.520 4.505274
0.530 2.082161
0.540 2.884307
0.550 4.553336
0.560 3.355024
0.570 3.243912
0.580 2.959465
0.590 3.887322
0.600 0.348807
0.610 3.160532
0.620 2.627050
0.630 0.965500
0.640 2.036227
0.650 2.854536
0.660 1.759025
0.670 4.043154
0.680 1.341240
0.690 1.175083
0.700 2.726913
0.710 0.527799
0.720 4.434280
0.730 1.218520
0.740 2.620900
0.750 1.918365
0.760 3.212275
0.770 1.876569
0.780 4.263238
0.790 0.706327
0.800 4.538031
0.810 2.458016
0.820 2.299161
0.830 0.582107
0.840 2.840458
0.850 0.188974
0.860 0.254183
0.870 3.228514
0.880 1.293296
0.890 2.079308
0.900 3.527224
0.910 1.766727
0.920 0.228042
0.930 2.495531
0.940 0.767438
0.950 3.897327
0.960 1.694462
0.970 2.419243
0.980 0.882042
0.990 0.453395
