0.000 1.268354
0.010 2.568590
0.020 0.392518
0.030 1.229287
0.040 2.565496
0.050 2.543032
0.060 1.690129
0.070 0.133420
0.080 1.765222
0.090 0.106071
0.100 2.518830
0.110 2.566904
0.120 1.913230
0.130 1.677626
0.140 0.527740
0.150 2.134622
0.160 0.734299
0.170 0.718421
0.180 0.991735
0.190 1.335534
0.200 2.254863
0.210 0.633606
0.220 0.467263
0.230 1.017103
0.240 1.383498
0.250 0.437519
0.260 2.402181
0.270 0.802279
0.280 2.428851
0.290 1.340922
0.300 2.144251
0.310 1.752395
0.320 0.100571
0.330 1.388785
0.340 0.763473
0.350 2.330647
0.360 1.169695
0.370 0.787028
0.380 1.908410
0.390 1.937477
0.400 0.915850
0.410 0.287584
0.420 1.066929
0.430 1.642037
0.440 0.850817
0.450 2.258599
0.460 1.907360
0.470 2.551704
0.480 1.914558
0.490 0.631769
0.500 1.053476
0.510 0.800514
0.520 0.380324
0.530 1.529153
0.540 2.370123
0.550 0.746383
0.560 1.844422
0.570 2.486118
0.580 1.664974
0.590 1.330056
0.600 0.629840
0.610 2.335186
0.620 1.917458
0.630 1.082682
0.640 2.238992
0.650 1.958234
0.660 2.298988
0.670 1.029894
0.680 2.170590
0.690 1.710445
0.700 1.346631
0.710 2.192238
0.720 2.571515
0.730 2.568357
0.740 0.131530
0.750 1.886477
0.760 2.323207
0.770 0.295412
0.780 1.555726
0.790 2.149800
0.800 1.962017
0.810 2.011515
0.820 0.035836
0.830 2.032743
0.840 1.926202
0.850 0.696801
0.860 1.081455
0.870 0.590218
0.880 0.301870
0.890 2.199149
0.900 1.772243
0.910 0.443812
0.920 2.179166
0.930 0.545968
0.940 1.459077
0.950 1.358727
0.960 1.274696
0.970 2.017055
0.980 0.808187
0.990 0.790536
