0.000 0.580660
0.010 0.467194
0.020 0.114309
0.030 0.020068
0.040 0.425366
0.050 0.186295
0.060 0.181263
0.070 0.534502
0.080 0.582253
0.090 0.414021
0.100 0.107281
0.110 0.077030
0.120 0.008750
0.130 0.250910
0.140 0.280630
0.150 0.348174
0.160 0.004330
0.170 0.269273
0.180 0.328104
0.190 0.164606
0.200 0.093913
0.210 0.129231
0.220 0.540291
0.230 0.315082
0.240 0.194109
0.250 0.075851
0.260 0.555800
0.270 0.326960
0.280 0.367003
0.290 0.572917
0.300 0.179292
0.310 0.380403
0.320 0.339306
0.330 0.608998
0.340 0.383559
0.350 0.489623
0.360 0.572088
0.370 0.133650
0.380 0.035284
0.390 0.008576
0.400 0.076913
0.410 0.084615
0.420 0.222910
0.430 0.483552
0.440 0.329081
0.450 0.265549
0.460 0.357640
0.470 0.448568
0.480 0.256132
0.490 0.557383
0.500 0.473964
0.510 0.003345
0.520 0.127460
0.530 0.585592
0.540 0.117279
0.550 0.454351
0.560 0.071681
0.570 0.357463
0.580 0.143948
0.590 0.526501
0.600 0.430556
0.610 0.259536
0.620 0.325397
0.630 0.219991
0.640 0.013234
0.650 0.029408
0.660 0.291361
0.670 0.070906
0.680 0.288884
0.690 0.464950
0.700 0.245972
0.710 0.171153
0.720 0.312532
0.730 0.610256
0.740 0.505510
0.750 0.214326
0.760 0.100940
0.770 0.143828
0.780 0.287793
0.790 0.425975
0.800 0.073476
0.810 0.443994
0.820 0.495980
0.830 0.319112
0.840 0.140765
0.850 0.584104
0.860 0.468857
0.870 0.411854
0.880 0.374029
0.890 0.188129
0.900 0.077946
0.910 0.053173
0.920 0.407235
0.930 0.480712
0.940 0.228208
0.950 0.117809
0.960 0.357237
0.970 0.117130
0.980 0.072166
0.990 0.168579
