0.000 2.772182
0.010 0.208861
0.020 1.045408
0.030 0.397303
0.040 2.174736
0.050 0.805648
0.060 0.356825
0.070 1.898621
0.080 1.034714
0.090 0.438006
0.100 1.806720
0.110 2.521827
0.120 1.703681
0.130 2.697293
0.140 2.859320
0.150 1.604522
0.160 0.143306
0.170 2.933776
0.180 2.053713
0.190 0.678424
0.200 1.815365
0.210 1.593994
0.220 2.444094
0.230 1.146429
0.240 1.359787
0.250 0.666756
0.260 1.349772
0.270 0.459302
0.280 1.134343
0.290 0.620209
0.300 2.958398
0.310 2.270991
0.320 0.045689
0.330 1.583832
0.340 2.029212
0.350 2.227165
0.360 0.976904
0.370 0.829671
0.380 2.467577
0.390 0.266866
0.400 1.744165
0.410 1.966539
0.420 2.652809
0.430 2.060009
0.440 1.676216
0.450 1.297336
0.460 0.185742
0.470 0.457850
0.480 0.225797
0.490 1.225802
0.500 0.665720
0.510 0.129678
0.520 0.255990
0.530 1.057945
0.540 0.801771
0.550 1.181487
0.560 0.901081
0.570 0.875533
0.580 0.760331
0.590 1.896039
0.600 0.183710
0.610 2.923151
0.620 1.434652
0.630 2.592130
0.640 1.788435
0.650 2.594201
0.660 2.264159
0.670 0.355755
0.680 2.964067
0.690 1.070450
0.700 0.814011
0.710 1.644389
0.720 1.559661
0.730 1.236122
0.740 2.857553
0.750 2.433035
0.760 1.550571
0.770 0.922384
0.780 1.301954
0.790 2.260574
0.800 1.197966
0.810 2.016280
0.820 0.640410
0.830 2.858312
0.840 2.511965
0.850 0.496987
0.860 2.866588
0.870 1.448717
0.880 1.616089
0.890 1.691085
0.900 0.021287
0.910 2.469085
0.920 2.880677
0.930 2.610863
0.940 2.142104
0.950 2.069598
0.960 0.245612
0.970 0.626398
0.980 1.611451
0.990 2.048037
