0.000 0.175006
0.010 0.389925
0.020 0.242306
0.030 0.492475
0.040 0.457160
0.050 0.186010
0.060 0.232999
0.070 0.415180
0.080 0.258381
0.090 0.514848
0.100 0.069794
0.110 0.309515
0.120 0.043766
0.130 0.178791
0.140 0.400690
0.150 0.340551
0.160 0.107606
0.170 0.042690
0.180 0.536596
0.190 0.314690
0.200 0.473291
0.210 0.354448
0.220 0.288271
0.230 0.412858
0.240 0.480953
0.250 0.230545
0.260 0.290155
0.270 0.061464
0.280 0.218537
0.290 0.300796
0.300 0.301804
0.310 0.242636
0.320 0.188054
0.330 0.108087
0.340 0.215343
0.350 0.357473
0.360 0.247777
0.370 0.365018
0.380 0.388290
0.390 0.444444
0.400 0.224453
0.410 0.428799
0.420 0.025392
0.430 0.160775
0.440 0.116964
0.450 0.104009
0.460 0.391951
0.470 0.320052
0.480 0.211352
0.490 0.401456
0.500 0.483485
0.510 0.441914
0.520 0.181856
0.530 0.037138
0.540 0.373408
0.550 0.318345
0.560 0.533882
0.570 0.310740
0.580 0.142728
0.590 0.117876
0.600 0.173639
0.610 0.168049
0.620 0.488956
0.630 0.367646
0.640 0.432590
0.650 0.000192
0.660 0.192958
0.670 0.075411
0.680 0.187248
0.690 0.367109
0.700 0.282260
0.710 0.509757
0.720 0.231629
0.730 0.336679
0.740 0.504225
0.750 0.013864
0.760 0.210489
0.770 0.163072
0.780 0.514910
0.790 0.141874
0.800 0.343446
0.810 0.125297
0.820 0.333935
0.830 0.480986
0.840 0.318830
0.850 0.035323
0.860 0.205506
0.870 0.253184
0.880 0.081877
0.890 0.167213
0.900 0.149171
0.910 0.246608
0.920 0.384050
0.930 0.156376
0.940 0.351302
0.950 0.453896
0.960 0.054906
0.970 0.407316
0.980 0.261369
0.990 0.253168
