0.000 6.343726
0.010 8.177023
0.020 8.299729
0.030 8.902828
0.040 7.427797
0.050 3.693446
0.060 7.324969
0.070 3.324200
0.080 8.814360
0.090 2.464766
0.100 2.777702
0.110 6.946566
0.120 3.073720
0.130 2.824890
0.140 0.194508
0.150 2.597453
0.160 2.409259
0.170 2.465567
0.180 8.655805
0.190 4.653765
0.200 1.667592
0.210 7.511469
0.220 0.379854
0.230 6.778165
0.240 0.611141
0.250 8.333789
0.260 6.026023
0.270 0.551635
0.280 6.879667
0.290 2.761246
0.300 6.103552
0.310 8.815162
0.320 3.049033
0.330 1.461968
0.340 1.399836
0.350 1.690220
0.360 8.199869
0.370 5.103207
0.380 7.316510
0.390 5.286059
0.400 4.973420
0.410 6.510988
0.420 1.374094
0.430 7.240398
0.440 5.780023
0.450 1.446289
0.460 8.547724
0.470 1.664699
0.480 8.579815
0.490 5.906767
0.500 1.906982
0.510 0.541411
0.520 7.870997
0.530 0.492782
0.540 2.471886
0.550 9.356368
0.560 5.638511
0.570 1.378044
0.580 9.225606
0.590 5.554673
0.600 1.156985
0.610 1.881601
0.620 5.118091
0.630 2.188332
0.640 1.408290
0.650 5.119879
0.660 2.488273
0.670 5.435984
0.680 8.653283
0.690 7.219924
0.700 2.284016
0.710 5.442329
0.720 0.483656
0.730 0.632809
0.740 0.604448
0.750 5.502830
0.760 4.903670
0.770 0.940706
0.780 0.351118
0.790 1.579504
0.800 7.904045
0.810 8.947989
0.820 6.344040
0.830 0.125511
0.840 5.299472
0.850 2.514134
0.860 6.613685
0.870 3.966010
0.880 3.011290
0.890 8.583366
0.900 7.542056
0.910 8.265487
0.920 1.910608
0.930 5.699072
0.940 6.005611
0.950 2.434978
0.960 7.483937
0.970 6.057688
0.980 7.026292
0.990 5.385585
