0.000 5.185197
0.010 1.179760
0.020 2.916779
0.030 3.767945
0.040 3.079730
0.050 0.988541
0.060 6.472466
0.070 1.992592
0.080 0.907230
0.090 0.614838
0.100 6.870586
0.110 3.497425
0.120 0.222972
0.130 4.932424
0.140 6.178678
0.150 0.904447
0.160 5.578044
0.170 4.093768
0.180 5.876543
0.190 3.665359
0.200 2.995657
0.210 0.521240
0.220 6.351319
0.230 6.555278
0.240 0.809553
0.250 3.673380
0.260 4.300608
0.270 0.983409
0.280 6.357953
0.290 1.409397
0.300 1.695910
0.310 3.714439
0.320 6.107230
0.330 2.573683
0.340 6.833317
0.350 5.659862
0.360 0.927167
0.370 3.723175
0.380 1.495592
0.390 0.255198
0.400 6.902933
0.410 3.868787
0.420 0.491711
0.430 0.252547
0.440 6.800129
0.450 4.514660
0.460 3.345409
0.470 4.591139
0.480 2.032476
0.490 6.814059
0.500 2.993259
0.510 2.462446
0.520 4.370234
0.530 1.982016
0.540 1.281438
0.550 5.580919
0.560 3.594854
0.570 2.649801
0.580 1.230308
0.590 5.988597
0.600 5.288353
0.610 6.385700
0.620 1.325100
0.630 2.106596
0.640 6.928606
0.650 3.501263
0.660 1.767623
0.670 2.360795
0.680 6.001252
0.690 1.703335
0.700 5.702348
0.710 1.225898
0.720 1.970833
0.730 0.040484
0.740 6.285594
0.750 6.562435
0.760 3.635101
0.770 4.467065
0.780 6.721921
0.790 1.004059
0.800 4.122100
0.810 3.074404
0.820 1.078866
0.830 1.010359
0.840 5.455041
0.850 1.914769
0.860 1.417745
0.870 4.753796
0.880 4.281672
0.890 3.921271
0.900 6.558166
0.910 4.448841
0.920 2.560513
0.930 2.006080
0.940 4.393236
0.950 3.603822
0.960 2.470398
0.970 6.764503
0.980 5.912851
0.990 5.802150
