0.000 0.772774
0.010 0.082301
0.020 0.878644
0.030 0.851570
0.040 0.889284
0.050 0.670023
0.060 0.283468
0.070 0.284994
0.080 0.809028
0.090 0.530636
0.100 0.594043
0.110 0.905561
0.120 0.450424
0.130 0.165959
0.140 0.282952
0.150 0.059815
0.160 0.545158
0.170 0.818156
0.180 0.315868
0.190 0.883835
0.200 0.864063
0.210 0.874392
0.220 0.884437
0.230 0.279835
0.240 0.691278
0.250 0.458405
0.260 0.068729
0.270 0.880575
0.280 0.351114
0.290 0.456933
0.300 0.074189
0.310 0.855384
0.320 0.637440
0.330 0.472151
0.340 0.585422
0.350 0.515169
0.360 0.513640
0.370 0.260703
0.380 0.618105
0.390 0.240941
0.400 0.301531
0.410 0.536056
0.420 0.004046
0.430 0.897063
0.440 0.690419
0.450 0.588686
0.460 0.611415
0.470 0.478060
0.480 0.629560
0.490 0.203014
0.500 0.039172
0.510 0.442080
0.520 0.900392
0.530 0.642917
0.540 0.642200
0.550 0.883025
0.560 0.583770
0.570 0.675802
0.580 0.431957
0.590 0.909096
0.600 0.135491
0.610 0.642756
0.620 0.479886
0.630 0.124008
0.640 0.638239
0.650 0.194298
0.660 0.390993
0.670 0.193864
0.680 0.316459
0.690 0.131958
0.700 0.568993
0.710 0.258602
0.720 0.221794
0.730 0.891599
0.740 0.455622
0.750 0.515533
0.760 0.090153
0.770 0.637852
0.780 0.264655
0.790 0.413467
0.800 0.333664
0.810 0.743774
0.820 0.464738
0.830 0.471687
0.840 0.097984
0.850 0.230745
0.860 0.542220
0.870 0.577389
0.880 0.025282
0.890 0.818874
0.900 0.645888
0.910 0.309541
0.920 0.144308
0.930 0.574756
0.940 0.732826
0.950 0.508781
0.960 0.482986
0.970 0.819338
0.980 0.132888
0.990 0.912543
