0.000 4.163670
0.010 5.902437
0.020 7.035653
0.030 0.880915
0.040 6.755354
0.050 6.860606
0.060 0.369667
0.070 4.189160
0.080 2.409792
0.090 1.482686
0.100 6.454589
0.110 1.223134
0.120 6.775134
0.130 3.900715
0.140 4.267751
0.150 3.776730
0.160 4.363845
0.170 2.798340
0.180 0.647454
0.190 5.772279
0.200 1.861959
0.210 2.065050
0.220 7.567297
0.230 2.441058
0.240 4.077981
0.250 0.257865
0.260 5.855664
0.270 0.141178
0.280 0.392411
0.290 3.813539
0.300 2.720962
0.310 1.296572
0.320 6.102112
0.330 7.707623
0.340 2.448616
0.350 0.366674
0.360 4.343777
0.370 6.784082
0.380 7.866223
0.390 3.572078
0.400 7.087281
0.410 3.840042
0.420 3.761610
0.430 1.111180
0.440 3.798582
0.450 3.181271
0.460 5.785329
0.470 2.998092
0.480 4.674565
0.490 4.547221
0.500 3.014735
0.510 2.855745
0.520 6.184355
0.530 7.417890
0.540 1.627134
0.550 1.176137
0.560 7.197749
0.570 5.422351
0.580 6.592829
0.590 2.656828
0.600 3.720852
0.610 1.169457
0.620 1.173088
0.630 1.272323
0.640 7.632421
0.650 4.385870
0.660 3.616886
0.670 3.461371
0.680 7.600666
0.690 1.445610
0.700 4.469464
0.710 3.106917
0.720 8.457465
0.730 6.474585
0.740 4.027379
0.750 5.924859
0.760 0.975641
0.770 5.936911
0.780 7.298124
0.790 4.792481
0.800 3.752404
0.810 6.915437
0.820 1.962846
0.830 2.769299
0.840 8.006828
0.850 2.581777
0.860 2.453497
0.870 2.392025
0.880 7.739293
0.890 3.989877
0.900 3.150480
0.910 3.953889
0.920 5.966366
0.930 5.965079
0.940 0.003294
0.950 6.970684
0.960 3.188981
0.970 5.842251
0.980 1.239520
0.990 6.730044
