0.000 3.247783
0.010 2.644149
0.020 0.254558
0.030 4.840247
0.040 1.655382
0.050 5.119956
0.060 0.940453
0.070 2.006969
0.080 1.864414
0.090 4.422265
0.100 5.796381
0.110 1.570976
0.120 5.113573
0.130 6.171080
0.140 2.054299
0.150 0.548864
0.160 2.303807
0.170 4.721676
0.180 2.302781
0.190 1.819930
0.200 0.834439
0.210 2.606211
0.220 5.898396
0.230 5.485668
0.240 1.887224
0.250 6.511470
0.260 2.933682
0.270 1.451019
0.280 3.299719
0.290 3.866601
0.300 1.892617
0.310 1.198698
0.320 3.721591
0.330 5.597735
0.340 5.298536
0.350 5.297952
0.360 2.100786
0.370 5.497461
0.380 1.094073
0.390 4.962109
0.400 6.088479
0.410 5.081998
0.420 1.696925
0.430 3.155656
0.440 4.775467
0.450 3.557090
0.460 4.026409
0.470 3.545283
0.480 5.145644
0.490 4.425527
0.500 6.662470
0.510 3.208260
0.520 3.374247
0.530 5.659848
0.540 5.592799
0.550 2.041445
0.560 4.395027
0.570 1.383719
0.580 1.714503
0.590 4.925415
0.600 0.318899
0.610 6.401854
0.620 0.577394
0.630 1.285208
0.640 6.517798
0.650 4.068627
0.660 4.599257
0.670 6.720144
0.680 1.636355
0.690 3.729222
0.700 2.375267
0.710 2.656391
0.720 6.000092
0.730 1.382037
0.740 5.600188
0.750 3.290121
0.760 4.490398
0.770 6.732696
0.780 6.222191
0.790 1.787163
0.800 5.094251
0.810 6.627013
0.820 5.243126
0.830 6.321815
0.840 1.510057
0.850 3.588764
0.860 1.319937
0.870 2.415982
0.880 5.805830
0.890 4.911747
0.900 2.409107
0.910 3.342349
0.920 5.263454
0.930 2.100540
0.940 2.359883
0.950 5.230644
0.960 0.299750
0.970 0.816105
0.980 1.919623
0.990 2.578948
