0.000 5.542519
0.010 2.382833
0.020 5.334603
0.030 1.316171
0.040 3.959940
0.050 7.582438
0.060 1.648428
0.070 4.958392
0.080 6.110489
0.090 0.364440
0.100 1.963645
0.110 2.406849
0.120 1.575963
0.130 1.625477
0.140 2.046546
0.150 2.466949
0.160 1.882831
0.170 8.220917
0.180 1.771206
0.190 6.540572
0.200 7.743181
0.210 7.368569
0.220 2.559448
0.230 2.548928
0.240 5.778200
0.250 3.757108
0.260 1.695526
0.270 1.614025
0.280 3.567957
0.290 2.357746
0.300 1.178291
0.310 0.559666
0.320 5.877890
0.330 6.376849
0.340 0.506844
0.350 0.315263
0.360 4.234500
0.370 3.046272
0.380 4.837698
0.390 4.185384
0.400 4.695866
0.410 3.895472
0.420 2.169744
0.430 5.572657
0.440 1.875760
0.450 2.871727
0.460 3.440186
0.470 1.482076
0.480 6.752909
0.490 1.825941
0.500 2.843946
0.510 0.962058
0.520 1.356992
0.530 0.046280
0.540 0.365102
0.550 3.489983
0.560 6.001667
0.570 2.282677
0.580 5.070859
0.590 7.000151
0.600 0.477672
0.610 3.247544
0.620 4.367525
0.630 3.785019
0.640 1.408267
0.650 0.644357
0.660 0.304277
0.670 2.946609
0.680 6.716637
0.690 8.102533
0.700 1.491028
0.710 6.552206
0.720 5.061502
0.730 5.276204
0.740 6.333718
0.750 8.277953
0.760 3.510697
0.770 5.548379
0.780 7.694424
0.790 0.658841
0.800 3.796590
0.810 4.234953
0.820 6.492132
0.830 2.046050
0.840 5.117246
0.850 1.462203
0.860 0.766421
0.870 5.819419
0.880 6.953573
0.890 3.438957
0.900 7.241975
0.910 6.320212
0.920 7.257673
0.930 3.091256
0.940 7.644711
0.950 0.376818
0.960 0.400254
0.970 1.317898
0.980 3.772118
0.990 3.429551
