0.000 7.138897
0.010 2.085881
0.020 5.500034
0.030 0.261994
0.040 3.603467
0.050 4.307556
0.060 6.408737
0.070 4.194182
0.080 6.192838
0.090 4.187652
0.100 3.333246
0.110 6.467811
0.120 6.786159
0.130 7.073976
0.140 3.706203
0.150 4.720591
0.160 3.458944
0.170 2.490385
0.180 0.384146
0.190 4.723314
0.200 4.380256
0.210 0.679481
0.220 5.143994
0.230 0.450880
0.240 2.021857
0.250 5.476454
0.260 0.227060
0.270 3.330921
0.280 2.199979
0.290 6.100185
0.300 7.124013
0.310 2.777090
0.320 5.086498
0.330 7.001722
0.340 0.916331
0.350 7.251000
0.360 1.515162
0.370 6.491937
0.380 0.696635
0.390 1.126031
0.400 4.915134
0.410 2.769591
0.420 5.154826
0.430 3.296743
0.440 2.664304
0.450 7.141752
0.460 7.244701
0.470 4.684581
0.480 0.720086
0.490 6.402619
0.500 6.167103
0.510 0.416428
0.520 0.650728
0.530 5.949158
0.540 5.553906
0.550 4.717855
0.560 5.495471
0.570 0.182767
0.580 4.597445
0.590 7.166273
0.600 3.698313
0.610 6.662375
0.620 0.479254
0.630 2.980755
0.640 4.345608
0.650 1.328734
0.660 2.020711
0.670 5.227489
0.680 4.787871
0.690 5.734667
0.700 3.887611
0.710 4.943436
0.720 3.901365
0.730 4.041090
0.740 0.660388
0.750 1.732320
0.760 4.458731
0.770 2.594157
0.780 6.344867
0.790 3.795389
0.800 4.243412
0.810 3.736634
0.820 0.303369
0.830 6.964210
0.840 3.805773
0.850 2.500983
0.860 5.877622
0.870 5.823880
0.880 0.117023
0.890 3.375190
0.900 6.059540
0.910 5.557815
0.920 3.862056
0.930 6.451723
0.940 7.033574
0.950 4.551455
0.960 6.372701
0.970 1.577066
0.980 3.054360
0.990 0.591159
