0.000 4.280674
0.010 1.930367
0.020 2.634983
0.030 4.133430
0.040 4.410554
0.050 6.545376
0.060 4.567578
0.070 3.727782
0.080 4.044641
0.090 3.732357
0.100 4.536022
0.110 6.150501
0.120 4.646253
0.130 5.694109
0.140 4.680741
0.150 5.403346
0.160 6.566302
0.170 5.282313
0.180 3.655938
0.190 2.122104
0.200 4.477092
0.210 5.508888
0.220 1.080721
0.230 4.544609
0.240 0.491677
0.250 1.106680
0.260 6.364016
0.270 2.302481
0.280 4.162813
0.290 2.795443
0.300 5.079046
0.310 5.810099
0.320 1.137283
0.330 5.402557
0.340 2.083144
0.350 4.643655
0.360 6.217892
0.370 5.983710
0.380 3.223673
0.390 4.621899
0.400 3.774954
0.410 2.005205
0.420 5.878912
0.430 6.525686
0.440 0.049943
0.450 0.968982
0.460 5.084605
0.470 2.628845
0.480 5.208203
0.490 3.463234
0.500 1.166200
0.510 1.176824
0.520 2.046130
0.530 5.455106
0.540 3.800385
0.550 6.463348
0.560 0.658202
0.570 5.791946
0.580 1.102752
0.590 2.713971
0.600 2.834185
0.610 2.266323
0.620 2.100647
0.630 1.670403
0.640 1.734192
0.650 4.207573
0.660 6.505980
0.670 4.871115
0.680 4.717514
0.690 6.005088
0.700 0.362069
0.710 3.968014
0.720 4.136486
0.730 5.325977
0.740 5.018072
0.750 4.209705
0.760 5.780598
0.770 6.714257
0.780 0.046303
0.790 6.597626
0.800 1.315750
0.810 2.032097
0.820 0.834891
0.830 5.544149
0.840 0.487485
0.850 5.867302
0.860 1.086996
0.870 5.628716
0.880 6.126509
0.890 2.221732
0.900 0.920586
0.910 1.253973
0.920 3.550389
0.930 4.529852
0.940 1.163142
0.950 0.406500
0.960 3.172757
0.970 3.517375
0.980 3.604471
0.990 3.995629
