0.000 1.007659
0.010 3.394332
0.020 1.146972
0.030 2.179894
0.040 2.750537
0.050 2.656986
0.060 2.844835
0.070 0.009237
0.080 1.332748
0.090 0.840110
0.100 0.051623
0.110 1.944847
0.120 1.914673
0.130 0.090843
0.140 0.935154
0.150 2.812041
0.160 3.361536
0.170 0.723230
0.180 3.467990
0.190 3.015214
0.200 2.979129
0.210 2.742511
0.220 1.558397
0.230 0.925805
0.240 0.841678
0.250 1.002304
0.260 0.678314
0.270 3.612692
0.280 2.504411
0.290 2.536791
0.300 1.907250
0.310 3.514920
0.320 2.051791
0.330 1.326117
0.340 0.346106
0.350 2.530241
0.360 2.656736
0.370 2.345273
0.380 2.446948
0.390 1.409135
0.400 3.596893
0.410 2.688429
0.420 1.832039
0.430 3.651474
0.440 1.846294
0.450 0.918745
0.460 1.723905
0.470 3.743908
0.480 3.409287
0.490 3.236082
0.500 0.329364
0.510 3.266667
0.520 1.556889
0.530 1.431729
0.540 1.963775
0.550 0.173597
0.560 3.574295
0.570 1.633958
0.580 2.623289
0.590 2.775743
0.600 2.902505
0.610 2.739350
0.620 0.704013
0.630 3.496080
0.640 3.304709
0.650 1.262349
0.660 1.364615
0.670 1.601251
0.680 2.287443
0.690 0.534644
0.700 2.031292
0.710 2.603131
0.720 0.620008
0.730 3.514562
0.740 3.786640
0.750 2.327652
0.760 2.384712
0.770 2.093022
0.780 3.871648
0.790 3.130615
0.800 2.322486
0.810 1.301722
0.820 0.133328
0.830 0.905858
0.840 3.486845
0.850 0.392518
0.860 3.438231
0.870 3.705556
0.880 2.230402
0.890 2.608725
0.900 0.519356
0.910 1.858155
0.920 0.444886
0.930 3.842583
0.940 2.328349
0.950 0.989951
0.960 0.503775
0.970 2.421576
0.980 3.465944
0.990 2.620840
