0.000 0.520213
0.010 1.255920
0.020 1.614654
0.030 2.250259
0.040 0.558246
0.050 1.227325
0.060 -0.560449
0.070 0.836562
0.080 -1.447583
0.090 -0.188116
0.100 -0.443840
0.110 0.203914
0.120 -1.086806
0.130 -1.522383
0.140 2.553012
0.150 1.242929
0.160 1.320660
0.170 0.930184
0.180 0.336004
0.190 -0.568804
0.200 3.823222
0.210 1.678944
0.220 0.053553
0.230 -4.079844
0.240 1.582839
0.250 -1.189376
0.260 0.305973
0.270 0.061948
0.280 -0.639575
0.290 -2.770977
0.300 0.629088
0.310 -1.672937
0.320 -2.541675
0.330 -0.553634
0.340 -1.840077
0.350 0.027928
0.360 -0.843618
0.370 -3.665076
0.380 0.089756
0.390 0.288564
0.400 -1.264501
0.410 3.181034
0.420 1.321283
0.430 2.091083
0.440 -0.500547
0.450 5.216573
0.460 0.470397
0.470 -1.064055
0.480 -1.436702
0.490 -1.874854
0.500 -1.316011
0.510 0.514370
0.520 -0.594850
0.530 0.548207
0.540 -2.091092
0.550 -1.326863
0.560 0.983445
0.570 -0.329405
0.580 2.306825
0.590 0.312353
0.600 0.421242
0.610 0.352446
0.620 0.286354
0.630 -1.041145
0.640 -0.594936
0.650 1.192106
0.660 4.115408
0.670 0.085177
0.680 3.645201
0.690 -2.746728
0.700 0.506238
0.710 -2.970820
0.720 -1.907633
0.730 -0.378801
0.740 -1.391831
0.750 0.400936
0.760 1.014654
0.770 -0.362893
0.780 1.342382
0.790 -0.738076
0.800 -0.310841
0.810 -1.831229
0.820 -0.875297
0.830 0.336406
0.840 -0.161408
0.850 2.535577
0.860 -1.413434
0.870 0.168558
0.880 -1.611339
0.890 0.038138
0.900 -2.146597
0.910 -0.126817
0.920 3.239653
0.930 2.933523
0.940 1.950991
0.950 -0.947444
0.960 0.735996
0.970 -0.882630
0.980 -1.296566
0.990 2.518303
