0.000 7.826687
0.010 7.734098
0.020 4.303814
0.030 6.892242
0.040 2.028626
0.050 0.749505
0.060 1.026721
0.070 4.099568
0.080 7.054875
0.090 1.423587
0.100 1.358144
0.110 2.065529
0.120 0.528197
0.130 3.429780
0.140 7.986655
0.150 1.088070
0.160 5.738337
0.170 3.514460
0.180 6.765237
0.190 3.321827
0.200 1.550037
0.210 4.952502
0.220 2.474988
0.230 0.191572
0.240 6.551674
0.250 2.388052
0.260 4.514671
0.270 3.634818
0.280 4.187534
0.290 4.009495
0.300 3.677349
0.310 0.942372
0.320 2.737508
0.330 4.113772
0.340 6.020151
0.350 7.990141
0.360 7.795473
0.370 6.668178
0.380 4.796165
0.390 7.011096
0.400 5.743449
0.410 5.286923
0.420 1.577354
0.430 3.108164
0.440 4.366859
0.450 5.311927
0.460 0.470681
0.470 2.167431
0.480 6.814696
0.490 7.490110
0.500 3.821431
0.510 8.272404
0.520 7.443567
0.530 5.319734
0.540 6.231996
0.550 1.692030
0.560 1.665295
0.570 5.455455
0.580 0.911237
0.590 1.179874
0.600 3.968640
0.610 7.999304
0.620 3.824908
0.630 5.760864
0.640 6.950408
0.650 0.482844
0.660 7.239170
0.670 5.056294
0.680 7.226147
0.690 1.624819
0.700 5.230215
0.710 4.263422
0.720 7.560982
0.730 6.466287
0.740 2.549594
0.750 2.314995
0.760 4.111979
0.770 7.026392
0.780 6.654697
0.790 7.125854
0.800 3.773025
0.810 1.910469
0.820 6.162589
0.830 0.847302
0.840 1.195865
0.850 6.765247
0.860 4.430896
0.870 3.911726
0.880 2.894170
0.890 1.705303
0.900 1.257599
0.910 6.378658
0.920 1.878226
0.930 5.026652
0.940 1.717176
0.950 5.627895
0.960 6.279351
0.970 2.385009
0.980 5.292908
0.990 0.714197
