0.000 5.085996
0.010 0.736421
0.020 3.820192
0.030 1.677885
0.040 3.305877
0.050 3.019305
0.060 2.211050
0.070 0.116709
0.080 4.023998
0.090 3.035394
0.100 1.427667
0.110 2.050019
0.120 1.135982
0.130 0.408051
0.140 4.514475
0.150 4.667320
0.160 1.217738
0.170 0.940914
0.180 4.393458
0.190 1.453376
0.200 1.219732
0.210 0.237222
0.220 3.461422
0.230 3.766365
0.240 0.217356
0.250 2.664272
0.260 2.094472
0.270 2.087202
0.280 0.037082
0.290 2.121450
0.300 0.046996
0.310 0.179848
0.320 0.943619
0.330 2.074850
0.340 3.396751
0.350 4.948754
0.360 3.271600
0.370 0.335396
0.380 0.904634
0.390 4.994456
0.400 2.317807
0.410 2.373494
0.420 3.680949
0.430 0.785932
0.440 1.007307
0.450 3.560757
0.460 1.913694
0.470 4.594306
0.480 4.698881
0.490 0.666819
0.500 3.788776
0.510 5.177481
0.520 5.056205
0.530 4.578094
0.540 3.746653
0.550 4.347106
0.560 1.651841
0.570 4.904795
0.580 0.306800
0.590 1.306002
0.600 0.092212
0.610 2.895745
0.620 2.851391
0.630 2.612429
0.640 3.168075
0.650 2.904069
0.660 0.722425
0.670 4.806072
0.680 4.209816
0.690 0.544244
0.700 3.181345
0.710 1.738530
0.720 5.243893
0.730 4.001543
0.740 3.304261
0.750 0.550802
0.760 4.658221
0.770 2.525285
0.780 2.425565
0.790 2.963334
0.800 0.345829
0.810 4.236646
0.820 0.538627
0.830 1.113087
0.840 3.196461
0.850 4.545155
0.860 4.968528
0.870 1.085870
0.880 4.060216
0.890 0.639305
0.900 4.228366
0.910 2.613470
0.920 2.641107
0.930 5.127542
0.940 0.174929
0.950 0.618061
0.960 2.566080
0.970 2.662484
0.980 1.609925
0.990 2.497694
