0.000 0.442895
0.010 0.131517
0.020 0.416944
0.030 0.348555
0.040 0.285282
0.050 0.319551
0.060 0.063087
0.070 0.038720
0.080 0.559513
0.090 0.117883
0.100 0.481013
0.110 0.295046
0.120 0.004243
0.130 0.539593
0.140 0.128619
0.150 0.545173
0.160 0.511849
0.170 0.365262
0.180 0.357120
0.190 0.198701
0.200 0.356501
0.210 0.417314
0.220 0.066203
0.230 0.365311
0.240 0.329013
0.250 0.310375
0.260 0.337100
0.270 0.500446
0.280 0.558029
0.290 0.498695
0.300 0.527005
0.310 0.199117
0.320 0.553302
0.330 0.515192
0.340 0.303471
0.350 0.403922
0.360 0.460050
0.370 0.193265
0.380 0.173184
0.390 0.283888
0.400 0.382691
0.410 0.098898
0.420 0.417740
0.430 0.254863
0.440 0.469285
0.450 0.475296
0.460 0.250924
0.470 0.442641
0.480 0.195049
0.490 0.042599
0.500 0.518275
0.510 0.489626
0.520 0.463741
0.530 0.353763
0.540 0.445085
0.550 0.101495
0.560 0.095721
0.570 0.183633
0.580 0.090694
0.590 0.482130
0.600 0.298191
0.610 0.235871
0.620 0.314240
0.630 0.211909
0.640 0.116568
0.650 0.265780
0.660 0.274622
0.670 0.149047
0.680 0.026809
0.690 0.200588
0.700 0.499247
0.710 0.513467
0.720 0.466751
0.730 0.071758
0.740 0.140112
0.750 0.101382
0.760 0.093490
0.770 0.099733
0.780 0.128137
0.790 0.145689
0.800 0.187349
0.810 0.120018
0.820 0.423906
0.830 0.082155
0.840 0.268443
0.850 0.143892
0.860 0.244454
0.870 0.526664
0.880 0.034580
0.890 0.464797
0.900 0.176601
0.910 0.124193
0.920 0.488088
0.930 0.188475
0.940 0.219235
0.950 0.365754
0.960 0.492926
0.970 0.447117
0.980 0.293678
0.990 0.463613
