0.000 5.524443
0.010 6.319922
0.020 5.225501
0.030 2.949982
0.040 2.735819
0.050 5.926440
0.060 1.480184
0.070 3.119101
0.080 4.576106
0.090 3.812289
0.100 0.344826
0.110 0.067813
0.120 1.921449
0.130 4.792533
0.140 6.859681
0.150 3.808740
0.160 4.297832
0.170 6.413975
0.180 0.426986
0.190 6.661928
0.200 2.984461
0.210 1.493072
0.220 4.831103
0.230 0.818144
0.240 4.464431
0.250 4.826487
0.260 5.196670
0.270 6.858515
0.280 4.243830
0.290 5.963200
0.300 5.645349
0.310 1.630389
0.320 2.413563
0.330 6.274959
0.340 6.268840
0.350 2.799695
0.360 3.241213
0.370 5.951948
0.380 0.369742
0.390 0.956434
0.400 3.131872
0.410 5.277451
0.420 0.512956
0.430 2.208080
0.440 4.544475
0.450 5.183617
0.460 4.720153
0.470 4.663638
0.480 4.904756
0.490 0.947638
0.500 5.791173
0.510 4.057264
0.520 1.926192
0.530 5.076807
0.540 0.319234
0.550 5.254805
0.560 3.768345
0.570 0.568209
0.580 1.472935
0.590 2.181066
0.600 4.953473
0.610 0.303576
0.620 1.780201
0.630 2.057428
0.640 5.781445
0.650 0.800064
0.660 0.155182
0.670 1.297244
0.680 6.055788
0.690 2.045780
0.700 4.131762
0.710 4.614556
0.720 2.623051
0.730 6.414874
0.740 5.484242
0.750 5.815529
0.760 6.640992
0.770 0.395488
0.780 3.008539
0.790 5.877431
0.800 3.229595
0.810 6.342040
0.820 6.776871
0.830 5.471348
0.840 1.162500
0.850 4.432800
0.860 5.690179
0.870 1.659279
0.880 1.133635
0.890 2.201506
0.900 2.607051
0.910 5.831975
0.920 0.608489
0.930 6.542736
0.940 6.948273
0.950 4.796982
0.960 5.295945
0.970 1.594834
0.980 3.458163
0.990 6.220740
