0.000 0.095628
0.010 2.808298
0.020 4.029129
0.030 2.356204
0.040 0.316000
0.050 4.830510
0.060 4.004063
0.070 3.383499
0.080 5.249867
0.090 3.830772
0.100 1.051077
0.110 4.717510
0.120 5.323813
0.130 4.263988
0.140 3.495490
0.150 4.363739
0.160 2.353743
0.170 0.669369
0.180 0.840849
0.190 0.158941
0.200 3.488071
0.210 2.345954
0.220 0.535158
0.230 2.548613
0.240 2.852862
0.250 3.677512
0.260 2.833482
0.270 2.741976
0.280 2.244533
0.290 1.289103
0.300 4.191026
0.310 4.700200
0.320 2.310291
0.330 3.740086
0.340 1.673211
0.350 3.314324
0.360 4.552830
0.370 0.742033
0.380 3.788951
0.390 1.437558
0.400 2.341355
0.410 3.248456
0.420 1.437614
0.430 1.723484
0.440 4.910147
0.450 2.187028
0.460 1.899757
0.470 2.427898
0.480 0.260427
0.490 0.090866
0.500 2.487909
0.510 2.107420
0.520 1.221820
0.530 4.705959
0.540 0.567338
0.550 2.819965
0.560 1.916837
0.570 2.196628
0.580 1.065993
0.590 2.330945
0.600 2.866737
0.610 4.373336
0.620 5.276856
0.630 2.734439
0.640 5.077288
0.650 3.536520
0.660 4.619453
0.670 3.581721
0.680 3.486213
0.690 0.199544
0.700 2.923443
0.710 1.391065
0.720 1.242386
0.730 1.013852
0.740 2.354970
0.750 0.459247
0.760 1.666074
0.770 1.362441
0.780 4.148280
0.790 3.221153
0.800 1.389441
0.810 2.619444
0.820 0.049219
0.830 3.052775
0.840 4.488558
0.850 2.109596
0.860 3.194765
0.870 4.969106
0.880 4.507676
0.890 0.669639
0.900 3.109624
0.910 4.794119
0.920 1.554471
0.930 5.180008
0.940 1.786735
0.950 1.574969
0.960 0.449667
0.970 1.853929
0.980 1.230869
0.990 1.053693
