0.000 6.988465
0.010 6.776700
0.020 5.459710
0.030 6.203562
0.040 8.288017
0.050 5.836108
0.060 0.827363
0.070 4.208719
0.080 5.951672
0.090 2.797318
0.100 0.585219
0.110 1.988926
0.120 2.137006
0.130 4.040166
0.140 0.155431
0.150 0.220950
0.160 4.609272
0.170 1.714618
0.180 2.474864
0.190 7.496601
0.200 1.657780
0.210 5.175441
0.220 0.010625
0.230 8.336198
0.240 0.133398
0.250 5.321102
0.260 2.449342
0.270 8.734246
0.280 1.137834
0.290 8.255531
0.300 6.582259
0.310 6.983498
0.320 2.511119
0.330 7.839958
0.340 4.677110
0.350 1.909736
0.360 6.830416
0.370 2.451075
0.380 7.021845
0.390 1.091787
0.400 6.283115
0.410 6.495270
0.420 1.855761
0.430 1.485114
0.440 2.347106
0.450 0.275024
0.460 2.746405
0.470 1.672843
0.480 5.920784
0.490 6.244171
0.500 7.133641
0.510 6.945676
0.520 1.652845
0.530 2.448990
0.540 0.677908
0.550 6.650660
0.560 5.978442
0.570 0.707064
0.580 2.973985
0.590 0.695720
0.600 1.504775
0.610 7.612442
0.620 7.893660
0.630 3.722610
0.640 1.783120
0.650 3.130315
0.660 5.908218
0.670 6.792648
0.680 7.944453
0.690 5.858489
0.700 4.222569
0.710 2.452375
0.720 0.065033
0.730 0.458992
0.740 2.836642
0.750 1.253320
0.760 5.445545
0.770 0.148664
0.780 0.092906
0.790 5.858329
0.800 7.570161
0.810 3.644294
0.820 1.675645
0.830 5.832278
0.840 2.032216
0.850 4.539976
0.860 7.533219
0.870 3.398436
0.880 5.727403
0.890 0.281563
0.900 5.811032
0.910 8.475907
0.920 4.226990
0.930 0.643117
0.940 2.285290
0.950 5.609397
0.960 0.356880
0.970 7.559751
0.980 4.870330
0.990 0.200817
