0.000 6.947494
0.010 3.342415
0.020 5.551029
0.030 0.722374
0.040 2.798866
0.050 3.515244
0.060 3.829549
0.070 5.935600
0.080 6.936776
0.090 1.138626
0.100 5.850244
0.110 0.539860
0.120 4.137800
0.130 5.515122
0.140 0.674521
0.150 6.803659
0.160 0.740934
0.170 6.782296
0.180 4.017319
0.190 1.269750
0.200 1.302665
0.210 6.958256
0.220 6.036813
0.230 5.728030
0.240 7.021701
0.250 1.645682
0.260 3.582915
0.270 1.085393
0.280 4.032006
0.290 4.039248
0.300 2.493390
0.310 2.251811
0.320 1.230448
0.330 0.651703
0.340 5.772056
0.350 6.633448
0.360 2.368011
0.370 1.152981
0.380 1.575301
0.390 4.272781
0.400 7.265065
0.410 6.739910
0.420 1.273366
0.430 7.162527
0.440 0.197442
0.450 5.818359
0.460 3.949989
0.470 4.367172
0.480 3.384192
0.490 1.419883
0.500 5.744553
0.510 5.246155
0.520 6.890142
0.530 2.016562
0.540 6.505830
0.550 4.693471
0.560 1.115465
0.570 4.338038
0.580 6.450691
0.590 0.910378
0.600 2.802675
0.610 4.937423
0.620 1.752850
0.630 7.210267
0.640 0.939131
0.650 7.055077
0.660 1.010931
0.670 0.442446
0.680 4.323594
0.690 2.766267
0.700 7.197286
0.710 4.284387
0.720 7.051606
0.730 5.065488
0.740 1.062766
0.750 6.642089
0.760 5.692633
0.770 3.637173
0.780 6.778644
0.790 7.153771
0.800 1.796944
0.810 6.313445
0.820 2.240366
0.830 2.157947
0.840 6.580123
0.850 2.783188
0.860 6.592661
0.870 4.415341
0.880 4.469264
0.890 0.238025
0.900 3.347276
0.910 5.790791
0.920 3.836057
0.930 0.405489
0.940 5.435980
0.950 6.699917
0.960 3.684502
0.970 3.404011
0.980 5.088414
0.990 3.185547
