0.000 0.835119
0.010 2.706870
0.020 0.231730
0.030 2.504055
0.040 1.445191
0.050 2.185206
0.060 0.591004
0.070 1.827376
0.080 2.509521
0.090 2.581339
0.100 1.699258
0.110 1.044653
0.120 2.674075
0.130 0.101056
0.140 0.763511
0.150 0.190792
0.160 1.380772
0.170 2.452423
0.180 1.620611
0.190 1.878554
0.200 0.130258
0.210 1.977070
0.220 2.011559
0.230 2.403524
0.240 0.473647
0.250 0.847845
0.260 0.639990
0.270 1.408460
0.280 1.245131
0.290 1.766957
0.300 0.279220
0.310 1.417019
0.320 2.375200
0.330 1.516134
0.340 0.680440
0.350 1.456599
0.360 0.398668
0.370 0.869794
0.380 1.813377
0.390 1.702964
0.400 0.692055
0.410 0.011161
0.420 1.007911
0.430 1.417684
0.440 1.744641
0.450 0.585945
0.460 1.698387
0.470 0.258965
0.480 2.522946
0.490 2.004070
0.500 1.144295
0.510 1.952275
0.520 2.656432
0.530 0.128567
0.540 0.138174
0.550 1.623599
0.560 1.755671
0.570 0.728026
0.580 0.122464
0.590 0.334727
0.600 0.899817
0.610 2.630221
0.620 2.352513
0.630 0.217182
0.640 0.025196
0.650 2.072776
0.660 0.351479
0.670 2.457366
0.680 1.604507
0.690 1.234537
0.700 1.230022
0.710 0.559765
0.720 1.291258
0.730 2.156732
0.740 1.974702
0.750 1.024539
0.760 2.327311
0.770 0.977479
0.780 1.448685
0.790 0.662457
0.800 2.070013
0.810 1.573816
0.820 1.158011
0.830 1.187968
0.840 1.783854
0.850 0.766406
0.860 1.381410
0.870 0.607242
0.880 1.276104
0.890 0.163450
0.900 1.751616
0.910 1.505680
0.920 2.192063
0.930 1.211452
0.940 0.427612
0.950 1.116705
0.960 0.362061
0.970 1.690201
0.980 2.714065
0.990 2.315528
