0.000 4.979636
0.010 4.811624
0.020 2.487748
0.030 0.288196
0.040 3.378802
0.050 1.606383
0.060 0.127634
0.070 3.147336
0.080 3.817045
0.090 2.000388
0.100 2.965211
0.110 4.453706
0.120 4.989811
0.130 0.928138
0.140 3.064010
0.150 4.563554
0.160 3.303388
0.170 2.822321
0.180 2.961792
0.190 4.696643
0.200 1.402583
0.210 1.689918
0.220 2.606450
0.230 1.371252
0.240 2.280174
0.250 0.488220
0.260 4.311360
0.270 3.642497
0.280 4.394275
0.290 3.645726
0.300 4.977051
0.310 2.365198
0.320 4.131385
0.330 3.773263
0.340 0.848184
0.350 3.972121
0.360 3.556274
0.370 1.773523
0.380 0.978524
0.390 3.047351
0.400 3.043049
0.410 3.064642
0.420 1.104860
0.430 4.998444
0.440 2.141863
0.450 2.265049
0.460 2.291718
0.470 0.345250
0.480 4.284972
0.490 3.223100
0.500 0.817444
0.510 0.087261
0.520 3.572589
0.530 0.364989
0.540 1.960032
0.550 1.855316
0.560 0.707691
0.570 4.263180
0.580 2.008021
0.590 2.819904
0.600 2.264902
0.610 0.019903
0.620 2.204659
0.630 1.868082
0.640 3.116811
0.650 4.576924
0.660 3.010839
0.670 2.026087
0.680 1.324010
0.690 1.655756
0.700 3.204499
0.710 2.967224
0.720 0.554858
0.730 1.981740
0.740 0.334822
0.750 0.441434
0.760 2.030262
0.770 3.698480
0.780 2.814887
0.790 1.012142
0.800 4.726244
0.810 0.589976
0.820 2.254644
0.830 4.440332
0.840 3.366012
0.850 0.754296
0.860 4.021957
0.870 0.717480
0.880 2.080959
0.890 2.947976
0.900 1.213906
0.910 3.562097
0.920 1.491615
0.930 4.437921
0.940 4.880926
0.950 4.233100
0.960 0.659675
0.970 2.359497
0.980 3.040348
0.990 1.222784
