0.000 0.672541
0.010 0.598862
0.020 1.633066
0.030 1.010134
0.040 4.686426
0.050 0.823672
0.060 2.886252
0.070 1.418073
0.080 2.793125
0.090 0.233197
0.100 -0.725986
0.110 0.458943
0.120 -0.428791
0.130 0.478971
0.140 -0.119939
0.150 -0.497043
0.160 0.389929
0.170 -1.412845
0.180 1.660921
0.190 0.931129
0.200 0.889965
0.210 -1.114663
0.220 0.886386
0.230 2.205362
0.240 0.752317
0.250 -2.698803
0.260 2.990355
0.270 2.563770
0.280 0.003877
0.290 -0.689553
0.300 3.079291
0.310 -0.225591
0.320 0.751693
0.330 -1.552905
0.340 0.998734
0.350 1.243618
0.360 0.242697
0.370 0.189989
0.380 2.263424
0.390 -1.246065
0.400 1.033061
0.410 0.222644
0.420 2.017117
0.430 -2.199896
0.440 0.062590
0.450 -1.709611
0.460 -0.966968
0.470 -1.013964
0.480 -1.775249
0.490 -1.706197
0.500 -1.738197
0.510 -1.597061
0.520 0.654195
0.530 -0.064272
0.540 1.312294
0.550 1.827120
0.560 0.594916
0.570 -2.000848
0.580 -2.560727
0.590 -1.015292
0.600 -0.543489
0.610 -2.330409
0.620 0.224140
0.630 -0.354593
0.640 -1.663096
0.650 -0.714783
0.660 -0.010969
0.670 1.744474
0.680 0.348556
0.690 -0.026432
0.700 -3.086956
0.710 -1.631647
0.720 -1.359363
0.730 1.467686
0.740 0.932065
0.750 1.749201
0.760 2.858389
0.770 -0.807176
0.780 -2.666010
0.790 -3.567343
0.800 -0.691524
0.810 2.016442
0.820 -0.850840
0.830 0.011292
0.840 0.415430
0.850 0.454539
0.860 -0.681555
0.870 -0.809391
0.880 -1.885003
0.890 0.788340
0.900 -2.357749
0.910 0.031248
0.920 3.079960
0.930 1.443422
0.940 -2.705508
0.950 -2.094380
0.960 0.619123
0.970 0.827270
0.980 -2.618838
0.990 -3.448605
