0.000 0.972752
0.010 1.321955
0.020 1.221395
0.030 0.613531
0.040 0.318479
0.050 1.183135
0.060 0.872357
0.070 0.723164
0.080 1.066667
0.090 0.927917
0.100 1.413659
0.110 0.761857
0.120 1.268143
0.130 0.899938
0.140 0.285306
0.150 1.301933
0.160 0.342414
0.170 1.167248
0.180 1.310530
0.190 1.318994
0.200 1.311156
0.210 1.196509
0.220 0.018174
0.230 0.160664
0.240 1.167387
0.250 1.244868
0.260 0.481242
0.270 1.210396
0.280 1.051475
0.290 0.068202
0.300 0.474884
0.310 0.640282
0.320 1.013961
0.330 1.270690
0.340 1.075982
0.350 0.923209
0.360 0.624293
0.370 0.984586
0.380 1.343445
0.390 0.731627
0.400 1.319966
0.410 0.573498
0.420 0.779181
0.430 1.125380
0.440 0.677733
0.450 0.170713
0.460 1.010454
0.470 0.041209
0.480 1.307255
0.490 1.303305
0.500 1.038848
0.510 0.080572
0.520 0.204114
0.530 1.396269
0.540 0.973024
0.550 0.308723
0.560 1.130197
0.570 0.139004
0.580 0.916602
0.590 0.409786
0.600 1.251536
0.610 1.386622
0.620 0.013940
0.630 0.773729
0.640 0.787601
0.650 0.308932
0.660 0.829802
0.670 1.072609
0.680 1.108295
0.690 1.250354
0.700 0.418736
0.710 0.124384
0.720 0.479596
0.730 0.183502
0.740 0.844038
0.750 1.144380
0.760 0.076008
0.770 1.098734
0.780 0.698034
0.790 0.355479
0.800 0.617407
0.810 0.985354
0.820 0.318638
0.830 1.312985
0.840 0.905894
0.850 0.170602
0.860 0.674046
0.870 0.720441
0.880 0.998220
0.890 0.876144
0.900 0.426631
0.910 0.137789
0.920 0.853516
0.930 0.820220
0.940 0.612502
0.950 0.506483
0.960 1.091723
0.970 0.934325
0.980 0.816268
0.990 0.933142
