0.000 2.785467
0.010 4.936189
0.020 8.562940
0.030 0.899255
0.040 1.581922
0.050 9.756185
0.060 3.439287
0.070 5.455404
0.080 1.781258
0.090 6.048268
0.100 6.261596
0.110 3.529811
0.120 7.056868
0.130 6.069218
0.140 3.240012
0.150 5.143011
0.160 1.721164
0.170 4.116378
0.180 1.941294
0.190 5.834343
0.200 6.292706
0.210 1.355131
0.220 8.234934
0.230 3.261017
0.240 8.518126
0.250 6.076065
0.260 4.297165
0.270 7.635874
0.280 8.796965
0.290 2.625013
0.300 7.898079
0.310 5.447963
0.320 9.311697
0.330 7.316702
0.340 5.456084
0.350 4.452292
0.360 2.991649
0.370 0.457580
0.380 1.176089
0.390 6.984843
0.400 4.415973
0.410 8.652344
0.420 7.189122
0.430 8.424374
0.440 1.891201
0.450 2.432795
0.460 0.719985
0.470 9.766970
0.480 7.209865
0.490 4.419590
0.500 1.847896
0.510 0.651161
0.520 7.994405
0.530 1.793192
0.540 4.304366
0.550 7.496278
0.560 4.993756
0.570 1.932653
0.580 8.790646
0.590 7.360731
0.600 0.851324
0.610 4.264942
0.620 9.669042
0.630 5.090798
0.640 1.106542
0.650 5.774912
0.660 3.327894
0.670 5.733239
0.680 7.843814
0.690 7.709455
0.700 4.097711
0.710 8.343621
0.720 5.750490
0.730 8.489542
0.740 2.891493
0.750 0.997088
0.760 5.079547
0.770 0.525768
0.780 1.046905
0.790 2.628719
0.800 8.706747
0.810 9.258173
0.820 2.408034
0.830 7.101500
0.840 0.939757
0.850 7.541177
0.860 7.710400
0.870 8.931228
0.880 6.273409
0.890 0.323850
0.900 7.909548
0.910 4.920167
0.920 5.860152
0.930 9.680028
0.940 6.360975
0.950 8.815697
0.960 7.553440
0.970 9.892803
0.980 0.504033
0.990 9.615424
