0.000 4.285671
0.010 7.481073
0.020 6.243561
0.030 7.584548
0.040 3.442341
0.050 5.145699
0.060 7.315177
0.070 4.976988
0.080 1.201427
0.090 0.057866
0.100 2.102363
0.110 2.468065
0.120 6.759100
0.130 3.496136
0.140 6.811853
0.150 3.273960
0.160 6.406899
0.170 3.058945
0.180 0.412042
0.190 5.621838
0.200 6.277664
0.210 0.422805
0.220 1.418367
0.230 0.078475
0.240 6.524896
0.250 2.109466
0.260 7.076117
0.270 6.220225
0.280 2.445987
0.290 6.255246
0.300 5.555214
0.310 1.855371
0.320 6.448757
0.330 4.071690
0.340 3.309615
0.350 2.160055
0.360 6.721396
0.370 3.716053
0.380 2.140975
0.390 4.805195
0.400 2.227116
0.410 0.578012
0.420 2.792124
0.430 1.015073
0.440 1.799338
0.450 2.280899
0.460 7.082285
0.470 7.080048
0.480 5.453099
0.490 1.142538
0.500 2.917819
0.510 7.169684
0.520 7.692727
0.530 7.704284
0.540 4.363941
0.550 3.737039
0.560 5.474034
0.570 1.216392
0.580 5.968331
0.590 0.696729
0.600 1.570010
0.610 7.108902
0.620 7.888383
0.630 7.603627
0.640 7.270755
0.650 6.150619
0.660 0.075959
0.670 2.727967
0.680 3.990446
0.690 2.000463
0.700 0.958453
0.710 2.489774
0.720 4.606292
0.730 4.059045
0.740 4.299678
0.750 0.890622
0.760 1.526289
0.770 7.403762
0.780 1.832900
0.790 6.693850
0.800 0.079993
0.810 3.810273
0.820 4.643574
0.830 1.988949
0.840 3.355049
0.850 3.092198
0.860 3.136260
0.870 0.616246
0.880 6.060596
0.890 6.754230
0.900 0.868617
0.910 4.046975
0.920 1.127406
0.930 1.161357
0.940 0.856925
0.950 5.290580
0.960 2.556620
0.970 4.064632
0.980 4.457004
0.990 2.519959
