0.000 1.167944
0.010 3.790007
0.020 8.024099
0.030 5.893511
0.040 3.882845
0.050 7.252906
0.060 4.707279
0.070 7.670801
0.080 4.226271
0.090 9.288508
0.100 8.836231
0.110 4.663304
0.120 8.979517
0.130 7.464093
0.140 4.525878
0.150 4.786402
0.160 8.231212
0.170 2.227977
0.180 7.863957
0.190 1.288219
0.200 2.541057
0.210 2.099910
0.220 3.388299
0.230 1.151602
0.240 7.102252
0.250 7.051438
0.260 2.713615
0.270 6.267106
0.280 1.978970
0.290 7.842562
0.300 1.812616
0.310 6.383816
0.320 3.266210
0.330 2.983718
0.340 1.768327
0.350 3.320585
0.360 4.754762
0.370 5.056233
0.380 3.024812
0.390 5.473531
0.400 8.114952
0.410 0.671670
0.420 8.212803
0.430 6.568893
0.440 7.030633
0.450 1.241641
0.460 8.806472
0.470 3.720220
0.480 7.969926
0.490 0.649213
0.500 9.181493
0.510 7.652197
0.520 0.594505
0.530 5.189957
0.540 9.249314
0.550 2.297162
0.560 6.243421
0.570 0.085908
0.580 6.564795
0.590 2.994198
0.600 6.993952
0.610 2.738881
0.620 2.503697
0.630 4.368957
0.640 3.305018
0.650 4.755881
0.660 7.966423
0.670 7.146359
0.680 0.846197
0.690 8.504374
0.700 5.471752
0.710 3.764707
0.720 8.972288
0.730 1.495137
0.740 0.377712
0.750 5.794210
0.760 3.084691
0.770 5.843349
0.780 1.711378
0.790 8.699472
0.800 7.539051
0.810 8.941871
0.820 8.221249
0.830 0.481662
0.840 5.639169
0.850 7.324022
0.860 7.376669
0.870 0.883691
0.880 1.436185
0.890 1.205413
0.900 3.878204
0.910 5.352660
0.920 7.601937
0.930 1.823922
0.940 5.141362
0.950 0.840083
0.960 2.579768
0.970 3.909320
0.980 8.762881
0.990 8.083758
