0.000 6.098375
0.010 3.742472
0.020 6.174936
0.030 5.681000
0.040 1.232826
0.050 2.741945
0.060 4.062429
0.070 4.496823
0.080 5.767570
0.090 0.188086
0.100 2.822823
0.110 4.826860
0.120 2.239120
0.130 2.718060
0.140 5.818811
0.150 0.372712
0.160 0.335452
0.170 3.813339
0.180 0.101149
0.190 0.487235
0.200 1.098305
0.210 3.313481
0.220 0.564541
0.230 5.222411
0.240 3.744989
0.250 3.051047
0.260 0.718430
0.270 5.152680
0.280 3.168289
0.290 4.845583
0.300 1.427729
0.310 4.405538
0.320 3.349200
0.330 0.157155
0.340 1.785576
0.350 5.004206
0.360 1.881586
0.370 1.810561
0.380 2.408879
0.390 6.323757
0.400 0.378333
0.410 4.688337
0.420 5.927700
0.430 2.618264
0.440 0.260891
0.450 1.580077
0.460 5.357122
0.470 2.452890
0.480 4.165100
0.490 4.820133
0.500 4.193882
0.510 2.621556
0.520 4.387032
0.530 5.933318
0.540 4.360660
0.550 5.434396
0.560 5.533944
0.570 2.988363
0.580 0.995131
0.590 2.569492
0.600 4.027352
0.610 0.609160
0.620 0.067986
0.630 2.710012
0.640 5.512024
0.650 0.155385
0.660 0.364333
0.670 5.088350
0.680 2.461754
0.690 4.406057
0.700 4.270514
0.710 3.809472
0.720 1.741415
0.730 3.875766
0.740 2.072338
0.750 6.156380
0.760 3.485151
0.770 3.904236
0.780 1.473670
0.790 2.740897
0.800 3.054451
0.810 0.697885
0.820 5.910461
0.830 2.445501
0.840 5.173662
0.850 3.396106
0.860 2.989765
0.870 2.137895
0.880 2.256559
0.890 5.118764
0.900 3.888301
0.910 5.892877
0.920 0.941068
0.930 5.888838
0.940 0.237616
0.950 6.060374
0.960 6.011997
0.970 4.291616
0.980 0.852003
0.990 2.497733
