0.000 3.633027
0.010 3.640093
0.020 3.687330
0.030 1.163349
0.040 0.306158
0.050 1.021887
0.060 0.936033
0.070 2.032471
0.080 1.244977
0.090 1.050005
0.100 5.216235
0.110 4.513735
0.120 3.976067
0.130 2.138222
0.140 3.694931
0.150 0.323879
0.160 0.857683
0.170 0.357503
0.180 0.083511
0.190 5.083178
0.200 4.290362
0.210 3.582648
0.220 2.952205
0.230 0.908287
0.240 0.384379
0.250 4.297134
0.260 0.774827
0.270 3.844498
0.280 0.006420
0.290 0.486764
0.300 5.468628
0.310 4.445968
0.320 0.310674
0.330 1.932102
0.340 1.394040
0.350 1.715730
0.360 4.419396
0.370 4.335439
0.380 3.503702
0.390 0.836015
0.400 4.671427
0.410 4.497993
0.420 1.084760
0.430 5.741126
0.440 0.482896
0.450 0.424187
0.460 4.830216
0.470 3.976079
0.480 0.076935
0.490 3.711826
0.500 0.950063
0.510 4.932632
0.520 2.294166
0.530 1.765474
0.540 1.343635
0.550 0.452271
0.560 2.776169
0.570 2.143376
0.580 2.835783
0.590 1.360061
0.600 3.668845
0.610 1.235036
0.620 0.496611
0.630 4.175969
0.640 1.951948
0.650 0.488376
0.660 0.935929
0.670 4.367949
0.680 1.750640
0.690 0.837581
0.700 5.325212
0.710 2.112044
0.720 1.098286
0.730 1.400512
0.740 3.048736
0.750 3.453894
0.760 1.580894
0.770 4.240119
0.780 5.730732
0.790 1.878893
0.800 3.307056
0.810 3.668882
0.820 1.825076
0.830 2.447405
0.840 5.641696
0.850 3.219503
0.860 4.007585
0.870 5.184780
0.880 3.304650
0.890 0.169082
0.900 2.326381
0.910 5.370526
0.920 0.503197
0.930 0.320882
0.940 1.269783
0.950 3.240357
0.960 1.509655
0.970 5.206001
0.980 3.813132
0.990 1.366126
