0.000 0.001491
0.010 0.002126
0.020 0.001975
0.030 0.002124
0.040 0.003070
0.050 0.001377
0.060 0.001114
0.070 0.001659
0.080 0.001680
0.090 0.001546
0.100 0.002906
0.110 0.002671
0.120 0.000389
0.130 0.000019
0.140 0.002469
0.150 0.000528
0.160 0.002485
0.170 0.001670
0.180 0.001487
0.190 0.003157
0.200 0.002456
0.210 0.001792
0.220 0.003203
0.230 0.001050
0.240 0.002744
0.250 0.001837
0.260 0.001680
0.270 0.003176
0.280 0.003221
0.290 0.000825
0.300 0.002210
0.310 0.002970
0.320 0.002279
0.330 0.000336
0.340 0.002187
0.350 0.002779
0.360 0.003104
0.370 0.000094
0.380 0.002315
0.390 0.002734
0.400 0.000362
0.410 0.001558
0.420 0.001415
0.430 0.003098
0.440 0.003221
0.450 0.001363
0.460 0.001204
0.470 0.002930
0.480 0.003149
0.490 0.001497
0.500 0.000382
0.510 0.001905
0.520 0.000914
0.530 0.000802
0.540 0.002853
0.550 0.003120
0.560 0.002179
0.570 0.000658
0.580 0.001205
0.590 0.000377
0.600 0.000727
0.610 0.003221
0.620 0.001374
0.630 0.002037
0.640 0.001968
0.650 0.001840
0.660 0.000995
0.670 0.000367
0.680 0.002321
0.690 0.001151
0.700 0.000592
0.710 0.000184
0.720 0.000966
0.730 0.001832
0.740 0.002525
0.750 0.001029
0.760 0.002405
0.770 0.001248
0.780 0.000973
0.790 0.000343
0.800 0.001912
0.810 0.000875
0.820 0.001107
0.830 0.000181
0.840 0.002714
0.850 0.002780
0.860 0.000697
0.870 0.000961
0.880 0.003208
0.890 0.002538
0.900 0.001045
0.910 0.001408
0.920 0.001238
0.930 0.002766
0.940 0.002001
0.950 0.000564
0.960 0.001001
0.970 0.001895
0.980 0.001650
0.990 0.001788
