0.000 0.638685
0.010 0.167208
0.020 3.472785
0.030 1.215557
0.040 0.224126
0.050 2.240339
0.060 3.825418
0.070 0.039880
0.080 1.938404
0.090 2.437389
0.100 0.742290
0.110 0.311666
0.120 0.056386
0.130 4.572346
0.140 0.585442
0.150 3.147904
0.160 2.847127
0.170 3.863059
0.180 2.610369
0.190 3.849271
0.200 4.227963
0.210 1.462735
0.220 5.612800
0.230 1.500645
0.240 1.141545
0.250 3.506616
0.260 2.583296
0.270 0.673053
0.280 0.809291
0.290 2.506385
0.300 0.445741
0.310 4.183399
0.320 5.405556
0.330 5.952664
0.340 1.681818
0.350 0.996873
0.360 1.846143
0.370 0.287057
0.380 5.778093
0.390 1.812979
0.400 4.031798
0.410 2.867583
0.420 1.467721
0.430 2.736372
0.440 0.783908
0.450 3.644996
0.460 4.165783
0.470 3.693261
0.480 5.910849
0.490 2.433319
0.500 5.523428
0.510 5.107450
0.520 0.489478
0.530 1.321819
0.540 4.478171
0.550 1.736588
0.560 2.304356
0.570 0.063652
0.580 5.698476
0.590 5.677640
0.600 5.042386
0.610 4.016279
0.620 0.930147
0.630 3.484254
0.640 0.030528
0.650 1.600960
0.660 3.780559
0.670 1.183370
0.680 4.587879
0.690 4.757081
0.700 3.550914
0.710 4.034353
0.720 0.129981
0.730 2.915580
0.740 3.432705
0.750 3.286408
0.760 3.005464
0.770 0.904856
0.780 5.896773
0.790 4.957718
0.800 3.417717
0.810 0.830315
0.820 1.730573
0.830 1.813318
0.840 5.251380
0.850 3.951184
0.860 3.649900
0.870 3.228928
0.880 0.377003
0.890 2.722178
0.900 3.397268
0.910 0.692911
0.920 3.148330
0.930 3.672685
0.940 1.377249
0.950 5.004297
0.960 2.677684
0.970 2.406385
0.980 3.369904
0.990 0.221844
