0.000 1.787615
0.010 0.085065
0.020 2.613758
0.030 2.735308
0.040 1.411636
0.050 0.058945
0.060 1.971346
0.070 0.235194
0.080 0.936659
0.090 2.429979
0.100 1.218846
0.110 0.160354
0.120 1.707528
0.130 1.967780
0.140 2.071945
0.150 1.540879
0.160 1.876972
0.170 1.051585
0.180 1.951276
0.190 1.670293
0.200 0.080315
0.210 2.297766
0.220 1.859251
0.230 0.703749
0.240 0.784368
0.250 2.247004
0.260 1.006302
0.270 2.197691
0.280 0.630011
0.290 1.249267
0.300 0.723129
0.310 2.501025
0.320 0.503570
0.330 0.530725
0.340 2.235850
0.350 2.372710
0.360 1.527248
0.370 1.224134
0.380 0.891739
0.390 1.120539
0.400 0.253039
0.410 0.791095
0.420 0.126218
0.430 1.567588
0.440 0.101788
0.450 0.578123
0.460 1.601052
0.470 2.391293
0.480 0.512557
0.490 0.407751
0.500 2.050969
0.510 0.011166
0.520 0.014870
0.530 1.865422
0.540 1.295666
0.550 0.667331
0.560 2.055876
0.570 2.323169
0.580 2.075724
0.590 1.920016
0.600 0.153170
0.610 1.089902
0.620 2.618770
0.630 1.954402
0.640 2.125819
0.650 2.316081
0.660 1.306520
0.670 1.241287
0.680 2.057206
0.690 1.558560
0.700 0.453942
0.710 2.178344
0.720 2.746773
0.730 2.420021
0.740 2.663694
0.750 0.471431
0.760 0.836365
0.770 1.275081
0.780 0.809932
0.790 0.756391
0.800 0.538847
0.810 0.171988
0.820 2.321105
0.830 2.060708
0.840 1.641384
0.850 1.313150
0.860 2.651626
0.870 2.085454
0.880 1.310156
0.890 0.682059
0.900 1.345911
0.910 1.311605
0.920 1.857327
0.930 1.046082
0.940 1.332283
0.950 1.084239
0.960 1.969960
0.970 2.602293
0.980 1.326409
0.990 2.717389
