0.000 1.932699
0.010 4.709964
0.020 3.768958
0.030 3.249756
0.040 2.264894
0.050 4.299887
0.060 2.423368
0.070 4.661253
0.080 3.142471
0.090 2.300938
0.100 2.429165
0.110 4.602603
0.120 1.370435
0.130 3.966948
0.140 1.618860
0.150 4.118033
0.160 0.757548
0.170 1.552612
0.180 1.999981
0.190 3.077463
0.200 0.141183
0.210 1.743304
0.220 4.646734
0.230 2.699426
0.240 4.083687
0.250 2.949908
0.260 1.568573
0.270 0.951969
0.280 0.773890
0.290 1.616663
0.300 4.526573
0.310 2.299033
0.320 0.178552
0.330 1.336368
0.340 4.047090
0.350 2.568814
0.360 2.446999
0.370 1.932108
0.380 2.696177
0.390 0.213409
0.400 2.013765
0.410 4.045826
0.420 3.211751
0.430 1.515797
0.440 1.633485
0.450 0.391437
0.460 4.027151
0.470 0.680376
0.480 3.953690
0.490 2.289667
0.500 2.293994
0.510 3.373887
0.520 3.328937
0.530 3.342879
0.540 4.665485
0.550 2.042752
0.560 2.815073
0.570 1.432628
0.580 2.894452
0.590 3.209199
0.600 0.729750
0.610 2.450775
0.620 3.841951
0.630 3.563999
0.640 2.515286
0.650 2.764297
0.660 4.238814
0.670 0.713215
0.680 3.100425
0.690 1.364705
0.700 2.717541
0.710 4.587218
0.720 0.404715
0.730 3.940470
0.740 2.675127
0.750 3.430507
0.760 1.930282
0.770 1.390135
0.780 3.332545
0.790 3.375557
0.800 0.191021
0.810 3.538348
0.820 0.223205
0.830 0.095155
0.840 3.189388
0.850 0.953969
0.860 0.312843
0.870 2.816251
0.880 3.893526
0.890 0.387081
0.900 4.824291
0.910 4.832650
0.920 2.774663
0.930 0.437557
0.940 3.239043
0.950 3.496465
0.960 2.027979
0.970 2.049307
0.980 1.586084
0.990 2.158002
