0.000 0.274626
0.010 0.865357
0.020 0.832639
0.030 0.105779
0.040 0.310592
0.050 0.476822
0.060 0.067175
0.070 0.491080
0.080 0.105105
0.090 0.249997
0.100 0.166416
0.110 0.348659
0.120 0.219055
0.130 0.325640
0.140 0.067406
0.150 0.098986
0.160 0.039191
0.170 0.736563
0.180 0.198584
0.190 0.171964
0.200 0.000993
0.210 0.312927
0.220 0.376627
0.230 0.515463
0.240 0.035165
0.250 0.978170
0.260 0.642217
0.270 0.508895
0.280 0.368514
0.290 0.861652
0.300 0.244010
0.310 0.438873
0.320 0.349702
0.330 0.282219
0.340 0.296491
0.350 0.418791
0.360 0.435623
0.370 0.184741
0.380 0.596151
0.390 0.283934
0.400 0.985551
0.410 0.518762
0.420 0.687136
0.430 0.650456
0.440 0.545080
0.450 0.159394
0.460 0.477500
0.470 0.764042
0.480 0.704749
0.490 0.609694
0.500 0.883027
0.510 0.700475
0.520 0.338262
0.530 0.735017
0.540 0.316341
0.550 0.851223
0.560 0.667450
0.570 0.099517
0.580 0.695947
0.590 0.432951
0.600 0.607258
0.610 0.272212
0.620 0.815670
0.630 0.598392
0.640 0.900211
0.650 0.760686
0.660 0.157798
0.670 0.842574
0.680 0.176089
0.690 0.331191
0.700 0.575673
0.710 0.979219
0.720 0.440500
0.730 0.248840
0.740 0.360518
0.750 0.118686
0.760 0.309414
0.770 0.446997
0.780 0.782505
0.790 0.492760
0.800 0.814522
0.810 0.573579
0.820 0.013816
0.830 0.307044
0.840 0.102967
0.850 0.857487
0.860 0.990686
0.870 0.005778
0.880 0.036649
0.890 0.350410
0.900 0.126419
0.910 0.030796
0.920 0.737658
0.930 0.762887
0.940 0.605543
0.950 0.920656
0.960 0.422965
0.970 0.682952
0.980 0.711372
0.990 0.972313
