0.000 2.515658
0.010 1.029459
0.020 2.477308
0.030 1.260852
0.040 2.883409
0.050 1.732177
0.060 1.419422
0.070 1.655552
0.080 1.142528
0.090 0.641179
0.100 1.645969
0.110 1.483493
0.120 0.111874
0.130 2.338211
0.140 1.161385
0.150 1.351007
0.160 1.385422
0.170 2.556133
0.180 1.487758
0.190 2.198672
0.200 0.465498
0.210 2.844128
0.220 1.047023
0.230 0.779785
0.240 2.219507
0.250 1.452125
0.260 1.293105
0.270 0.194231
0.280 0.378560
0.290 1.874373
0.300 1.129306
0.310 0.973958
0.320 0.497283
0.330 1.057439
0.340 0.237308
0.350 0.098456
0.360 1.499338
0.370 1.086092
0.380 0.019961
0.390 0.417789
0.400 2.746915
0.410 2.577304
0.420 2.180596
0.430 1.894093
0.440 1.047360
0.450 2.856410
0.460 2.653355
0.470 0.067378
0.480 1.751439
0.490 2.280622
0.500 0.865889
0.510 0.472016
0.520 1.563091
0.530 0.958694
0.540 1.504385
0.550 0.032684
0.560 1.595069
0.570 1.673281
0.580 0.933009
0.590 1.290226
0.600 1.666546
0.610 2.091038
0.620 1.928700
0.630 1.003125
0.640 1.889204
0.650 0.566896
0.660 2.401765
0.670 0.798156
0.680 1.788386
0.690 2.509184
0.700 0.760650
0.710 2.547703
0.720 1.633603
0.730 2.719619
0.740 1.623313
0.750 0.883186
0.760 1.935790
0.770 0.541489
0.780 0.112399
0.790 0.029320
0.800 1.166325
0.810 0.341754
0.820 1.585500
0.830 0.539581
0.840 2.505507
0.850 0.914963
0.860 0.742965
0.870 2.113393
0.880 1.655362
0.890 1.782045
0.900 2.021026
0.910 0.304014
0.920 0.008351
0.930 2.884437
0.940 1.214591
0.950 0.837039
0.960 2.240031
0.970 2.478376
0.980 0.162314
0.990 0.752384
