0.000 3.050133
0.010 2.325220
0.020 1.073187
0.030 2.277853
0.040 2.378659
0.050 4.050503
0.060 4.403158
0.070 0.913349
0.080 4.892413
0.090 0.323133
0.100 1.266046
0.110 3.183848
0.120 4.835274
0.130 4.678240
0.140 2.460382
0.150 1.187117
0.160 1.358468
0.170 0.944706
0.180 4.044134
0.190 0.635414
0.200 3.540504
0.210 1.681134
0.220 3.985164
0.230 4.317405
0.240 0.291536
0.250 2.228659
0.260 3.559073
0.270 0.056792
0.280 2.348822
0.290 1.999987
0.300 1.183281
0.310 1.922205
0.320 5.325314
0.330 1.674682
0.340 2.155245
0.350 2.328540
0.360 0.370352
0.370 3.951133
0.380 1.253213
0.390 1.759587
0.400 0.826801
0.410 2.359219
0.420 5.084281
0.430 3.582296
0.440 3.774970
0.450 0.351538
0.460 3.739880
0.470 0.887342
0.480 2.283906
0.490 1.232184
0.500 0.139197
0.510 2.693510
0.520 0.383094
0.530 1.411299
0.540 2.838802
0.550 1.608386
0.560 4.485152
0.570 1.194608
0.580 0.984967
0.590 4.765940
0.600 3.333936
0.610 5.347945
0.620 4.817997
0.630 3.940990
0.640 0.701212
0.650 1.287075
0.660 2.256583
0.670 3.354814
0.680 4.123920
0.690 4.435401
0.700 0.811317
0.710 0.892066
0.720 1.445628
0.730 1.984108
0.740 4.079200
0.750 4.380436
0.760 3.007994
0.770 0.561898
0.780 4.477067
0.790 5.082581
0.800 3.287239
0.810 3.420224
0.820 1.912157
0.830 1.767102
0.840 2.996147
0.850 1.469866
0.860 5.166529
0.870 0.396425
0.880 2.188031
0.890 5.377848
0.900 3.480522
0.910 0.994445
0.920 0.201835
0.930 5.574314
0.940 4.710613
0.950 0.600489
0.960 2.853885
0.970 3.869605
0.980 0.397802
0.990 3.154056
