0.000 0.899840
0.010 5.278339
0.020 5.433987
0.030 0.119262
0.040 3.089398
0.050 0.365494
0.060 5.251120
0.070 6.964069
0.080 1.340466
0.090 4.976429
0.100 3.709720
0.110 3.087685
0.120 1.153913
0.130 0.344143
0.140 4.981065
0.150 0.902083
0.160 6.895896
0.170 2.836853
0.180 2.153094
0.190 5.740776
0.200 1.975229
0.210 3.373159
0.220 2.797233
0.230 0.915032
0.240 3.084905
0.250 4.383300
0.260 3.204630
0.270 2.997095
0.280 6.603145
0.290 0.033025
0.300 2.959944
0.310 6.769843
0.320 3.607128
0.330 6.240071
0.340 0.002509
0.350 7.024007
0.360 2.347982
0.370 4.331345
0.380 6.652676
0.390 6.261576
0.400 0.839541
0.410 1.857756
0.420 2.736292
0.430 6.402953
0.440 3.777304
0.450 3.693242
0.460 4.333865
0.470 5.939047
0.480 7.109883
0.490 1.847845
0.500 4.503861
0.510 5.690919
0.520 4.719079
0.530 4.842786
0.540 2.423017
0.550 3.989186
0.560 4.347882
0.570 2.119076
0.580 5.168937
0.590 2.200082
0.600 5.911790
0.610 1.449570
0.620 1.084149
0.630 4.929975
0.640 6.412594
0.650 3.132350
0.660 4.717754
0.670 2.767733
0.680 2.560120
0.690 0.064176
0.700 6.913096
0.710 3.068656
0.720 7.218801
0.730 6.602881
0.740 2.507759
0.750 2.914277
0.760 6.671539
0.770 1.062691
0.780 4.833801
0.790 2.287282
0.800 4.960468
0.810 3.222357
0.820 6.981370
0.830 1.410432
0.840 1.995118
0.850 1.760395
0.860 2.403368
0.870 7.183654
0.880 3.685488
0.890 6.687641
0.900 5.245722
0.910 3.290741
0.920 6.536540
0.930 6.924712
0.940 3.694537
0.950 5.982078
0.960 3.074838
0.970 5.287798
0.980 6.984461
0.990 2.976444
