0.000 2.583643
0.010 5.665142
0.020 2.125373
0.030 1.763255
0.040 0.102530
0.050 6.290185
0.060 2.754148
0.070 5.583347
0.080 1.730783
0.090 4.270891
0.100 5.353139
0.110 0.439200
0.120 3.658183
0.130 5.016586
0.140 3.675994
0.150 0.931772
0.160 0.975429
0.170 4.864639
0.180 0.956909
0.190 5.101537
0.200 5.180065
0.210 4.997631
0.220 3.147361
0.230 3.810924
0.240 7.067208
0.250 6.829376
0.260 3.996813
0.270 0.973587
0.280 4.267780
0.290 4.112914
0.300 1.545586
0.310 0.453915
0.320 4.934017
0.330 4.927106
0.340 2.985804
0.350 2.885387
0.360 4.479607
0.370 7.129284
0.380 3.148818
0.390 0.797444
0.400 4.988615
0.410 5.230991
0.420 5.575311
0.430 3.308115
0.440 0.376494
0.450 6.613411
0.460 4.212900
0.470 4.741188
0.480 5.455424
0.490 2.012114
0.500 5.126680
0.510 4.564814
0.520 5.825819
0.530 1.880995
0.540 1.590967
0.550 3.627310
0.560 0.269370
0.570 5.592708
0.580 3.867530
0.590 5.066475
0.600 6.439392
0.610 2.521140
0.620 2.722234
0.630 2.208693
0.640 6.376666
0.650 3.650773
0.660 5.572588
0.670 2.188100
0.680 2.384517
0.690 4.633140
0.700 4.695304
0.710 3.070882
0.720 4.191388
0.730 0.095436
0.740 4.149967
0.750 7.129506
0.760 7.095779
0.770 4.300161
0.780 3.685633
0.790 2.638065
0.800 5.059210
0.810 5.883121
0.820 4.086014
0.830 6.299301
0.840 0.563658
0.850 3.437821
0.860 3.353121
0.870 0.603121
0.880 1.863610
0.890 6.634120
0.900 5.689782
0.910 5.946955
0.920 5.712550
0.930 3.213880
0.940 3.468307
0.950 4.261980
0.960 2.704580
0.970 3.579762
0.980 2.498864
0.990 3.662099
