0.000 3.617037
0.010 6.221025
0.020 7.684360
0.030 5.834284
0.040 2.346966
0.050 0.369517
0.060 4.359865
0.070 0.121936
0.080 5.719818
0.090 8.249344
0.100 2.017105
0.110 1.778250
0.120 8.199936
0.130 6.283053
0.140 1.052409
0.150 6.980408
0.160 2.508617
0.170 1.742469
0.180 1.169313
0.190 0.721394
0.200 3.787402
0.210 1.814818
0.220 2.903612
0.230 1.934722
0.240 1.967034
0.250 6.759421
0.260 0.157824
0.270 1.808588
0.280 4.935027
0.290 8.255827
0.300 1.488963
0.310 8.172126
0.320 3.737350
0.330 5.789256
0.340 8.236626
0.350 7.526281
0.360 2.046057
0.370 4.947303
0.380 5.893689
0.390 2.576120
0.400 0.557551
0.410 4.196845
0.420 6.731221
0.430 5.791065
0.440 0.250957
0.450 3.124613
0.460 5.312890
0.470 5.921846
0.480 4.707209
0.490 2.898666
0.500 1.947783
0.510 6.553525
0.520 7.386786
0.530 5.900666
0.540 0.401095
0.550 4.130027
0.560 5.580039
0.570 7.639822
0.580 3.715179
0.590 5.346708
0.600 2.824055
0.610 2.730150
0.620 2.588169
0.630 7.298399
0.640 2.174852
0.650 6.497532
0.660 6.018372
0.670 7.108254
0.680 4.330317
0.690 8.706564
0.700 4.817178
0.710 6.428514
0.720 3.872619
0.730 7.068304
0.740 6.273186
0.750 5.300904
0.760 6.068829
0.770 2.727868
0.780 3.739838
0.790 8.204814
0.800 3.257142
0.810 7.907774
0.820 6.311428
0.830 8.156549
0.840 3.831518
0.850 6.360102
0.860 5.661448
0.870 3.752516
0.880 7.781905
0.890 0.674728
0.900 0.687423
0.910 8.750178
0.920 3.101850
0.930 3.103930
0.940 4.721910
0.950 6.805270
0.960 5.995010
0.970 1.399008
0.980 6.708102
0.990 1.723160
