0.000 -0.732930
0.010 0.288572
0.020 -0.731144
0.030 0.407877
0.040 -0.123229
0.050 3.408565
0.060 -0.919835
0.070 0.091434
0.080 3.878507
0.090 -0.564267
0.100 0.187817
0.110 -1.544730
0.120 -0.426474
0.130 0.386166
0.140 -1.137936
0.150 -0.335247
0.160 1.924958
0.170 -0.905055
0.180 -0.439462
0.190 1.352652
0.200 4.095832
0.210 2.085549
0.220 3.113086
0.230 -0.155892
0.240 0.985701
0.250 1.102426
0.260 -0.780270
0.270 0.111633
0.280 0.285832
0.290 0.233817
0.300 -0.240969
0.310 -2.024579
0.320 1.767520
0.330 -2.208324
0.340 0.477351
0.350 -1.660122
0.360 0.788560
0.370 -2.149527
0.380 1.711140
0.390 0.735615
0.400 2.153554
0.410 -0.881764
0.420 1.879110
0.430 -0.426395
0.440 3.052159
0.450 -1.870824
0.460 -0.774938
0.470 2.448915
0.480 0.972961
0.490 1.335953
0.500 -2.521633
0.510 -3.203731
0.520 -1.865920
0.530 1.182714
0.540 -0.735831
0.550 -5.515764
0.560 1.353937
0.570 1.990834
0.580 0.074411
0.590 2.512971
0.600 1.976073
0.610 -3.014455
0.620 2.187426
0.630 1.461394
0.640 1.251078
0.650 1.808656
0.660 3.211723
0.670 -1.574176
0.680 -0.127146
0.690 1.350902
0.700 -1.066544
0.710 1.830655
0.720 -2.641752
0.730 -0.686991
0.740 -2.024056
0.750 0.833681
0.760 1.302237
0.770 -1.533318
0.780 0.722886
0.790 2.293605
0.800 -1.348797
0.810 -2.593358
0.820 1.133265
0.830 -1.166845
0.840 -0.385996
0.850 1.399158
0.860 0.709862
0.870 0.954175
0.880 -2.535965
0.890 -2.518481
0.900 2.890946
0.910 -4.305475
0.920 0.507936
0.930 -0.057309
0.940 0.066428
0.950 -0.186686
0.960 0.063729
0.970 0.584041
0.980 2.488870
0.990 2.427698
