0.000 1.081830
0.010 2.282021
0.020 1.770093
0.030 1.785016
0.040 3.463390
0.050 1.707784
0.060 3.775585
0.070 2.240903
0.080 0.113322
0.090 2.972497
0.100 0.882009
0.110 0.348427
0.120 0.893525
0.130 3.529480
0.140 3.644838
0.150 2.521791
0.160 2.754366
0.170 3.610318
0.180 0.366052
0.190 3.311494
0.200 0.407000
0.210 1.027697
0.220 3.221261
0.230 3.588805
0.240 3.554867
0.250 0.504895
0.260 3.828022
0.270 0.737267
0.280 0.001708
0.290 0.270835
0.300 2.238896
0.310 1.049419
0.320 2.293411
0.330 3.062318
0.340 1.700475
0.350 3.658234
0.360 3.541014
0.370 1.192291
0.380 0.811345
0.390 1.494726
0.400 0.459314
0.410 2.978404
0.420 1.808443
0.430 0.302494
0.440 0.772999
0.450 3.642052
0.460 2.783166
0.470 1.411666
0.480 1.005249
0.490 0.469217
0.500 2.307107
0.510 1.339407
0.520 1.161586
0.530 0.482039
0.540 0.726834
0.550 3.654084
0.560 1.815732
0.570 3.344146
0.580 2.794840
0.590 3.092406
0.600 1.650315
0.610 0.312231
0.620 1.499632
0.630 0.754464
0.640 2.946441
0.650 0.054262
0.660 3.353682
0.670 1.870675
0.680 0.806854
0.690 1.846560
0.700 0.137939
0.710 2.493375
0.720 2.479476
0.730 0.902519
0.740 2.078663
0.750 1.301904
0.760 0.896989
0.770 0.335372
0.780 3.251203
0.790 3.730975
0.800 0.893236
0.810 2.013265
0.820 1.189601
0.830 1.865081
0.840 3.563489
0.850 2.077249
0.860 3.429088
0.870 1.436120
0.880 3.594668
0.890 1.241563
0.900 0.557720
0.910 3.583309
0.920 2.794332
0.930 1.671258
0.940 3.187684
0.950 3.540992
0.960 3.567090
0.970 1.272318
0.980 3.141166
0.990 2.429160
