0.000 -1.054692
0.010 3.154491
0.020 -1.525521
0.030 -0.065907
0.040 2.765705
0.050 3.325630
0.060 2.470458
0.070 -1.723275
0.080 -0.166985
0.090 2.545100
0.100 0.238064
0.110 -0.542669
0.120 0.935871
0.130 -1.143169
0.140 1.280071
0.150 0.217115
0.160 2.062920
0.170 1.997677
0.180 2.813482
0.190 -0.379464
0.200 0.926583
0.210 -0.653631
0.220 2.292158
0.230 -0.824844
0.240 3.621254
0.250 1.664690
0.260 -2.433749
0.270 -2.209746
0.280 -1.643482
0.290 -1.284904
0.300 2.195637
0.310 -0.886960
0.320 0.500132
0.330 0.915692
0.340 0.022927
0.350 -0.305342
0.360 1.864355
0.370 0.760541
0.380 1.035645
0.390 0.984736
0.400 -3.631578
0.410 0.363166
0.420 0.170948
0.430 0.480725
0.440 1.636218
0.450 -3.000448
0.460 3.978526
0.470 0.456126
0.480 -0.000275
0.490 2.876954
0.500 -1.142620
0.510 0.909062
0.520 0.764445
0.530 -0.130880
0.540 -1.439687
0.550 -3.069865
0.560 -0.635778
0.570 -0.011744
0.580 0.223823
0.590 0.632729
0.600 0.173843
0.610 0.795284
0.620 -1.975750
0.630 -0.413099
0.640 -3.792839
0.650 -0.251158
0.660 -0.020903
0.670 3.114194
0.680 -2.165202
0.690 -0.434487
0.700 2.265126
0.710 1.809685
0.720 0.944871
0.730 -2.620012
0.740 2.406551
0.750 1.001525
0.760 0.685733
0.770 2.105475
0.780 0.159501
0.790 -1.706392
0.800 -3.544672
0.810 0.617508
0.820 -0.288702
0.830 -1.025351
0.840 -2.167657
0.850 0.270741
0.860 0.290795
0.870 -3.074229
0.880 0.634455
0.890 -0.614205
0.900 0.501074
0.910 -2.383154
0.920 0.770169
0.930 0.198119
0.940 2.002645
0.950 -0.079532
0.960 -2.014826
0.970 1.466743
0.980 0.092711
0.990 0.513486
