0.000 0.651424
0.010 1.564477
0.020 0.761430
0.030 0.574063
0.040 0.777031
0.050 1.485607
0.060 1.080868
0.070 0.248721
0.080 1.366380
0.090 1.195485
0.100 1.485509
0.110 0.403926
0.120 0.118604
0.130 0.987130
0.140 0.598054
0.150 0.584492
0.160 1.242793
0.170 0.757405
0.180 1.349798
0.190 1.553076
0.200 0.377759
0.210 1.043765
0.220 0.359306
0.230 1.187553
0.240 0.387674
0.250 0.900273
0.260 0.596554
0.270 0.240443
0.280 0.482079
0.290 1.105724
0.300 0.673348
0.310 0.539464
0.320 0.123678
0.330 1.279355
0.340 0.775578
0.350 1.499229
0.360 0.076489
0.370 0.782369
0.380 0.421052
0.390 1.136330
0.400 1.070422
0.410 0.477147
0.420 0.927612
0.430 0.955192
0.440 0.248284
0.450 0.998860
0.460 0.870992
0.470 1.429352
0.480 0.323092
0.490 0.450255
0.500 0.982114
0.510 1.269420
0.520 0.303079
0.530 1.517550
0.540 1.519224
0.550 0.750800
0.560 0.402587
0.570 0.842928
0.580 0.698318
0.590 1.125519
0.600 1.488578
0.610 1.161794
0.620 0.076691
0.630 0.533827
0.640 1.097222
0.650 0.816297
0.660 1.549905
0.670 0.989523
0.680 0.569747
0.690 1.020497
0.700 0.342703
0.710 1.102935
0.720 1.162342
0.730 0.448256
0.740 1.202786
0.750 1.210509
0.760 0.968238
0.770 1.213775
0.780 0.350843
0.790 0.700982
0.800 0.919568
0.810 0.022178
0.820 0.234595
0.830 0.823915
0.840 0.277063
0.850 1.563364
0.860 0.468519
0.870 0.406932
0.880 0.919400
0.890 1.113646
0.900 0.175099
0.910 0.136806
0.920 1.041563
0.930 0.613829
0.940 1.505805
0.950 1.541929
0.960 0.573300
0.970 0.549070
0.980 0.555834
0.990 1.324166
