0.000 1.500388
0.010 6.468312
0.020 6.637309
0.030 3.046296
0.040 7.010955
0.050 6.414924
0.060 0.610305
0.070 2.075790
0.080 1.878813
0.090 2.032052
0.100 0.946341
0.110 2.635238
0.120 5.214692
0.130 2.438805
0.140 1.381682
0.150 6.732721
0.160 2.269226
0.170 7.414999
0.180 2.451644
0.190 2.440888
0.200 1.436304
0.210 5.472152
0.220 5.678966
0.230 1.243925
0.240 1.094356
0.250 2.985545
0.260 2.752354
0.270 4.105138
0.280 3.409275
0.290 2.918312
0.300 6.174766
0.310 0.910843
0.320 6.319840
0.330 0.177870
0.340 2.602457
0.350 8.076008
0.360 2.754219
0.370 3.510894
0.380 6.762641
0.390 5.446109
0.400 0.034417
0.410 7.108894
0.420 7.605509
0.430 7.865009
0.440 2.664382
0.450 2.826079
0.460 7.975865
0.470 6.055398
0.480 7.551755
0.490 1.733930
0.500 5.379081
0.510 2.653564
0.520 1.736197
0.530 1.872310
0.540 2.630680
0.550 3.363556
0.560 4.989633
0.570 6.693008
0.580 5.370142
0.590 4.928669
0.600 2.025897
0.610 1.845497
0.620 4.545864
0.630 2.353780
0.640 4.937237
0.650 2.552979
0.660 6.662805
0.670 0.132082
0.680 7.456541
0.690 5.370764
0.700 6.032477
0.710 0.102636
0.720 5.063070
0.730 0.188266
0.740 3.206111
0.750 5.396206
0.760 2.135502
0.770 3.130996
0.780 1.148361
0.790 1.366118
0.800 4.958714
0.810 2.689836
0.820 3.540804
0.830 2.800835
0.840 5.240933
0.850 0.289895
0.860 7.940413
0.870 6.455057
0.880 3.177772
0.890 1.767525
0.900 6.418643
0.910 2.374494
0.920 5.904696
0.930 6.880892
0.940 0.115342
0.950 1.321338
0.960 6.772438
0.970 2.039275
0.980 5.783112
0.990 2.777879
