0.000 8.603317
0.010 6.907468
0.020 4.702836
0.030 2.383866
0.040 3.726182
0.050 9.078835
0.060 1.080702
0.070 0.954370
0.080 3.234307
0.090 4.262231
0.100 8.118071
0.110 2.323113
0.120 3.629500
0.130 9.337089
0.140 1.407647
0.150 1.011036
0.160 6.096904
0.170 0.759611
0.180 3.448254
0.190 3.510865
0.200 6.801949
0.210 0.115893
0.220 2.743961
0.230 6.643481
0.240 3.565496
0.250 8.525694
0.260 9.109613
0.270 5.919354
0.280 8.425807
0.290 6.469581
0.300 7.228205
0.310 0.908240
0.320 6.935963
0.330 8.499209
0.340 8.721517
0.350 4.268019
0.360 8.598396
0.370 3.570373
0.380 1.361076
0.390 4.725948
0.400 1.400379
0.410 0.173816
0.420 7.456146
0.430 5.440085
0.440 6.217236
0.450 4.794798
0.460 0.679699
0.470 1.013578
0.480 8.293290
0.490 6.063374
0.500 0.329798
0.510 1.632128
0.520 7.487800
0.530 3.866394
0.540 3.844973
0.550 6.552769
0.560 4.293826
0.570 8.851076
0.580 9.359750
0.590 6.239293
0.600 2.414551
0.610 3.491659
0.620 1.994930
0.630 5.110204
0.640 3.751182
0.650 4.736183
0.660 3.254927
0.670 3.642018
0.680 3.868676
0.690 7.917830
0.700 4.106819
0.710 4.940627
0.720 4.573298
0.730 8.318972
0.740 4.440383
0.750 4.429561
0.760 7.527769
0.770 7.946554
0.780 8.337317
0.790 2.900024
0.800 2.445041
0.810 1.916605
0.820 3.437354
0.830 1.827866
0.840 8.205390
0.850 1.504191
0.860 5.095598
0.870 7.734704
0.880 6.314046
0.890 1.290768
0.900 2.300127
0.910 4.477122
0.920 7.103818
0.930 8.530017
0.940 3.668185
0.950 5.043176
0.960 3.540163
0.970 0.313094
0.980 5.321117
0.990 4.516642
