0.000 0.862922
0.010 0.482829
0.020 0.064809
0.030 1.222624
0.040 1.027409
0.050 0.552022
0.060 0.043316
0.070 1.102214
0.080 1.039836
0.090 0.391870
0.100 0.680415
0.110 0.208603
0.120 1.101584
0.130 0.173641
0.140 0.517651
0.150 0.860566
0.160 0.159781
0.170 1.150746
0.180 1.067399
0.190 0.754680
0.200 0.361564
0.210 0.111028
0.220 0.924852
0.230 1.231189
0.240 0.442056
0.250 1.261243
0.260 1.147072
0.270 0.111225
0.280 0.506831
0.290 1.279413
0.300 0.639897
0.310 1.004268
0.320 0.978901
0.330 0.413771
0.340 1.077548
0.350 0.583365
0.360 0.376057
0.370 0.549178
0.380 1.147731
0.390 0.446592
0.400 0.616932
0.410 0.743279
0.420 0.202940
0.430 0.313020
0.440 0.280610
0.450 1.163072
0.460 0.228996
0.470 0.514779
0.480 1.291049
0.490 1.192513
0.500 0.473349
0.510 0.392383
0.520 0.546690
0.530 0.403294
0.540 0.424598
0.550 0.096888
0.560 0.523121
0.570 0.049832
0.580 0.320585
0.590 0.100330
0.600 0.110712
0.610 0.482614
0.620 0.952287
0.630 1.079742
0.640 1.084419
0.650 0.552409
0.660 0.866192
0.670 0.820166
0.680 0.914469
0.690 0.074576
0.700 0.631582
0.710 1.199361
0.720 0.966819
0.730 0.460849
0.740 0.255210
0.750 1.243121
0.760 0.952457
0.770 1.153848
0.780 1.165469
0.790 1.024778
0.800 0.441482
0.810 1.010351
0.820 0.471166
0.830 0.320996
0.840 0.738853
0.850 0.968271
0.860 0.804785
0.870 0.290568
0.880 0.094036
0.890 0.016591
0.900 0.905868
0.910 1.127170
0.920 0.195179
0.930 1.065850
0.940 0.294591
0.950 0.018290
0.960 0.254836
0.970 1.164164
0.980 0.398732
0.990 0.701156
