0.000 0.086974
0.010 0.144975
0.020 0.019405
0.030 0.460750
0.040 0.452804
0.050 0.479114
0.060 0.382878
0.070 0.017803
0.080 0.315843
0.090 0.496264
0.100 0.249886
0.110 0.006430
0.120 0.199933
0.130 0.162980
0.140 0.120866
0.150 0.416373
0.160 0.360080
0.170 0.220655
0.180 0.112081
0.190 0.306742
0.200 0.451101
0.210 0.343715
0.220 0.408579
0.230 0.134672
0.240 0.395188
0.250 0.298734
0.260 0.353909
0.270 0.441547
0.280 0.167335
0.290 0.126978
0.300 0.380319
0.310 0.132482
0.320 0.266448
0.330 0.106324
0.340 0.196049
0.350 0.414755
0.360 0.069055
0.370 0.260151
0.380 0.218752
0.390 0.463886
0.400 0.033454
0.410 0.456072
0.420 0.007534
0.430 0.376226
0.440 0.094647
0.450 0.481304
0.460 0.233976
0.470 0.313173
0.480 0.127581
0.490 0.470360
0.500 0.122280
0.510 0.430996
0.520 0.395014
0.530 0.319173
0.540 0.188368
0.550 0.349024
0.560 0.411559
0.570 0.010576
0.580 0.048065
0.590 0.258505
0.600 0.190659
0.610 0.346150
0.620 0.057347
0.630 0.102181
0.640 0.007425
0.650 0.451505
0.660 0.169706
0.670 0.106071
0.680 0.011269
0.690 0.378931
0.700 0.142387
0.710 0.460689
0.720 0.436644
0.730 0.090215
0.740 0.159012
0.750 0.180391
0.760 0.182320
0.770 0.196032
0.780 0.122143
0.790 0.419191
0.800 0.215649
0.810 0.256850
0.820 0.330253
0.830 0.216452
0.840 0.429870
0.850 0.220696
0.860 0.234428
0.870 0.166213
0.880 0.083513
0.890 0.002145
0.900 0.490733
0.910 0.351102
0.920 0.023855
0.930 0.411619
0.940 0.306133
0.950 0.049217
0.960 0.427434
0.970 0.263461
0.980 0.307226
0.990 0.002131
