0.000 4.881970
0.010 1.516213
0.020 1.223672
0.030 4.995720
0.040 5.689743
0.050 1.527960
0.060 1.979774
0.070 2.368342
0.080 5.605261
0.090 5.052491
0.100 0.849206
0.110 2.562497
0.120 3.328092
0.130 0.574027
0.140 4.425738
0.150 5.356769
0.160 3.759872
0.170 1.228601
0.180 4.058893
0.190 2.127779
0.200 0.340460
0.210 5.415488
0.220 4.689070
0.230 3.752175
0.240 2.295274
0.250 2.551548
0.260 3.154110
0.270 3.275508
0.280 2.610242
0.290 5.477077
0.300 5.694704
0.310 3.894042
0.320 0.776219
0.330 4.290299
0.340 5.424376
0.350 4.292872
0.360 1.966995
0.370 3.935352
0.380 0.085187
0.390 4.826913
0.400 4.710056
0.410 0.430127
0.420 4.170373
0.430 5.204789
0.440 2.730521
0.450 4.529518
0.460 3.508049
0.470 5.320043
0.480 3.572398
0.490 2.142675
0.500 5.769475
0.510 2.758976
0.520 4.479232
0.530 5.204892
0.540 2.716155
0.550 1.146586
0.560 0.329245
0.570 2.492496
0.580 1.191423
0.590 1.099353
0.600 3.681791
0.610 1.207814
0.620 1.803173
0.630 1.487168
0.640 1.435950
0.650 2.498500
0.660 4.300625
0.670 4.565406
0.680 4.624460
0.690 3.999139
0.700 2.390978
0.710 2.666389
0.720 5.271835
0.730 2.538904
0.740 2.279569
0.750 1.583061
0.760 1.220020
0.770 3.277409
0.780 2.325663
0.790 1.083155
0.800 1.379602
0.810 1.577364
0.820 0.358091
0.830 4.965092
0.840 3.317953
0.850 1.120132
0.860 4.406172
0.870 2.850738
0.880 0.572087
0.890 2.097411
0.900 0.549535
0.910 0.763070
0.920 2.232596
0.930 2.614668
0.940 3.042556
0.950 4.074777
0.960 3.541827
0.970 5.435455
0.980 5.384645
0.990 1.145046
