0.000 3.383918
0.010 -2.194326
0.020 2.536525
0.030 -0.649200
0.040 0.918767
0.050 -0.087067
0.060 -1.282106
0.070 0.758180
0.080 -2.329535
0.090 1.643439
0.100 0.992782
0.110 -0.125270
0.120 0.695129
0.130 1.733847
0.140 -0.304418
0.150 0.484458
0.160 0.267316
0.170 -1.246854
0.180 0.453551
0.190 -0.856251
0.200 1.288169
0.210 -1.054507
0.220 2.091710
0.230 1.264295
0.240 -0.644957
0.250 0.071258
0.260 -1.247206
0.270 4.088959
0.280 -1.042742
0.290 -0.512568
0.300 4.005348
0.310 1.209027
0.320 -0.236906
0.330 1.091101
0.340 -1.440908
0.350 4.986919
0.360 -0.071389
0.370 1.671600
0.380 -0.511332
0.390 -0.178228
0.400 -0.444623
0.410 1.576840
0.420 2.802862
0.430 -1.089586
0.440 2.064306
0.450 1.345231
0.460 -1.102173
0.470 1.709746
0.480 -1.934831
0.490 2.364775
0.500 -1.173625
0.510 1.439695
0.520 -3.291711
0.530 -0.071992
0.540 -0.972076
0.550 -0.325507
0.560 0.111848
0.570 -0.860339
0.580 0.871335
0.590 4.592367
0.600 0.167394
0.610 -1.036093
0.620 1.617359
0.630 1.297146
0.640 -0.100562
0.650 1.013269
0.660 -0.003865
0.670 -0.314491
0.680 -2.767947
0.690 2.268831
0.700 -0.331602
0.710 -1.221246
0.720 -1.887355
0.730 0.669796
0.740 0.467086
0.750 -1.039664
0.760 0.168640
0.770 -0.393926
0.780 -0.550772
0.790 1.363810
0.800 -1.732580
0.810 -0.652423
0.820 -1.700214
0.830 0.573995
0.840 -0.222916
0.850 1.852573
0.860 -0.229574
0.870 -0.581695
0.880 -1.958797
0.890 -0.081929
0.900 -1.302089
0.910 0.177978
0.920 1.752953
0.930 -1.528790
0.940 -1.182764
0.950 0.835184
0.960 1.385735
0.970 -1.991413
0.980 -2.801762
0.990 -2.743035
