0.000 8.371388
0.010 3.873315
0.020 2.561874
0.030 4.887810
0.040 3.251113
0.050 8.029456
0.060 7.367389
0.070 3.878626
0.080 7.560903
0.090 2.528490
0.100 6.442592
0.110 8.790590
0.120 9.507637
0.130 0.183227
0.140 7.946589
0.150 6.283861
0.160 7.142341
0.170 3.043853
0.180 8.470241
0.190 4.644132
0.200 3.451142
0.210 7.327509
0.220 6.559612
0.230 0.300545
0.240 1.506179
0.250 0.624912
0.260 0.409605
0.270 4.564158
0.280 5.445510
0.290 0.219464
0.300 6.528758
0.310 0.863871
0.320 6.212742
0.330 2.799573
0.340 4.033909
0.350 7.127006
0.360 5.112115
0.370 5.109508
0.380 1.928190
0.390 3.621043
0.400 1.877274
0.410 5.291488
0.420 1.858182
0.430 3.157558
0.440 2.239441
0.450 2.677963
0.460 3.237240
0.470 0.897968
0.480 2.462965
0.490 4.370398
0.500 0.677693
0.510 8.430565
0.520 3.004210
0.530 0.051736
0.540 3.812128
0.550 1.035074
0.560 5.504877
0.570 5.692933
0.580 3.483651
0.590 5.404870
0.600 0.071380
0.610 5.689117
0.620 0.559732
0.630 5.952047
0.640 3.284198
0.650 5.300814
0.660 1.342213
0.670 9.008715
0.680 0.951521
0.690 3.447773
0.700 3.886578
0.710 1.701728
0.720 6.434775
0.730 8.790828
0.740 9.508304
0.750 2.613233
0.760 6.301659
0.770 8.728806
0.780 5.851793
0.790 4.297988
0.800 0.050040
0.810 9.132887
0.820 2.774980
0.830 7.965523
0.840 1.508865
0.850 5.944643
0.860 1.605251
0.870 9.748573
0.880 0.867591
0.890 9.182063
0.900 6.094541
0.910 0.003727
0.920 4.771560
0.930 4.582866
0.940 1.362501
0.950 9.172562
0.960 7.007160
0.970 7.161288
0.980 2.292029
0.990 7.829430
