0.000 1.668464
0.010 2.565659
0.020 1.444389
0.030 1.283987
0.040 1.943408
0.050 3.542845
0.060 3.032853
0.070 1.258127
0.080 3.040238
0.090 3.268294
0.100 2.321235
0.110 2.717697
0.120 0.285400
0.130 1.265308
0.140 0.506265
0.150 2.252087
0.160 0.278697
0.170 2.848040
0.180 2.310189
0.190 2.237067
0.200 1.529032
0.210 3.484794
0.220 2.658798
0.230 0.015360
0.240 1.274438
0.250 1.491500
0.260 0.551469
0.270 1.276588
0.280 0.396038
0.290 1.273930
0.300 0.959952
0.310 0.704411
0.320 2.494843
0.330 0.405910
0.340 2.867988
0.350 2.851110
0.360 0.522822
0.370 3.556840
0.380 2.618428
0.390 0.982093
0.400 3.625591
0.410 0.178033
0.420 1.130513
0.430 1.655029
0.440 1.777295
0.450 0.416927
0.460 3.298114
0.470 0.164431
0.480 1.402923
0.490 2.118402
0.500 2.542780
0.510 2.492583
0.520 1.199897
0.530 0.053980
0.540 2.676100
0.550 3.556752
0.560 2.809277
0.570 0.370375
0.580 2.749124
0.590 0.885767
0.600 0.383574
0.610 1.808303
0.620 2.500208
0.630 2.010520
0.640 1.698481
0.650 0.306980
0.660 1.488954
0.670 3.487477
0.680 1.972918
0.690 1.576714
0.700 0.522064
0.710 1.985851
0.720 0.070779
0.730 2.889915
0.740 3.349143
0.750 2.709916
0.760 1.554879
0.770 0.066963
0.780 0.302949
0.790 2.340026
0.800 3.726826
0.810 3.635789
0.820 0.418448
0.830 1.750609
0.840 2.455815
0.850 2.757469
0.860 1.197732
0.870 2.309307
0.880 0.756603
0.890 2.693809
0.900 1.893061
0.910 2.272776
0.920 0.686259
0.930 0.472118
0.940 3.220921
0.950 3.374812
0.960 0.463162
0.970 2.597817
0.980 0.282754
0.990 0.927590
