0.000 0.152500
0.010 -1.977204
0.020 2.259158
0.030 2.218874
0.040 0.584869
0.050 0.853059
0.060 0.346178
0.070 4.693656
0.080 0.296545
0.090 0.984501
0.100 -3.408410
0.110 1.623752
0.120 -1.048230
0.130 0.890491
0.140 1.142137
0.150 -1.996418
0.160 1.016979
0.170 0.349330
0.180 -2.460740
0.190 -0.389337
0.200 -0.945893
0.210 -0.312354
0.220 0.955107
0.230 -0.969228
0.240 -0.862333
0.250 -1.312796
0.260 2.613989
0.270 1.904065
0.280 2.381226
0.290 -1.630692
0.300 0.112191
0.310 0.395370
0.320 -1.775944
0.330 1.826521
0.340 2.333030
0.350 -2.098886
0.360 2.553106
0.370 -0.551988
0.380 1.353360
0.390 -0.836704
0.400 -0.468318
0.410 -1.075422
0.420 0.291228
0.430 2.198934
0.440 0.824042
0.450 2.292521
0.460 0.507279
0.470 2.194090
0.480 0.171076
0.490 -0.014439
0.500 -2.608420
0.510 -0.206612
0.520 -2.566337
0.530 -1.663194
0.540 0.915421
0.550 -0.324546
0.560 -0.030314
0.570 -0.603839
0.580 2.686804
0.590 0.470329
0.600 -1.344704
0.610 -1.767456
0.620 0.383168
0.630 -2.918559
0.640 -2.839962
0.650 -2.235463
0.660 -0.265271
0.670 -0.505091
0.680 0.779234
0.690 -1.360285
0.700 1.778129
0.710 0.249327
0.720 -0.515952
0.730 3.847609
0.740 0.473817
0.750 3.338076
0.760 0.284231
0.770 2.007913
0.780 4.422811
0.790 -0.914860
0.800 -2.334959
0.810 -0.615145
0.820 -3.461890
0.830 -0.039037
0.840 0.613426
0.850 3.965402
0.860 -0.679573
0.870 -1.047101
0.880 -1.597728
0.890 0.038002
0.900 -0.221085
0.910 -0.156831
0.920 -1.028964
0.930 -1.473113
0.940 -3.368164
0.950 -1.383379
0.960 2.604561
0.970 1.127288
0.980 2.222553
0.990 -3.742429
