0.000 -1.664419
0.010 0.028392
0.020 -2.414976
0.030 0.043119
0.040 0.161476
0.050 -0.070011
0.060 -0.089311
0.070 -0.695223
0.080 1.275935
0.090 1.473094
0.100 -1.602671
0.110 2.283608
0.120 -0.338768
0.130 0.277465
0.140 2.386089
0.150 -2.393229
0.160 -1.309012
0.170 1.509710
0.180 0.684489
0.190 1.369179
0.200 1.414100
0.210 -1.299958
0.220 -0.324012
0.230 1.107376
0.240 1.726102
0.250 -0.354612
0.260 -0.964782
0.270 -1.184056
0.280 0.677904
0.290 -1.449184
0.300 0.318278
0.310 1.779106
0.320 1.817832
0.330 -0.551741
0.340 0.992312
0.350 0.364793
0.360 1.770049
0.370 -0.959810
0.380 1.358060
0.390 2.651903
0.400 -0.224776
0.410 -2.403231
0.420 0.304202
0.430 -1.912770
0.440 0.691459
0.450 0.194514
0.460 0.597572
0.470 0.749392
0.480 -1.846309
0.490 0.856333
0.500 3.160426
0.510 0.580864
0.520 -0.485977
0.530 2.184925
0.540 0.739223
0.550 0.926031
0.560 1.184064
0.570 1.980643
0.580 -0.528441
0.590 -3.114248
0.600 -1.692287
0.610 -3.297184
0.620 -0.194401
0.630 0.218464
0.640 3.405785
0.650 1.876961
0.660 -1.247858
0.670 2.477348
0.680 -2.477121
0.690 0.197728
0.700 -0.170889
0.710 0.694555
0.720 -0.111738
0.730 1.515545
0.740 -0.321653
0.750 0.830640
0.760 2.540001
0.770 1.219515
0.780 0.015888
0.790 0.590406
0.800 1.298140
0.810 -0.359013
0.820 -0.917930
0.830 -0.479499
0.840 -0.259311
0.850 -0.914010
0.860 0.857416
0.870 0.917614
0.880 -2.202373
0.890 1.760071
0.900 -0.816718
0.910 1.075173
0.920 -1.040205
0.930 -0.097444
0.940 2.255368
0.950 1.065321
0.960 -1.833618
0.970 -1.318326
0.980 1.877685
0.990 0.497637
