0.000 1.613766
0.010 8.575474
0.020 2.280349
0.030 0.869026
0.040 3.306320
0.050 3.783604
0.060 8.886008
0.070 5.624621
0.080 5.995081
0.090 5.559333
0.100 4.167016
0.110 7.886373
0.120 5.195669
0.130 1.519070
0.140 5.439603
0.150 7.392210
0.160 1.755414
0.170 2.197523
0.180 3.699274
0.190 5.329330
0.200 0.357742
0.210 0.293598
0.220 3.504250
0.230 6.359501
0.240 5.213158
0.250 3.671740
0.260 0.226387
0.270 5.883055
0.280 5.706200
0.290 5.750405
0.300 3.830907
0.310 6.196587
0.320 3.365833
0.330 0.072795
0.340 1.355769
0.350 1.558433
0.360 4.278507
0.370 1.981264
0.380 1.239367
0.390 6.421202
0.400 3.633333
0.410 8.978090
0.420 5.056096
0.430 2.739605
0.440 2.471110
0.450 6.640569
0.460 8.053188
0.470 7.510481
0.480 0.772124
0.490 5.854289
0.500 1.836747
0.510 1.192009
0.520 4.115011
0.530 6.816131
0.540 3.371004
0.550 4.461961
0.560 7.785086
0.570 4.938811
0.580 6.633863
0.590 1.468254
0.600 3.876312
0.610 6.116313
0.620 2.683024
0.630 8.826066
0.640 6.412995
0.650 4.234342
0.660 8.641213
0.670 1.322189
0.680 3.663471
0.690 3.331426
0.700 6.791835
0.710 6.051581
0.720 1.113311
0.730 2.066125
0.740 1.544033
0.750 2.799823
0.760 2.050145
0.770 2.586331
0.780 2.547958
0.790 8.261928
0.800 0.436466
0.810 1.318992
0.820 3.517970
0.830 4.720483
0.840 4.825495
0.850 2.491393
0.860 6.986713
0.870 1.822627
0.880 6.505024
0.890 6.365802
0.900 4.055459
0.910 5.841540
0.920 2.397210
0.930 8.138746
0.940 8.968129
0.950 0.179441
0.960 1.626462
0.970 3.092587
0.980 4.186023
0.990 7.651140
