0.000 4.273745
0.010 5.013915
0.020 1.791314
0.030 3.583053
0.040 6.142973
0.050 2.982346
0.060 3.952802
0.070 5.561159
0.080 4.329544
0.090 5.575750
0.100 1.257043
0.110 0.942211
0.120 5.286586
0.130 3.661737
0.140 1.381535
0.150 3.828676
0.160 7.983444
0.170 8.209589
0.180 2.089099
0.190 8.222588
0.200 3.874728
0.210 0.354644
0.220 3.030592
0.230 5.602358
0.240 1.114140
0.250 7.563459
0.260 5.636070
0.270 2.563834
0.280 5.134262
0.290 5.768433
0.300 7.932672
0.310 1.104359
0.320 6.903994
0.330 7.839358
0.340 1.303901
0.350 7.683923
0.360 6.683477
0.370 6.548896
0.380 2.060498
0.390 6.735007
0.400 3.967981
0.410 4.197073
0.420 1.261968
0.430 6.389467
0.440 3.300610
0.450 1.008410
0.460 8.449114
0.470 5.173825
0.480 8.092575
0.490 6.708959
0.500 7.646598
0.510 7.677508
0.520 0.427204
0.530 5.503571
0.540 0.856138
0.550 0.457912
0.560 6.247116
0.570 2.477709
0.580 5.231684
0.590 7.743965
0.600 0.124075
0.610 2.474148
0.620 3.012486
0.630 4.207356
0.640 0.909796
0.650 2.036947
0.660 4.115065
0.670 2.804470
0.680 3.659070
0.690 2.155571
0.700 1.763369
0.710 2.249390
0.720 5.278561
0.730 4.748865
0.740 0.196374
0.750 7.346771
0.760 3.104878
0.770 7.639562
0.780 0.226981
0.790 5.429303
0.800 2.070050
0.810 4.615866
0.820 7.098362
0.830 8.582595
0.840 3.100209
0.850 6.816013
0.860 1.756726
0.870 2.074268
0.880 4.276684
0.890 5.607702
0.900 7.299116
0.910 7.294219
0.920 2.070685
0.930 1.915722
0.940 1.014663
0.950 3.840929
0.960 3.986503
0.970 6.570226
0.980 0.223697
0.990 5.663328
