0.000 1.067819
0.010 5.526953
0.020 2.778908
0.030 3.725535
0.040 1.206721
0.050 1.841717
0.060 1.319677
0.070 2.564652
0.080 5.531647
0.090 0.363423
0.100 3.129087
0.110 5.052294
0.120 0.931793
0.130 2.347623
0.140 3.665176
0.150 3.294119
0.160 3.881781
0.170 4.084695
0.180 2.450005
0.190 0.357813
0.200 3.478408
0.210 0.053006
0.220 3.143968
0.230 5.204685
0.240 2.568502
0.250 3.324210
0.260 1.108597
0.270 1.720983
0.280 5.838123
0.290 4.703987
0.300 3.422444
0.310 0.185661
0.320 0.256324
0.330 2.647567
0.340 1.020802
0.350 1.064983
0.360 6.009539
0.370 4.664221
0.380 3.659736
0.390 0.266860
0.400 0.508578
0.410 0.449793
0.420 4.523968
0.430 1.609233
0.440 2.282256
0.450 2.656639
0.460 1.322038
0.470 4.474263
0.480 1.446662
0.490 0.597918
0.500 3.869922
0.510 0.693386
0.520 4.597273
0.530 5.471308
0.540 1.441438
0.550 2.147436
0.560 2.653813
0.570 0.789815
0.580 4.530659
0.590 1.682218
0.600 0.849502
0.610 2.244413
0.620 1.785217
0.630 6.017211
0.640 2.508283
0.650 0.080780
0.660 2.040692
0.670 0.955186
0.680 3.149722
0.690 4.795169
0.700 2.676731
0.710 5.451266
0.720 4.338996
0.730 4.290905
0.740 4.553677
0.750 5.065532
0.760 2.533130
0.770 5.359817
0.780 1.914342
0.790 4.855710
0.800 0.364483
0.810 4.229863
0.820 0.334516
0.830 0.075177
0.840 0.700186
0.850 5.194038
0.860 5.462742
0.870 4.578611
0.880 1.290808
0.890 3.801135
0.900 3.070236
0.910 3.012488
0.920 4.704078
0.930 5.666918
0.940 0.904841
0.950 4.505118
0.960 4.751961
0.970 3.786732
0.980 1.979200
0.990 5.807583
