0.000 0.071280
0.010 3.243057
0.020 1.492656
0.030 2.338826
0.040 3.125615
0.050 1.817320
0.060 2.213095
0.070 1.347915
0.080 2.032292
0.090 4.406313
0.100 2.513330
0.110 0.551392
0.120 4.082710
0.130 0.501543
0.140 0.644107
0.150 2.742577
0.160 3.198198
0.170 3.586403
0.180 4.659715
0.190 3.283175
0.200 0.726080
0.210 1.549677
0.220 1.262848
0.230 3.543240
0.240 2.642575
0.250 3.167030
0.260 2.738826
0.270 0.639966
0.280 0.346967
0.290 0.352674
0.300 2.876611
0.310 4.352324
0.320 2.603141
0.330 1.406792
0.340 1.702231
0.350 4.342149
0.360 1.298326
0.370 0.993717
0.380 0.053923
0.390 1.555819
0.400 1.530464
0.410 2.090880
0.420 4.435650
0.430 4.818908
0.440 0.727967
0.450 3.997083
0.460 1.403824
0.470 2.475956
0.480 3.896490
0.490 4.636137
0.500 0.120597
0.510 3.078291
0.520 3.092727
0.530 3.544406
0.540 1.476518
0.550 2.080164
0.560 0.011472
0.570 2.850257
0.580 3.527074
0.590 1.326772
0.600 3.140177
0.610 0.037232
0.620 1.994105
0.630 3.752239
0.640 4.714225
0.650 4.308529
0.660 4.458988
0.670 0.629418
0.680 0.017757
0.690 2.969827
0.700 1.864482
0.710 2.525449
0.720 1.462503
0.730 2.278244
0.740 2.557158
0.750 1.572676
0.760 3.729784
0.770 4.577500
0.780 3.349715
0.790 1.871724
0.800 3.771303
0.810 4.229287
0.820 1.003039
0.830 4.671763
0.840 3.806561
0.850 0.055281
0.860 1.182115
0.870 1.838483
0.880 2.820299
0.890 3.306250
0.900 3.271459
0.910 2.258862
0.920 4.458212
0.930 3.108380
0.940 1.003785
0.950 2.444386
0.960 0.418721
0.970 1.189032
0.980 0.241701
0.990 3.245004
