0.000 5.189768
0.010 0.432086
0.020 1.108865
0.030 6.139078
0.040 5.691089
0.050 4.504172
0.060 2.808336
0.070 2.825866
0.080 0.822644
0.090 1.676214
0.100 4.808391
0.110 1.210152
0.120 5.059958
0.130 5.583695
0.140 3.454543
0.150 3.534102
0.160 1.123152
0.170 0.034266
0.180 2.813391
0.190 0.477635
0.200 4.805729
0.210 3.845039
0.220 5.165723
0.230 3.372474
0.240 2.421816
0.250 5.223573
0.260 0.647316
0.270 2.564234
0.280 0.382676
0.290 0.077959
0.300 3.027615
0.310 4.850542
0.320 4.397308
0.330 6.265366
0.340 3.428933
0.350 4.389372
0.360 4.377730
0.370 0.081519
0.380 2.710489
0.390 6.146492
0.400 3.464718
0.410 4.465277
0.420 4.511971
0.430 5.999888
0.440 4.007616
0.450 1.272724
0.460 5.891453
0.470 1.680069
0.480 1.187073
0.490 3.006851
0.500 5.788496
0.510 4.952369
0.520 5.074588
0.530 6.245502
0.540 0.366112
0.550 5.153475
0.560 0.424038
0.570 1.663606
0.580 3.350110
0.590 3.222520
0.600 3.561577
0.610 5.547005
0.620 3.892799
0.630 3.081987
0.640 5.872281
0.650 0.684767
0.660 4.130256
0.670 2.698096
0.680 4.667767
0.690 6.191431
0.700 5.300256
0.710 5.118837
0.720 2.674520
0.730 5.648184
0.740 5.037758
0.750 2.153525
0.760 0.790962
0.770 2.407559
0.780 2.787156
0.790 1.266106
0.800 0.978576
0.810 6.337881
0.820 4.633188
0.830 0.832546
0.840 3.018425
0.850 5.166693
0.860 3.996492
0.870 3.911659
0.880 2.080793
0.890 3.636008
0.900 1.222934
0.910 3.253715
0.920 1.754417
0.930 5.034706
0.940 4.024011
0.950 5.760583
0.960 6.453770
0.970 4.793685
0.980 1.330782
0.990 2.304733
