0.000 1.362559
0.010 1.481075
0.020 5.197300
0.030 5.433131
0.040 6.496958
0.050 5.114800
0.060 5.830629
0.070 0.076332
0.080 0.825676
0.090 0.214171
0.100 4.720182
0.110 2.311256
0.120 7.008788
0.130 3.189817
0.140 3.725850
0.150 6.153006
0.160 2.052391
0.170 8.325313
0.180 6.037274
0.190 0.608475
0.200 4.270548
0.210 5.838588
0.220 2.751969
0.230 5.560131
0.240 5.422919
0.250 6.441543
0.260 2.980089
0.270 2.406672
0.280 4.908594
0.290 0.194305
0.300 2.665712
0.310 0.697000
0.320 6.241028
0.330 3.100163
0.340 0.644400
0.350 2.121578
0.360 7.800929
0.370 7.986574
0.380 0.024943
0.390 4.582630
0.400 0.998163
0.410 2.527681
0.420 7.213788
0.430 6.792785
0.440 8.454837
0.450 1.462572
0.460 2.090841
0.470 2.991512
0.480 1.028470
0.490 5.693504
0.500 1.397457
0.510 7.699096
0.520 7.934902
0.530 7.662292
0.540 7.881123
0.550 7.449249
0.560 3.606019
0.570 7.162923
0.580 4.573300
0.590 7.006246
0.600 2.296884
0.610 3.001464
0.620 1.752507
0.630 2.973098
0.640 1.446637
0.650 3.102451
0.660 3.333114
0.670 0.602110
0.680 3.860040
0.690 3.204075
0.700 5.680670
0.710 4.552885
0.720 0.252989
0.730 1.707049
0.740 6.640567
0.750 4.083295
0.760 1.636431
0.770 7.912975
0.780 3.120472
0.790 2.819981
0.800 3.986127
0.810 6.864526
0.820 5.378462
0.830 3.734784
0.840 6.711799
0.850 4.020339
0.860 3.673200
0.870 3.918071
0.880 1.968785
0.890 1.034711
0.900 3.687338
0.910 7.818454
0.920 6.802410
0.930 5.940953
0.940 0.603822
0.950 0.479623
0.960 7.772531
0.970 3.400924
0.980 1.958989
0.990 3.011397
