0.000 1.743141
0.010 4.224077
0.020 0.547427
0.030 1.208943
0.040 1.822414
0.050 5.320815
0.060 4.290310
0.070 0.035984
0.080 3.640132
0.090 5.627446
0.100 4.035587
0.110 0.631113
0.120 3.263654
0.130 5.935173
0.140 0.382464
0.150 5.287971
0.160 6.470396
0.170 4.026896
0.180 4.038137
0.190 1.077416
0.200 6.743832
0.210 5.277850
0.220 0.797780
0.230 2.711236
0.240 5.057612
0.250 3.130449
0.260 2.683288
0.270 4.648296
0.280 5.727864
0.290 6.096897
0.300 5.534047
0.310 5.890507
0.320 6.222237
0.330 4.080571
0.340 6.668410
0.350 2.240342
0.360 5.627815
0.370 1.773270
0.380 5.216572
0.390 0.923040
0.400 6.114262
0.410 3.566937
0.420 0.244529
0.430 5.065216
0.440 3.652171
0.450 1.586282
0.460 3.723190
0.470 4.916285
0.480 3.359578
0.490 4.788551
0.500 3.112015
0.510 2.071244
0.520 5.649452
0.530 0.908864
0.540 1.008511
0.550 5.952784
0.560 3.134543
0.570 5.340336
0.580 6.422840
0.590 5.485161
0.600 4.646659
0.610 2.612772
0.620 0.577372
0.630 0.845560
0.640 2.188115
0.650 3.559960
0.660 6.575521
0.670 6.041436
0.680 1.751783
0.690 5.828256
0.700 3.742984
0.710 6.482749
0.720 3.156481
0.730 4.270223
0.740 3.166587
0.750 5.965122
0.760 6.737640
0.770 5.145070
0.780 5.200627
0.790 0.252105
0.800 2.347947
0.810 0.019059
0.820 5.879852
0.830 2.810677
0.840 4.655386
0.850 3.079740
0.860 1.934632
0.870 6.418911
0.880 0.037052
0.890 0.746128
0.900 3.541952
0.910 3.357816
0.920 4.261242
0.930 4.198366
0.940 3.457724
0.950 6.521936
0.960 3.757691
0.970 0.186233
0.980 3.672891
0.990 0.882667
