0.000 2.441299
0.010 5.388643
0.020 7.331018
0.030 1.535634
0.040 0.251157
0.050 6.132243
0.060 5.279612
0.070 6.158184
0.080 1.127639
0.090 4.652517
0.100 5.755324
0.110 7.878498
0.120 5.974528
0.130 5.693095
0.140 1.027049
0.150 1.711736
0.160 7.206392
0.170 3.487608
0.180 2.007846
0.190 3.839834
0.200 6.573535
0.210 1.043715
0.220 6.775471
0.230 5.776236
0.240 7.615312
0.250 7.626688
0.260 7.196839
0.270 0.012395
0.280 4.891969
0.290 2.675181
0.300 6.343141
0.310 1.448063
0.320 5.708163
0.330 5.188015
0.340 4.222002
0.350 7.392886
0.360 6.088384
0.370 3.028064
0.380 4.567177
0.390 5.241281
0.400 6.199969
0.410 3.903994
0.420 0.443044
0.430 1.902528
0.440 2.453829
0.450 3.813366
0.460 5.605775
0.470 3.929151
0.480 0.522339
0.490 1.485269
0.500 5.053444
0.510 5.310367
0.520 6.913825
0.530 2.658389
0.540 6.461773
0.550 1.489612
0.560 6.832865
0.570 7.689505
0.580 4.762704
0.590 4.658883
0.600 4.398984
0.610 5.374018
0.620 3.087682
0.630 1.094787
0.640 8.015287
0.650 5.491490
0.660 1.531951
0.670 2.811612
0.680 3.998337
0.690 5.068915
0.700 5.929152
0.710 0.689945
0.720 7.008237
0.730 4.254612
0.740 0.010639
0.750 3.157501
0.760 7.249781
0.770 7.707855
0.780 7.175392
0.790 6.655317
0.800 1.529025
0.810 7.396837
0.820 7.444135
0.830 6.058986
0.840 7.600056
0.850 3.052863
0.860 4.114543
0.870 1.096454
0.880 3.443970
0.890 3.737851
0.900 7.847377
0.910 1.460892
0.920 2.580249
0.930 5.559352
0.940 0.223657
0.950 4.951991
0.960 4.053742
0.970 4.697965
0.980 1.823964
0.990 1.839064
