0.000 0.598713
0.010 1.115520
0.020 1.093789
0.030 1.128330
0.040 0.143532
0.050 1.108788
0.060 0.334646
0.070 0.987058
0.080 0.952888
0.090 0.919804
0.100 0.607096
0.110 0.037527
0.120 0.134518
0.130 0.260723
0.140 1.005553
0.150 0.391927
0.160 0.589908
0.170 0.541102
0.180 0.483356
0.190 0.157136
0.200 0.858989
0.210 0.310038
0.220 0.507669
0.230 0.153366
0.240 0.547790
0.250 0.868006
0.260 0.261075
0.270 0.324993
0.280 0.420514
0.290 0.145045
0.300 0.412757
0.310 1.114479
0.320 0.328053
0.330 0.770142
0.340 1.172423
0.350 0.890166
0.360 0.859229
0.370 0.910945
0.380 0.533994
0.390 0.615568
0.400 0.283159
0.410 0.781666
0.420 0.304428
0.430 0.119035
0.440 0.767140
0.450 0.124351
0.460 0.618833
0.470 0.153380
0.480 0.185378
0.490 0.043627
0.500 1.169712
0.510 0.334725
0.520 0.726324
0.530 0.411441
0.540 0.419526
0.550 1.049340
0.560 0.929611
0.570 1.017326
0.580 0.703833
0.590 0.497014
0.600 0.415553
0.610 0.736259
0.620 0.055851
0.630 0.423888
0.640 1.153165
0.650 0.522780
0.660 1.120649
0.670 0.850895
0.680 0.809436
0.690 0.110015
0.700 1.059802
0.710 0.987371
0.720 0.310942
0.730 0.209733
0.740 0.214752
0.750 0.702352
0.760 0.996359
0.770 0.417539
0.780 0.822407
0.790 0.778237
0.800 0.307991
0.810 0.810605
0.820 0.882081
0.830 0.459554
0.840 0.915679
0.850 0.326400
0.860 1.181731
0.870 0.412032
0.880 0.263822
0.890 0.404711
0.900 0.115781
0.910 0.622086
0.920 0.526881
0.930 0.589142
0.940 0.661568
0.950 1.082037
0.960 0.682343
0.970 0.924933
0.980 0.991968
0.990 0.622941
