0.000 6.091305
0.010 1.122357
0.020 6.490414
0.030 7.158353
0.040 1.080945
0.050 4.519286
0.060 4.442412
0.070 7.117753
0.080 2.352097
0.090 0.047712
0.100 7.361163
0.110 5.930354
0.120 3.105637
0.130 0.631994
0.140 2.171134
0.150 3.583831
0.160 1.982058
0.170 0.447666
0.180 2.384606
0.190 4.939446
0.200 1.593835
0.210 6.404626
0.220 4.773839
0.230 2.091413
0.240 2.238207
0.250 0.785984
0.260 3.310262
0.270 6.698674
0.280 7.102558
0.290 6.354514
0.300 0.627157
0.310 0.785751
0.320 1.859640
0.330 4.773829
0.340 2.038581
0.350 5.848214
0.360 1.968786
0.370 5.375266
0.380 4.101678
0.390 7.618082
0.400 5.959562
0.410 1.132046
0.420 4.641614
0.430 6.038374
0.440 8.060840
0.450 7.204062
0.460 6.565284
0.470 6.450088
0.480 4.620227
0.490 6.798077
0.500 4.895529
0.510 7.478144
0.520 6.129934
0.530 6.455661
0.540 3.048863
0.550 1.592196
0.560 8.012075
0.570 7.327062
0.580 3.929625
0.590 2.687049
0.600 6.163489
0.610 1.446985
0.620 4.229484
0.630 0.993576
0.640 3.913434
0.650 0.645184
0.660 2.613733
0.670 4.634875
0.680 7.561792
0.690 5.295845
0.700 4.116746
0.710 3.998261
0.720 3.411425
0.730 4.648097
0.740 0.302407
0.750 7.515595
0.760 2.674398
0.770 5.882260
0.780 2.169882
0.790 7.423724
0.800 4.049002
0.810 1.648678
0.820 3.997341
0.830 8.166772
0.840 1.323649
0.850 5.558454
0.860 2.881002
0.870 0.501803
0.880 2.919360
0.890 0.930364
0.900 2.999083
0.910 0.623772
0.920 3.046966
0.930 4.935005
0.940 0.400796
0.950 3.119999
0.960 1.809822
0.970 6.638793
0.980 4.807163
0.990 0.967115
