0.000 8.439770
0.010 2.337304
0.020 0.530530
0.030 4.091219
0.040 1.344010
0.050 6.889664
0.060 6.157885
0.070 2.150814
0.080 7.491380
0.090 9.253430
0.100 2.776714
0.110 3.834108
0.120 4.619860
0.130 4.487613
0.140 7.211283
0.150 1.259763
0.160 0.510620
0.170 1.957526
0.180 2.334838
0.190 8.045329
0.200 2.319199
0.210 6.177752
0.220 2.594707
0.230 3.747928
0.240 2.124747
0.250 8.707015
0.260 7.064494
0.270 4.325639
0.280 2.358964
0.290 6.748798
0.300 5.021934
0.310 9.144754
0.320 7.969149
0.330 3.022299
0.340 0.833364
0.350 0.302705
0.360 5.348857
0.370 3.382163
0.380 2.185021
0.390 1.039617
0.400 8.463899
0.410 8.390456
0.420 4.439528
0.430 4.589628
0.440 9.277294
0.450 7.868255
0.460 1.511380
0.470 1.424970
0.480 1.019366
0.490 6.281946
0.500 6.304681
0.510 2.640775
0.520 8.912347
0.530 0.662280
0.540 1.076136
0.550 5.802950
0.560 4.936222
0.570 2.322458
0.580 7.689844
0.590 2.585857
0.600 7.651742
0.610 9.061873
0.620 7.643371
0.630 6.733146
0.640 0.922381
0.650 2.748722
0.660 0.626349
0.670 1.811084
0.680 7.675590
0.690 7.082557
0.700 8.967704
0.710 4.410834
0.720 9.027490
0.730 1.867004
0.740 7.102513
0.750 4.778374
0.760 7.084765
0.770 5.325575
0.780 2.663870
0.790 6.975901
0.800 8.105649
0.810 5.068667
0.820 7.887975
0.830 6.281840
0.840 2.330823
0.850 1.575524
0.860 9.143417
0.870 0.497635
0.880 2.082991
0.890 0.246340
0.900 1.968312
0.910 3.343699
0.920 8.866849
0.930 6.576317
0.940 6.252627
0.950 4.820009
0.960 0.031402
0.970 9.257917
0.980 1.494390
0.990 0.867775
