0.000 -0.655484
0.010 1.814329
0.020 2.332743
0.030 1.855106
0.040 -1.507585
0.050 -1.393703
0.060 -0.542850
0.070 -3.427149
0.080 -1.234293
0.090 2.004357
0.100 -0.291347
0.110 0.131100
0.120 4.963443
0.130 -0.690416
0.140 2.101577
0.150 -0.297418
0.160 2.127492
0.170 -3.760125
0.180 1.946851
0.190 0.751588
0.200 1.399375
0.210 2.853796
0.220 1.842624
0.230 0.232146
0.240 0.180028
0.250 1.019109
0.260 -2.153983
0.270 -1.716057
0.280 0.457534
0.290 1.429615
0.300 2.906898
0.310 2.965016
0.320 1.779190
0.330 -1.430327
0.340 -0.891962
0.350 1.362397
0.360 0.239695
0.370 -1.025027
0.380 0.676905
0.390 1.488813
0.400 1.655657
0.410 0.330087
0.420 -1.533813
0.430 -1.476552
0.440 -2.046751
0.450 -2.387870
0.460 1.000009
0.470 1.764957
0.480 1.781831
0.490 -0.450761
0.500 0.773090
0.510 0.308947
0.520 0.329661
0.530 0.253536
0.540 4.111866
0.550 0.261813
0.560 2.371423
0.570 -1.467631
0.580 -0.678512
0.590 -4.287549
0.600 1.062523
0.610 -2.460786
0.620 -1.630920
0.630 -1.923375
0.640 1.670489
0.650 0.006334
0.660 2.893273
0.670 -1.141608
0.680 -1.195244
0.690 -0.623987
0.700 0.780992
0.710 0.442906
0.720 0.729656
0.730 2.637600
0.740 0.215037
0.750 -0.078640
0.760 0.889869
0.770 2.132867
0.780 0.679912
0.790 1.881641
0.800 0.518668
0.810 0.579331
0.820 0.789216
0.830 2.892643
0.840 -2.801598
0.850 2.088520
0.860 -0.976158
0.870 2.472288
0.880 0.507104
0.890 -0.582833
0.900 -1.879030
0.910 0.920483
0.920 0.023575
0.930 -0.882851
0.940 -0.338338
0.950 3.609351
0.960 3.548963
0.970 -0.733389
0.980 -0.956015
0.990 -0.840999
