0.000 1.850666
0.010 1.575386
0.020 3.059383
0.030 1.105757
0.040 1.594078
0.050 0.213038
0.060 1.902925
0.070 2.703917
0.080 3.257015
0.090 0.404984
0.100 2.947401
0.110 0.153658
0.120 2.895623
0.130 1.409007
0.140 2.312433
0.150 1.050400
0.160 1.792647
0.170 1.841460
0.180 0.943196
0.190 1.022397
0.200 1.132157
0.210 1.730781
0.220 2.191457
0.230 1.602186
0.240 0.760251
0.250 3.768961
0.260 1.265527
0.270 3.543000
0.280 0.870927
0.290 1.560411
0.300 1.242132
0.310 1.669757
0.320 2.171860
0.330 0.398407
0.340 3.474873
0.350 3.020505
0.360 3.667891
0.370 3.356143
0.380 0.666645
0.390 2.363164
0.400 1.922436
0.410 3.696372
0.420 2.261926
0.430 0.787640
0.440 0.439623
0.450 0.822629
0.460 0.907878
0.470 0.008041
0.480 0.501648
0.490 0.947627
0.500 2.755779
0.510 0.795070
0.520 0.116595
0.530 1.651843
0.540 2.762664
0.550 1.943495
0.560 2.503936
0.570 2.675257
0.580 1.578823
0.590 0.562927
0.600 3.386827
0.610 0.675305
0.620 0.851889
0.630 0.526628
0.640 1.321853
0.650 0.724479
0.660 3.071051
0.670 0.233336
0.680 2.784330
0.690 1.905155
0.700 1.824446
0.710 2.442162
0.720 2.627926
0.730 3.439897
0.740 3.325813
0.750 2.061400
0.760 1.814912
0.770 1.733761
0.780 3.714284
0.790 3.768343
0.800 2.383753
0.810 1.765884
0.820 1.235205
0.830 3.260924
0.840 1.277646
0.850 1.871802
0.860 1.246068
0.870 0.392421
0.880 0.084934
0.890 0.640148
0.900 1.509450
0.910 3.384651
0.920 0.162570
0.930 3.035899
0.940 2.498609
0.950 1.238463
0.960 2.391444
0.970 2.787689
0.980 1.466406
0.990 0.645980
