0.000 2.956578
0.010 4.874948
0.020 3.503107
0.030 0.303076
0.040 1.229742
0.050 3.148885
0.060 0.059676
0.070 2.223048
0.080 0.491196
0.090 1.814261
0.100 5.120358
0.110 4.382054
0.120 2.237185
0.130 3.564079
0.140 1.854653
0.150 1.498608
0.160 1.539797
0.170 3.517627
0.180 4.376595
0.190 4.130846
0.200 5.229243
0.210 2.033056
0.220 0.543701
0.230 3.202484
0.240 0.041609
0.250 0.649551
0.260 5.370718
0.270 4.409734
0.280 3.278245
0.290 5.308482
0.300 2.696338
0.310 1.656076
0.320 1.277897
0.330 1.733446
0.340 2.567401
0.350 0.879553
0.360 4.289620
0.370 2.898383
0.380 0.713059
0.390 0.184659
0.400 4.951948
0.410 0.095378
0.420 4.444737
0.430 3.021603
0.440 2.888877
0.450 1.095628
0.460 3.824339
0.470 4.801018
0.480 2.920593
0.490 2.190001
0.500 5.382866
0.510 0.665130
0.520 4.816789
0.530 2.963033
0.540 1.418615
0.550 4.783733
0.560 0.965955
0.570 4.705536
0.580 2.751881
0.590 0.369073
0.600 5.031970
0.610 1.730058
0.620 2.012468
0.630 1.552255
0.640 0.468230
0.650 5.143789
0.660 0.151002
0.670 5.405363
0.680 2.079257
0.690 2.614066
0.700 4.318511
0.710 5.008585
0.720 4.996090
0.730 4.918028
0.740 5.443193
0.750 3.457968
0.760 3.101788
0.770 2.747043
0.780 1.326151
0.790 3.690685
0.800 1.432211
0.810 2.047185
0.820 3.145292
0.830 2.147056
0.840 3.518456
0.850 2.455126
0.860 4.143607
0.870 3.533060
0.880 1.460284
0.890 1.112518
0.900 2.520781
0.910 3.546470
0.920 2.616738
0.930 3.280206
0.940 0.211506
0.950 2.968790
0.960 4.129787
0.970 0.924193
0.980 2.899980
0.990 2.162427
