0.000 0.138257
0.010 6.167845
0.020 4.361567
0.030 1.611161
0.040 5.823097
0.050 0.978587
0.060 0.164213
0.070 4.819124
0.080 6.931938
0.090 0.076476
0.100 1.847587
0.110 4.982913
0.120 2.728300
0.130 2.716458
0.140 1.928044
0.150 2.025692
0.160 5.952327
0.170 3.916286
0.180 5.680147
0.190 1.694286
0.200 1.941433
0.210 5.801185
0.220 5.140998
0.230 6.708760
0.240 2.318953
0.250 1.522167
0.260 2.449075
0.270 5.535222
0.280 6.364116
0.290 0.030309
0.300 4.580345
0.310 3.999786
0.320 4.394326
0.330 4.313859
0.340 5.771884
0.350 5.384160
0.360 2.946255
0.370 4.094296
0.380 4.863386
0.390 2.356508
0.400 5.979537
0.410 2.337489
0.420 2.320900
0.430 0.405977
0.440 2.797433
0.450 6.998687
0.460 6.044922
0.470 1.081337
0.480 2.417168
0.490 6.493384
0.500 3.005664
0.510 4.260374
0.520 4.655982
0.530 4.134913
0.540 2.029734
0.550 0.353792
0.560 3.947179
0.570 5.279475
0.580 0.304827
0.590 3.717141
0.600 4.640649
0.610 3.254420
0.620 2.329285
0.630 3.245654
0.640 6.259029
0.650 1.926101
0.660 2.341198
0.670 0.437622
0.680 6.183840
0.690 2.834549
0.700 6.483408
0.710 5.715890
0.720 1.410953
0.730 4.239629
0.740 2.046424
0.750 3.529928
0.760 0.115886
0.770 4.872416
0.780 2.821831
0.790 6.603107
0.800 4.301410
0.810 5.595021
0.820 1.779156
0.830 0.545647
0.840 6.473527
0.850 3.229526
0.860 6.659319
0.870 4.464233
0.880 1.814759
0.890 5.766313
0.900 2.286568
0.910 6.454390
0.920 6.902359
0.930 1.293490
0.940 0.068949
0.950 0.354405
0.960 3.647727
0.970 0.106861
0.980 4.556296
0.990 5.587049
