0.000 0.515830
0.010 5.751717
0.020 6.891464
0.030 2.109969
0.040 2.296831
0.050 7.488872
0.060 0.673076
0.070 4.799191
0.080 1.706000
0.090 1.427285
0.100 9.636546
0.110 9.509010
0.120 3.979369
0.130 8.268945
0.140 5.209785
0.150 9.625726
0.160 8.271628
0.170 9.675982
0.180 2.449754
0.190 3.033213
0.200 7.733768
0.210 3.498815
0.220 4.692442
0.230 1.609495
0.240 9.556508
0.250 0.595990
0.260 2.601504
0.270 3.827746
0.280 4.329292
0.290 5.024399
0.300 0.524590
0.310 8.236648
0.320 6.473716
0.330 1.232884
0.340 2.487371
0.350 8.765050
0.360 6.606706
0.370 4.167631
0.380 9.499817
0.390 4.603376
0.400 5.444535
0.410 0.181798
0.420 1.932286
0.430 8.160122
0.440 5.650426
0.450 4.233513
0.460 4.146421
0.470 1.843807
0.480 8.136243
0.490 0.284845
0.500 5.141247
0.510 1.004275
0.520 0.993979
0.530 7.320707
0.540 1.854354
0.550 1.761645
0.560 2.346359
0.570 6.834710
0.580 3.549408
0.590 8.670738
0.600 0.218151
0.610 4.949737
0.620 4.406259
0.630 9.089439
0.640 2.539329
0.650 0.755661
0.660 7.933372
0.670 8.304790
0.680 3.451092
0.690 4.193007
0.700 7.514060
0.710 7.820631
0.720 3.049099
0.730 9.037808
0.740 2.109309
0.750 7.624183
0.760 5.050861
0.770 2.513540
0.780 6.547074
0.790 4.922669
0.800 2.913531
0.810 9.324506
0.820 7.033584
0.830 4.565593
0.840 7.385718
0.850 7.296876
0.860 3.588173
0.870 5.460491
0.880 3.093719
0.890 7.067150
0.900 1.525338
0.910 4.374776
0.920 8.662668
0.930 8.850350
0.940 6.732807
0.950 1.118143
0.960 9.605866
0.970 9.487641
0.980 5.347135
0.990 3.623426
