0.000 4.433654
0.010 6.990442
0.020 0.123936
0.030 3.284925
0.040 3.445680
0.050 9.232526
0.060 6.305137
0.070 7.757484
0.080 5.278885
0.090 1.488462
0.100 5.715130
0.110 3.238921
0.120 0.199214
0.130 3.629750
0.140 2.456844
0.150 7.910452
0.160 6.944431
0.170 3.649784
0.180 5.317541
0.190 5.978491
0.200 6.823623
0.210 5.274395
0.220 3.776219
0.230 7.992211
0.240 4.971749
0.250 0.153128
0.260 5.352343
0.270 7.382065
0.280 3.101024
0.290 9.276417
0.300 7.108751
0.310 6.055867
0.320 3.385763
0.330 5.882459
0.340 4.907286
0.350 3.326419
0.360 4.520599
0.370 0.452285
0.380 5.108697
0.390 1.040471
0.400 3.997557
0.410 5.393608
0.420 9.009468
0.430 4.819351
0.440 7.193258
0.450 9.032606
0.460 1.765235
0.470 7.367940
0.480 4.113472
0.490 1.478402
0.500 0.658061
0.510 7.666090
0.520 3.208692
0.530 2.238175
0.540 5.373260
0.550 8.587056
0.560 2.555589
0.570 6.341095
0.580 0.039327
0.590 8.594256
0.600 2.658326
0.610 3.674522
0.620 2.363582
0.630 3.527492
0.640 3.462772
0.650 3.121274
0.660 7.073559
0.670 2.909759
0.680 7.108471
0.690 8.399532
0.700 4.183508
0.710 1.028086
0.720 1.265307
0.730 4.892933
0.740 9.317193
0.750 7.506031
0.760 5.204760
0.770 4.953005
0.780 2.309110
0.790 2.893712
0.800 3.235290
0.810 7.091678
0.820 6.198672
0.830 2.415099
0.840 3.965973
0.850 1.745327
0.860 6.392566
0.870 9.081006
0.880 2.181008
0.890 3.540701
0.900 8.030135
0.910 5.271450
0.920 2.231679
0.930 2.694702
0.940 0.443522
0.950 1.738415
0.960 6.785744
0.970 1.323939
0.980 7.597189
0.990 3.396928
