0.000 0.008069
0.010 0.010950
0.020 0.050548
0.030 0.007926
0.040 0.017264
0.050 0.027950
0.060 0.042571
0.070 0.002652
0.080 0.030255
0.090 0.024107
0.100 0.042518
0.110 0.050721
0.120 0.011064
0.130 0.050177
0.140 0.011161
0.150 0.050698
0.160 0.019446
0.170 0.045797
0.180 0.043587
0.190 0.017060
0.200 0.006480
0.210 0.027807
0.220 0.002996
0.230 0.027884
0.240 0.037111
0.250 0.011347
0.260 0.038690
0.270 0.024492
0.280 0.005355
0.290 0.025833
0.300 0.004707
0.310 0.013000
0.320 0.034763
0.330 0.008386
0.340 0.016424
0.350 0.034960
0.360 0.030886
0.370 0.049666
0.380 0.020745
0.390 0.036452
0.400 0.019245
0.410 0.000370
0.420 0.036487
0.430 0.027114
0.440 0.024576
0.450 0.051719
0.460 0.017486
0.470 0.007194
0.480 0.015160
0.490 0.027694
0.500 0.017439
0.510 0.011700
0.520 0.001639
0.530 0.045871
0.540 0.040286
0.550 0.054022
0.560 0.029823
0.570 0.011014
0.580 0.030618
0.590 0.035709
0.600 0.007554
0.610 0.046614
0.620 0.023637
0.630 0.052053
0.640 0.031181
0.650 0.022723
0.660 0.035467
0.670 0.023907
0.680 0.012310
0.690 0.051001
0.700 0.028989
0.710 0.035739
0.720 0.033151
0.730 0.038155
0.740 0.022736
0.750 0.056393
0.760 0.055106
0.770 0.017263
0.780 0.016350
0.790 0.005572
0.800 0.027973
0.810 0.017277
0.820 0.052611
0.830 0.048463
0.840 0.024881
0.850 0.040262
0.860 0.035541
0.870 0.008169
0.880 0.039247
0.890 0.007676
0.900 0.005214
0.910 0.029306
0.920 0.043936
0.930 0.049101
0.940 0.046881
0.950 0.043050
0.960 0.004470
0.970 0.021682
0.980 0.051494
0.990 0.047293
