0.000 2.591087
0.010 3.338138
0.020 3.608323
0.030 1.497546
0.040 1.597885
0.050 3.405122
0.060 2.710437
0.070 2.440521
0.080 0.532337
0.090 2.347436
0.100 2.497817
0.110 0.127742
0.120 3.023360
0.130 2.162859
0.140 3.042408
0.150 3.168342
0.160 2.507136
0.170 1.410903
0.180 2.280215
0.190 1.354296
0.200 3.275474
0.210 0.446656
0.220 2.257954
0.230 1.068886
0.240 0.389171
0.250 2.511814
0.260 2.167757
0.270 0.558333
0.280 0.763165
0.290 3.446790
0.300 1.396962
0.310 3.271604
0.320 2.039024
0.330 1.106118
0.340 1.239968
0.350 3.204985
0.360 0.417569
0.370 2.591998
0.380 2.036060
0.390 2.891567
0.400 3.156030
0.410 2.108966
0.420 1.499563
0.430 2.494760
0.440 1.688876
0.450 0.297148
0.460 2.522075
0.470 0.017523
0.480 1.428328
0.490 0.022605
0.500 2.889636
0.510 2.642368
0.520 1.253175
0.530 1.169371
0.540 2.000046
0.550 1.532241
0.560 2.284336
0.570 0.197952
0.580 2.115244
0.590 2.711233
0.600 1.142235
0.610 1.351940
0.620 0.234966
0.630 0.360184
0.640 0.176892
0.650 1.117561
0.660 2.615510
0.670 3.553960
0.680 0.663595
0.690 0.341189
0.700 0.247223
0.710 1.001572
0.720 1.933420
0.730 0.827801
0.740 3.287685
0.750 0.443613
0.760 1.046562
0.770 2.105322
0.780 2.357307
0.790 2.772863
0.800 1.124704
0.810 1.558926
0.820 1.933938
0.830 3.112639
0.840 3.259723
0.850 0.332603
0.860 3.519813
0.870 0.640202
0.880 0.174830
0.890 2.880373
0.900 3.526976
0.910 3.635113
0.920 0.405453
0.930 0.570756
0.940 0.678614
0.950 3.239024
0.960 3.132124
0.970 0.672590
0.980 0.311497
0.990 0.912029
