0.000 8.685190
0.010 8.651660
0.020 7.345640
0.030 8.892467
0.040 9.308356
0.050 1.525041
0.060 1.564764
0.070 0.780064
0.080 2.176360
0.090 7.609893
0.100 8.941173
0.110 2.059691
0.120 9.136879
0.130 5.806493
0.140 2.237077
0.150 6.486953
0.160 8.819612
0.170 4.813764
0.180 1.899445
0.190 8.399749
0.200 2.972476
0.210 7.752935
0.220 4.162000
0.230 2.705160
0.240 0.382227
0.250 6.211592
0.260 0.833056
0.270 8.792237
0.280 9.367007
0.290 9.369107
0.300 6.911327
0.310 0.731138
0.320 6.691674
0.330 6.573363
0.340 6.019996
0.350 3.195556
0.360 9.619012
0.370 6.753881
0.380 0.115089
0.390 0.170270
0.400 0.258113
0.410 9.519304
0.420 7.648896
0.430 9.556666
0.440 4.261214
0.450 3.247813
0.460 7.856700
0.470 4.205089
0.480 2.597670
0.490 4.091695
0.500 2.265126
0.510 8.682791
0.520 6.219373
0.530 4.142543
0.540 3.272374
0.550 4.353927
0.560 4.868489
0.570 4.125142
0.580 6.381772
0.590 6.202619
0.600 3.658340
0.610 8.856110
0.620 0.129701
0.630 0.189124
0.640 6.081320
0.650 4.643776
0.660 5.584462
0.670 1.582311
0.680 2.143491
0.690 3.467109
0.700 2.274504
0.710 8.005640
0.720 8.907607
0.730 6.948812
0.740 3.498691
0.750 9.753345
0.760 5.294694
0.770 2.747196
0.780 1.126556
0.790 0.787677
0.800 7.405986
0.810 8.271222
0.820 0.738781
0.830 0.231963
0.840 5.711288
0.850 3.458067
0.860 8.531619
0.870 5.419187
0.880 6.438348
0.890 9.360008
0.900 2.078775
0.910 6.370464
0.920 1.210711
0.930 2.861046
0.940 6.756121
0.950 5.546474
0.960 8.496438
0.970 3.747720
0.980 4.918355
0.990 3.206315
