0.000 0.112969
0.010 0.468337
0.020 0.259977
0.030 0.239989
0.040 0.210779
0.050 0.542364
0.060 0.168436
0.070 0.145608
0.080 0.155524
0.090 0.321743
0.100 0.222660
0.110 0.284703
0.120 0.177414
0.130 0.075656
0.140 0.173202
0.150 0.192636
0.160 0.489307
0.170 0.045126
0.180 0.376241
0.190 0.376475
0.200 0.064823
0.210 0.504865
0.220 0.052073
0.230 0.481026
0.240 0.364583
0.250 0.473365
0.260 0.470386
0.270 0.533168
0.280 0.440822
0.290 0.486875
0.300 0.399745
0.310 0.012467
0.320 0.474189
0.330 0.377799
0.340 0.483830
0.350 0.206295
0.360 0.249803
0.370 0.484405
0.380 0.008545
0.390 0.028668
0.400 0.411834
0.410 0.047866
0.420 0.243606
0.430 0.236000
0.440 0.444116
0.450 0.351251
0.460 0.489620
0.470 0.429561
0.480 0.443442
0.490 0.111367
0.500 0.382155
0.510 0.160488
0.520 0.178901
0.530 0.054871
0.540 0.090017
0.550 0.424161
0.560 0.271719
0.570 0.128429
0.580 0.296191
0.590 0.102344
0.600 0.340028
0.610 0.324350
0.620 0.315079
0.630 0.256806
0.640 0.073806
0.650 0.465008
0.660 0.198588
0.670 0.443880
0.680 0.242507
0.690 0.463857
0.700 0.521348
0.710 0.475994
0.720 0.334330
0.730 0.118486
0.740 0.375465
0.750 0.372776
0.760 0.108632
0.770 0.393104
0.780 0.136678
0.790 0.029866
0.800 0.461232
0.810 0.369333
0.820 0.124664
0.830 0.169360
0.840 0.112827
0.850 0.307586
0.860 0.033234
0.870 0.534039
0.880 0.165635
0.890 0.040831
0.900 0.232501
0.910 0.214996
0.920 0.384359
0.930 0.494006
0.940 0.083150
0.950 0.082047
0.960 0.531411
0.970 0.119648
0.980 0.175815
0.990 0.369831
