0.000 0.096557
0.010 0.448688
0.020 0.055729
0.030 0.441469
0.040 0.476665
0.050 0.211629
0.060 0.360884
0.070 0.481819
0.080 0.354462
0.090 0.359863
0.100 0.512070
0.110 0.518544
0.120 0.003412
0.130 0.059587
0.140 0.102599
0.150 0.434761
0.160 0.403621
0.170 0.526207
0.180 0.421773
0.190 0.149358
0.200 0.397927
0.210 0.275555
0.220 0.126270
0.230 0.368072
0.240 0.380667
0.250 0.113099
0.260 0.397364
0.270 0.117020
0.280 0.395550
0.290 0.333206
0.300 0.166723
0.310 0.227145
0.320 0.348469
0.330 0.306030
0.340 0.430732
0.350 0.177582
0.360 0.258295
0.370 0.131316
0.380 0.043001
0.390 0.324391
0.400 0.399024
0.410 0.152398
0.420 0.306211
0.430 0.226708
0.440 0.022040
0.450 0.021108
0.460 0.001080
0.470 0.085189
0.480 0.462259
0.490 0.176018
0.500 0.236063
0.510 0.109174
0.520 0.208198
0.530 0.469771
0.540 0.502961
0.550 0.291779
0.560 0.401625
0.570 0.020168
0.580 0.479862
0.590 0.076900
0.600 0.232664
0.610 0.206063
0.620 0.373638
0.630 0.246510
0.640 0.520815
0.650 0.495892
0.660 0.267343
0.670 0.371054
0.680 0.041433
0.690 0.273024
0.700 0.105291
0.710 0.141069
0.720 0.021794
0.730 0.314223
0.740 0.077915
0.750 0.331787
0.760 0.048322
0.770 0.000619
0.780 0.475496
0.790 0.397653
0.800 0.497608
0.810 0.386212
0.820 0.014017
0.830 0.380870
0.840 0.328531
0.850 0.031550
0.860 0.353143
0.870 0.424735
0.880 0.119227
0.890 0.404490
0.900 0.515917
0.910 0.459717
0.920 0.478580
0.930 0.061978
0.940 0.392075
0.950 0.379585
0.960 0.279679
0.970 0.142389
0.980 0.039012
0.990 0.051873
