0.000 1.306757
0.010 0.023291
0.020 0.719739
0.030 0.050654
0.040 1.220752
0.050 1.085726
0.060 0.541755
0.070 1.045899
0.080 0.171291
0.090 1.529402
0.100 1.415852
0.110 1.355594
0.120 1.510533
0.130 0.812739
0.140 0.552627
0.150 0.891023
0.160 0.328350
0.170 1.458034
0.180 0.095322
0.190 0.524411
0.200 0.294071
0.210 0.842324
0.220 0.340186
0.230 0.264903
0.240 1.110150
0.250 0.326301
0.260 0.435656
0.270 0.068976
0.280 1.108977
0.290 1.479397
0.300 0.988475
0.310 0.941796
0.320 1.056733
0.330 0.611472
0.340 0.912831
0.350 0.007879
0.360 0.277596
0.370 0.960781
0.380 0.103439
0.390 0.122930
0.400 0.769019
0.410 1.415753
0.420 0.044651
0.430 0.239411
0.440 1.286472
0.450 0.628561
0.460 0.934607
0.470 0.215039
0.480 0.589984
0.490 0.667084
0.500 0.203987
0.510 1.056997
0.520 1.428814
0.530 1.174654
0.540 1.283475
0.550 1.428762
0.560 0.377724
0.570 0.686486
0.580 1.033996
0.590 0.699091
0.600 1.316783
0.610 1.295016
0.620 0.831560
0.630 0.746012
0.640 0.548810
0.650 0.328323
0.660 0.546853
0.670 0.350438
0.680 0.837640
0.690 0.626758
0.700 0.538539
0.710 0.571299
0.720 0.602375
0.730 0.430850
0.740 0.340190
0.750 0.687373
0.760 0.242267
0.770 0.909128
0.780 0.182626
0.790 0.035124
0.800 1.063816
0.810 0.074599
0.820 1.521416
0.830 1.326196
0.840 0.475671
0.850 0.604531
0.860 1.211262
0.870 1.264617
0.880 1.362264
0.890 0.976664
0.900 0.345217
0.910 0.256976
0.920 1.037263
0.930 1.337481
0.940 1.384292
0.950 1.035641
0.960 0.553871
0.970 0.846253
0.980 0.452875
0.990 1.472568
