0.000 1.361272
0.010 1.913670
0.020 1.929893
0.030 4.778102
0.040 4.470695
0.050 2.086749
0.060 2.461019
0.070 1.544492
0.080 0.377815
0.090 1.681217
0.100 0.277203
0.110 3.286670
0.120 2.730510
0.130 3.082382
0.140 4.406486
0.150 0.493325
0.160 2.478130
0.170 2.638070
0.180 4.460854
0.190 3.939365
0.200 1.326463
0.210 1.042963
0.220 4.981468
0.230 3.585294
0.240 2.744475
0.250 2.031353
0.260 1.602096
0.270 0.842367
0.280 4.525485
0.290 4.639623
0.300 1.212187
0.310 3.387779
0.320 3.937514
0.330 4.889069
0.340 0.935337
0.350 3.677806
0.360 0.618496
0.370 3.366550
0.380 3.658015
0.390 0.804438
0.400 4.450808
0.410 3.850058
0.420 2.736880
0.430 3.707740
0.440 4.864933
0.450 4.886913
0.460 0.262207
0.470 1.145888
0.480 3.080793
0.490 3.261345
0.500 3.895109
0.510 2.996470
0.520 4.309815
0.530 2.296628
0.540 2.847527
0.550 3.426841
0.560 0.279172
0.570 2.196990
0.580 0.557969
0.590 1.809956
0.600 0.055763
0.610 1.595024
0.620 4.959003
0.630 2.790210
0.640 4.075381
0.650 2.651786
0.660 4.465795
0.670 2.491277
0.680 3.334846
0.690 4.203554
0.700 4.805872
0.710 3.511006
0.720 0.169705
0.730 3.882434
0.740 1.598839
0.750 4.846371
0.760 2.008588
0.770 0.209591
0.780 1.883384
0.790 4.629383
0.800 2.802852
0.810 1.803812
0.820 2.181518
0.830 3.647292
0.840 3.983976
0.850 3.646526
0.860 1.476694
0.870 1.636964
0.880 2.467892
0.890 4.746807
0.900 4.643522
0.910 2.592638
0.920 2.895814
0.930 3.404638
0.940 2.833554
0.950 2.972451
0.960 2.777297
0.970 1.283156
0.980 1.486616
0.990 1.941583
