0.000 0.153532
0.010 0.837953
0.020 3.613589
0.030 2.901448
0.040 3.972083
0.050 1.048463
0.060 3.534507
0.070 0.044575
0.080 1.093203
0.090 0.526460
0.100 1.209048
0.110 0.060850
0.120 3.567007
0.130 1.768586
0.140 1.825843
0.150 3.218119
0.160 2.179076
0.170 3.064289
0.180 0.848036
0.190 3.775419
0.200 0.450861
0.210 0.938389
0.220 0.602784
0.230 2.430528
0.240 3.853818
0.250 3.385566
0.260 0.103906
0.270 0.116188
0.280 2.264121
0.290 0.870850
0.300 3.738623
0.310 3.519437
0.320 1.914959
0.330 3.047791
0.340 2.540482
0.350 1.089199
0.360 3.190845
0.370 3.987702
0.380 0.184143
0.390 0.778179
0.400 1.654558
0.410 0.912107
0.420 0.843058
0.430 2.186811
0.440 2.246675
0.450 2.660323
0.460 3.990209
0.470 2.206797
0.480 0.874099
0.490 3.543044
0.500 0.280591
0.510 1.067810
0.520 1.395813
0.530 2.362479
0.540 2.266574
0.550 3.902521
0.560 0.996730
0.570 2.095801
0.580 2.543993
0.590 0.186347
0.600 3.127317
0.610 1.078301
0.620 1.217276
0.630 3.451145
0.640 2.124604
0.650 1.581580
0.660 2.355103
0.670 0.259005
0.680 1.491683
0.690 1.274717
0.700 2.059308
0.710 3.430640
0.720 3.036486
0.730 0.358200
0.740 4.060370
0.750 4.156232
0.760 3.596242
0.770 0.511992
0.780 0.234015
0.790 2.209845
0.800 3.888578
0.810 2.459907
0.820 1.942096
0.830 2.141815
0.840 0.596294
0.850 1.913314
0.860 3.834258
0.870 1.694244
0.880 3.038019
0.890 1.402482
0.900 1.899718
0.910 2.701380
0.920 3.053219
0.930 0.822202
0.940 1.527365
0.950 2.831015
0.960 2.227325
0.970 4.002447
0.980 1.800317
0.990 2.820259
