0.000 1.461508
0.010 1.086584
0.020 1.644628
0.030 1.354048
0.040 2.400962
0.050 0.224980
0.060 1.799915
0.070 2.287426
0.080 1.537563
0.090 0.684631
0.100 1.202080
0.110 0.894306
0.120 0.973809
0.130 0.079998
0.140 1.977753
0.150 0.369629
0.160 1.883231
0.170 2.035282
0.180 1.365629
0.190 1.281081
0.200 0.692148
0.210 0.809538
0.220 0.826875
0.230 0.916883
0.240 1.331471
0.250 2.423232
0.260 0.151982
0.270 1.694743
0.280 2.274713
0.290 0.669453
0.300 1.707174
0.310 0.371867
0.320 1.972681
0.330 1.723757
0.340 0.709486
0.350 0.940656
0.360 0.788118
0.370 1.993044
0.380 1.699514
0.390 0.511894
0.400 1.214129
0.410 2.268977
0.420 1.085112
0.430 1.253939
0.440 1.689627
0.450 1.488935
0.460 2.259549
0.470 1.256974
0.480 1.441875
0.490 1.767946
0.500 1.887253
0.510 1.243529
0.520 0.921944
0.530 0.327827
0.540 2.034767
0.550 2.144698
0.560 1.393038
0.570 2.396031
0.580 0.371695
0.590 1.272668
0.600 1.428813
0.610 1.304662
0.620 1.624697
0.630 0.910541
0.640 0.677740
0.650 0.262541
0.660 1.321622
0.670 1.903802
0.680 1.852893
0.690 0.911757
0.700 0.413212
0.710 0.321961
0.720 1.918755
0.730 1.857599
0.740 2.275906
0.750 1.920164
0.760 0.109975
0.770 2.198470
0.780 2.079186
0.790 1.703711
0.800 1.067830
0.810 0.794570
0.820 1.689028
0.830 1.402775
0.840 1.842073
0.850 1.481289
0.860 0.336867
0.870 0.166189
0.880 1.307783
0.890 1.882191
0.900 1.646717
0.910 1.102636
0.920 1.578738
0.930 0.322055
0.940 0.123736
0.950 1.363958
0.960 1.753297
0.970 1.738105
0.980 2.045895
0.990 0.604858
