0.000 0.080469
0.010 0.210475
0.020 0.168708
0.030 0.155581
0.040 0.016521
0.050 0.067918
0.060 0.139831
0.070 0.121783
0.080 0.168250
0.090 0.232503
0.100 0.155602
0.110 0.207056
0.120 0.031098
0.130 0.208996
0.140 0.030751
0.150 0.050225
0.160 0.062322
0.170 0.113699
0.180 0.101516
0.190 0.023625
0.200 0.146868
0.210 0.002157
0.220 0.012068
0.230 0.098966
0.240 0.225939
0.250 0.163531
0.260 0.032908
0.270 0.076285
0.280 0.149023
0.290 0.102257
0.300 0.095198
0.310 0.031303
0.320 0.202175
0.330 0.171727
0.340 0.179379
0.350 0.097590
0.360 0.105408
0.370 0.140017
0.380 0.203056
0.390 0.033787
0.400 0.227661
0.410 0.062924
0.420 0.086558
0.430 0.210739
0.440 0.109789
0.450 0.001269
0.460 0.208487
0.470 0.065003
0.480 0.062189
0.490 0.020217
0.500 0.220735
0.510 0.177677
0.520 0.185535
0.530 0.059294
0.540 0.178743
0.550 0.206782
0.560 0.085171
0.570 0.033884
0.580 0.043435
0.590 0.102206
0.600 0.180574
0.610 0.145374
0.620 0.046216
0.630 0.062409
0.640 0.137643
0.650 0.127070
0.660 0.102945
0.670 0.097154
0.680 0.138385
0.690 0.118007
0.700 0.107982
0.710 0.067051
0.720 0.181049
0.730 0.106825
0.740 0.069546
0.750 0.148875
0.760 0.173683
0.770 0.136201
0.780 0.017689
0.790 0.217283
0.800 0.112035
0.810 0.181917
0.820 0.192151
0.830 0.020628
0.840 0.170184
0.850 0.047087
0.860 0.000756
0.870 0.144058
0.880 0.036183
0.890 0.004820
0.900 0.160497
0.910 0.160060
0.920 0.097453
0.930 0.159433
0.940 0.004777
0.950 0.231314
0.960 0.037107
0.970 0.020991
0.980 0.187973
0.990 0.097636
