0.000 3.561141
0.010 3.189059
0.020 5.642141
0.030 6.725664
0.040 5.435822
0.050 4.000601
0.060 4.015415
0.070 6.468507
0.080 6.857463
0.090 0.900739
0.100 6.272154
0.110 2.403098
0.120 6.884171
0.130 4.195759
0.140 8.372527
0.150 6.432307
0.160 8.889958
0.170 0.591910
0.180 3.824366
0.190 8.918495
0.200 6.113702
0.210 8.821900
0.220 2.933613
0.230 6.049180
0.240 4.855568
0.250 0.736213
0.260 1.124560
0.270 3.290020
0.280 8.662123
0.290 6.366659
0.300 8.848310
0.310 9.009984
0.320 5.606549
0.330 5.647845
0.340 3.792667
0.350 1.650450
0.360 6.618189
0.370 4.531669
0.380 0.450824
0.390 4.722372
0.400 7.953060
0.410 8.032545
0.420 4.647611
0.430 2.296188
0.440 3.349525
0.450 1.413052
0.460 2.511525
0.470 5.256599
0.480 6.577736
0.490 5.581012
0.500 0.834610
0.510 6.819636
0.520 0.668727
0.530 7.293378
0.540 6.580714
0.550 0.760821
0.560 2.279226
0.570 5.851439
0.580 8.230029
0.590 6.613107
0.600 0.316041
0.610 1.683687
0.620 3.414139
0.630 0.932397
0.640 3.512687
0.650 0.065428
0.660 8.831036
0.670 0.932967
0.680 5.705214
0.690 8.345856
0.700 4.642973
0.710 3.650809
0.720 2.061288
0.730 4.502597
0.740 2.903785
0.750 3.869256
0.760 6.524174
0.770 2.772645
0.780 3.991020
0.790 0.305590
0.800 5.391594
0.810 8.826834
0.820 2.726213
0.830 2.471239
0.840 5.157277
0.850 4.318949
0.860 3.519968
0.870 5.020014
0.880 1.839203
0.890 9.058767
0.900 1.071029
0.910 6.608399
0.920 1.079375
0.930 2.583862
0.940 3.895015
0.950 8.089642
0.960 7.192886
0.970 7.796660
0.980 8.644190
0.990 6.368575
