0.000 2.708840
0.010 2.705419
0.020 2.565683
0.030 3.278979
0.040 2.095513
0.050 6.701151
0.060 5.659659
0.070 2.492039
0.080 5.705742
0.090 1.772932
0.100 5.992068
0.110 3.397147
0.120 1.294094
0.130 3.149863
0.140 0.927412
0.150 2.750162
0.160 1.468212
0.170 5.602309
0.180 1.786792
0.190 5.755747
0.200 5.335329
0.210 2.054073
0.220 3.641848
0.230 3.527673
0.240 1.383382
0.250 2.632087
0.260 4.516583
0.270 6.405244
0.280 0.310884
0.290 4.713945
0.300 2.683273
0.310 5.586340
0.320 1.718735
0.330 4.739568
0.340 1.169051
0.350 5.431514
0.360 2.144032
0.370 5.122918
0.380 1.634862
0.390 3.281396
0.400 1.043606
0.410 4.638374
0.420 3.473194
0.430 1.309595
0.440 3.300326
0.450 3.847681
0.460 3.794624
0.470 0.974150
0.480 3.686937
0.490 2.592772
0.500 6.392430
0.510 1.565641
0.520 2.724298
0.530 5.777592
0.540 0.407284
0.550 0.370670
0.560 4.400979
0.570 4.683419
0.580 3.672314
0.590 1.911393
0.600 3.632897
0.610 6.561720
0.620 2.398490
0.630 6.309666
0.640 5.851256
0.650 4.468695
0.660 3.573527
0.670 4.445255
0.680 0.925462
0.690 4.300735
0.700 2.963119
0.710 0.027038
0.720 6.529115
0.730 4.525503
0.740 6.471429
0.750 2.878203
0.760 5.026966
0.770 3.109401
0.780 4.477367
0.790 5.412879
0.800 3.072361
0.810 3.724402
0.820 1.542329
0.830 5.312590
0.840 2.355565
0.850 2.735179
0.860 0.651231
0.870 1.301617
0.880 6.811830
0.890 1.706973
0.900 5.490365
0.910 5.496064
0.920 3.251313
0.930 1.351836
0.940 6.756025
0.950 1.147941
0.960 0.207996
0.970 6.671423
0.980 4.112924
0.990 4.498243
