0.000 0.351561
0.010 0.231804
0.020 0.816566
0.030 3.310463
0.040 0.052735
0.050 0.277635
0.060 0.204873
0.070 0.165957
0.080 0.910367
0.090 1.912493
0.100 3.338926
0.110 0.027109
0.120 2.794959
0.130 0.357576
0.140 2.826103
0.150 3.418418
0.160 2.588611
0.170 2.653810
0.180 0.943191
0.190 1.022229
0.200 2.124721
0.210 0.730248
0.220 2.695716
0.230 3.438139
0.240 2.325817
0.250 3.425793
0.260 1.274517
0.270 3.547915
0.280 2.927259
0.290 2.918006
0.300 0.774411
0.310 0.250610
0.320 0.604458
0.330 2.843485
0.340 3.479145
0.350 1.570903
0.360 2.314973
0.370 2.070456
0.380 1.125862
0.390 1.630074
0.400 0.303439
0.410 2.298327
0.420 3.337527
0.430 1.335549
0.440 1.907380
0.450 2.518700
0.460 1.429929
0.470 1.733516
0.480 0.754614
0.490 1.138038
0.500 0.731363
0.510 2.233302
0.520 2.072479
0.530 0.573493
0.540 0.658181
0.550 1.595944
0.560 2.156731
0.570 3.354614
0.580 1.559284
0.590 2.929887
0.600 1.172604
0.610 1.378485
0.620 0.317863
0.630 2.872358
0.640 0.715685
0.650 2.186867
0.660 0.262357
0.670 3.140399
0.680 0.697689
0.690 2.917402
0.700 1.485765
0.710 3.312690
0.720 2.576049
0.730 3.355312
0.740 0.813786
0.750 1.815375
0.760 3.049468
0.770 0.004186
0.780 1.666477
0.790 0.392638
0.800 3.077673
0.810 1.732824
0.820 3.449978
0.830 0.175408
0.840 3.435018
0.850 1.253821
0.860 1.642153
0.870 1.879217
0.880 0.632953
0.890 2.770211
0.900 3.198633
0.910 2.972566
0.920 2.095111
0.930 3.568259
0.940 2.307984
0.950 2.932694
0.960 0.074827
0.970 2.055517
0.980 1.455465
0.990 2.696312
