0.000 1.764714
0.010 2.653234
0.020 1.127402
0.030 2.112956
0.040 3.832703
0.050 2.225762
0.060 3.935800
0.070 2.386728
0.080 0.410488
0.090 0.019138
0.100 0.126221
0.110 4.113881
0.120 3.682969
0.130 4.290550
0.140 0.682117
0.150 0.257474
0.160 2.740284
0.170 1.991653
0.180 3.540930
0.190 2.542941
0.200 0.339965
0.210 1.059664
0.220 0.410979
0.230 2.695563
0.240 1.371545
0.250 0.328750
0.260 2.722881
0.270 3.891253
0.280 3.130686
0.290 2.887309
0.300 0.114429
0.310 0.415907
0.320 0.180178
0.330 2.007408
0.340 0.787283
0.350 2.052507
0.360 1.735521
0.370 1.461731
0.380 2.039389
0.390 0.106212
0.400 3.277980
0.410 3.238409
0.420 3.821492
0.430 0.348376
0.440 0.362550
0.450 0.060824
0.460 3.071404
0.470 3.963327
0.480 1.195585
0.490 3.155489
0.500 2.231601
0.510 2.860400
0.520 2.230657
0.530 0.503093
0.540 2.425552
0.550 2.074558
0.560 2.827554
0.570 0.294674
0.580 2.953308
0.590 1.667365
0.600 0.018780
0.610 0.439177
0.620 3.459460
0.630 0.590175
0.640 0.932678
0.650 0.847857
0.660 1.573390
0.670 2.808244
0.680 2.522566
0.690 2.667723
0.700 0.724622
0.710 3.199063
0.720 3.480186
0.730 4.350583
0.740 3.668546
0.750 3.964164
0.760 0.433327
0.770 1.633375
0.780 0.745886
0.790 4.400097
0.800 2.436655
0.810 2.043013
0.820 2.221799
0.830 3.987956
0.840 4.509136
0.850 3.568890
0.860 2.652703
0.870 4.311700
0.880 2.046310
0.890 1.862654
0.900 2.521001
0.910 2.812615
0.920 3.006838
0.930 1.163273
0.940 2.031992
0.950 3.441373
0.960 4.330229
0.970 0.276091
0.980 2.961655
0.990 1.606135
