0.000 2.177231
0.010 0.469785
0.020 1.305281
0.030 1.486841
0.040 0.053549
0.050 1.843150
0.060 1.604816
0.070 2.061070
0.080 2.563710
0.090 2.520006
0.100 3.524908
0.110 1.535101
0.120 0.996109
0.130 1.870890
0.140 3.667358
0.150 3.132174
0.160 2.188372
0.170 2.382727
0.180 3.608832
0.190 3.746753
0.200 0.924768
0.210 3.568265
0.220 2.906254
0.230 1.588628
0.240 3.650351
0.250 3.558678
0.260 1.732152
0.270 0.181851
0.280 3.322008
0.290 0.911654
0.300 2.051616
0.310 3.584427
0.320 3.475485
0.330 0.491545
0.340 2.419744
0.350 0.677209
0.360 1.973876
0.370 2.236628
0.380 1.387970
0.390 3.237015
0.400 2.386972
0.410 2.569189
0.420 1.485281
0.430 3.201409
0.440 2.222432
0.450 0.388109
0.460 0.928939
0.470 3.657719
0.480 3.361799
0.490 3.101004
0.500 2.270258
0.510 3.736195
0.520 3.183115
0.530 2.672726
0.540 0.098352
0.550 1.991035
0.560 3.531206
0.570 0.788386
0.580 2.452537
0.590 0.605179
0.600 1.498867
0.610 0.967256
0.620 0.451752
0.630 0.452300
0.640 0.266587
0.650 0.713283
0.660 2.128340
0.670 3.342055
0.680 1.812512
0.690 0.344621
0.700 0.319814
0.710 1.863631
0.720 3.758069
0.730 3.417622
0.740 2.115751
0.750 2.031731
0.760 0.476118
0.770 2.062370
0.780 3.333481
0.790 1.708458
0.800 2.313136
0.810 1.614759
0.820 2.643010
0.830 0.030213
0.840 0.806477
0.850 3.044363
0.860 3.052282
0.870 1.806706
0.880 3.448502
0.890 2.412512
0.900 2.456938
0.910 2.319086
0.920 3.276410
0.930 3.214538
0.940 2.307666
0.950 1.714984
0.960 1.066187
0.970 2.200182
0.980 3.448292
0.990 1.799327
