0.000 0.042733
0.010 0.239680
0.020 0.266019
0.030 0.242549
0.040 0.037136
0.050 0.051929
0.060 0.106876
0.070 0.448407
0.080 0.452204
0.090 0.464601
0.100 0.261119
0.110 0.450693
0.120 0.417661
0.130 0.309215
0.140 0.364255
0.150 0.311371
0.160 0.090869
0.170 0.412205
0.180 0.162051
0.190 0.322506
0.200 0.395095
0.210 0.232234
0.220 0.182906
0.230 0.007444
0.240 0.224391
0.250 0.062818
0.260 0.132424
0.270 0.149781
0.280 0.292862
0.290 0.060876
0.300 0.421319
0.310 0.460006
0.320 0.066576
0.330 0.227124
0.340 0.481422
0.350 0.168110
0.360 0.450472
0.370 0.229502
0.380 0.267686
0.390 0.342381
0.400 0.048886
0.410 0.413950
0.420 0.460497
0.430 0.236204
0.440 0.088317
0.450 0.070726
0.460 0.195184
0.470 0.014234
0.480 0.183018
0.490 0.237336
0.500 0.423228
0.510 0.391860
0.520 0.145911
0.530 0.482893
0.540 0.459894
0.550 0.432916
0.560 0.404213
0.570 0.263619
0.580 0.422596
0.590 0.126253
0.600 0.263142
0.610 0.129559
0.620 0.087653
0.630 0.405257
0.640 0.340392
0.650 0.376349
0.660 0.466855
0.670 0.334732
0.680 0.343256
0.690 0.272587
0.700 0.354060
0.710 0.200592
0.720 0.282556
0.730 0.403115
0.740 0.199063
0.750 0.127770
0.760 0.306146
0.770 0.435993
0.780 0.471184
0.790 0.162797
0.800 0.426198
0.810 0.063532
0.820 0.054571
0.830 0.344636
0.840 0.296855
0.850 0.315471
0.860 0.137234
0.870 0.108438
0.880 0.117716
0.890 0.332789
0.900 0.076985
0.910 0.214394
0.920 0.023676
0.930 0.334737
0.940 0.128336
0.950 0.217829
0.960 0.102748
0.970 0.394694
0.980 0.129178
0.990 0.419875
