0.000 3.687211
0.010 3.451059
0.020 2.841363
0.030 3.741914
0.040 5.534398
0.050 4.422188
0.060 4.572177
0.070 3.296878
0.080 0.205350
0.090 3.717184
0.100 2.856409
0.110 5.178974
0.120 0.238587
0.130 3.529374
0.140 2.598537
0.150 2.239349
0.160 2.867168
0.170 0.564637
0.180 5.273230
0.190 1.761966
0.200 4.568379
0.210 5.213445
0.220 4.286515
0.230 2.484313
0.240 0.715174
0.250 3.896381
0.260 3.382194
0.270 1.805675
0.280 2.673104
0.290 2.282465
0.300 0.416651
0.310 3.240524
0.320 0.056455
0.330 3.149139
0.340 3.991388
0.350 0.961982
0.360 2.926260
0.370 5.058170
0.380 1.091512
0.390 0.514734
0.400 3.279309
0.410 3.218484
0.420 0.121579
0.430 3.757113
0.440 5.525362
0.450 0.461718
0.460 0.207868
0.470 3.073680
0.480 5.053800
0.490 4.309953
0.500 3.582778
0.510 2.322389
0.520 3.007950
0.530 2.317969
0.540 4.560857
0.550 4.282034
0.560 3.278682
0.570 5.481860
0.580 2.164504
0.590 5.064502
0.600 4.540070
0.610 2.930910
0.620 3.277883
0.630 4.732151
0.640 4.798581
0.650 0.575152
0.660 1.846824
0.670 0.262827
0.680 2.010703
0.690 4.386250
0.700 3.751019
0.710 3.276122
0.720 0.115086
0.730 4.918427
0.740 5.385281
0.750 1.891632
0.760 3.912220
0.770 2.145681
0.780 5.394668
0.790 3.908840
0.800 2.929671
0.810 2.152553
0.820 3.797921
0.830 3.108978
0.840 1.895132
0.850 1.468200
0.860 4.417672
0.870 1.314701
0.880 4.972062
0.890 3.919791
0.900 4.805408
0.910 4.690058
0.920 5.174198
0.930 2.765251
0.940 0.638332
0.950 0.151614
0.960 0.953357
0.970 0.932183
0.980 1.193491
0.990 2.180833
