0.000 0.974236
0.010 0.317847
0.020 0.934655
0.030 3.315169
0.040 2.923453
0.050 3.546105
0.060 3.356335
0.070 3.287049
0.080 2.034847
0.090 2.609208
0.100 0.128770
0.110 1.061505
0.120 0.333825
0.130 3.474416
0.140 2.660875
0.150 0.169810
0.160 0.756933
0.170 1.497719
0.180 0.842781
0.190 3.380775
0.200 0.281342
0.210 0.222870
0.220 0.672191
0.230 0.303508
0.240 2.429242
0.250 1.122793
0.260 1.714412
0.270 3.037408
0.280 3.122142
0.290 1.104950
0.300 3.331725
0.310 3.182347
0.320 3.242914
0.330 2.188546
0.340 1.323876
0.350 0.912331
0.360 0.992319
0.370 3.667761
0.380 2.440728
0.390 0.225698
0.400 3.338341
0.410 1.922613
0.420 0.722333
0.430 1.491031
0.440 2.215403
0.450 2.177742
0.460 1.448356
0.470 0.362814
0.480 3.156253
0.490 3.102919
0.500 2.142588
0.510 0.876959
0.520 0.373823
0.530 0.325658
0.540 3.544523
0.550 2.759137
0.560 2.280071
0.570 0.777071
0.580 0.114801
0.590 2.747671
0.600 3.643781
0.610 3.468109
0.620 3.325244
0.630 3.402104
0.640 0.297649
0.650 0.755916
0.660 1.300976
0.670 1.066400
0.680 1.892061
0.690 0.240815
0.700 1.069426
0.710 1.904137
0.720 1.232928
0.730 2.847216
0.740 0.867376
0.750 0.799235
0.760 2.876872
0.770 2.165826
0.780 0.355768
0.790 0.194960
0.800 0.446129
0.810 3.280118
0.820 2.605858
0.830 1.444629
0.840 1.106035
0.850 3.440455
0.860 2.842025
0.870 0.120477
0.880 3.277426
0.890 1.789640
0.900 2.201109
0.910 0.603762
0.920 3.087433
0.930 0.458221
0.940 1.025297
0.950 2.892031
0.960 1.792847
0.970 2.807827
0.980 1.371335
0.990 3.297346
