0.000 0.093892
0.010 0.529439
0.020 0.117893
0.030 0.550297
0.040 0.210489
0.050 0.223816
0.060 0.747032
0.070 0.511882
0.080 0.771303
0.090 0.340250
0.100 0.368362
0.110 0.378147
0.120 0.746726
0.130 0.276617
0.140 0.935032
0.150 0.174449
0.160 0.325342
0.170 0.877665
0.180 0.110188
0.190 0.641158
0.200 0.604462
0.210 0.523219
0.220 0.314393
0.230 0.304094
0.240 0.134565
0.250 0.520565
0.260 0.845138
0.270 0.206753
0.280 0.180102
0.290 0.794960
0.300 0.041592
0.310 0.792300
0.320 0.819063
0.330 0.805535
0.340 0.483048
0.350 0.790690
0.360 0.867515
0.370 0.200215
0.380 0.620531
0.390 0.834923
0.400 0.691872
0.410 0.385688
0.420 0.472903
0.430 0.942922
0.440 0.906616
0.450 0.887527
0.460 0.938208
0.470 0.464756
0.480 0.031104
0.490 0.845205
0.500 0.966708
0.510 0.492667
0.520 0.327097
0.530 0.760611
0.540 0.612328
0.550 0.592753
0.560 0.944727
0.570 0.862765
0.580 0.256869
0.590 0.534285
0.600 0.868653
0.610 0.282539
0.620 0.282573
0.630 0.358616
0.640 0.724979
0.650 0.553733
0.660 0.709073
0.670 0.701339
0.680 0.749920
0.690 0.188224
0.700 0.065953
0.710 0.132619
0.720 0.175873
0.730 0.031932
0.740 0.967447
0.750 0.021682
0.760 0.411041
0.770 0.457738
0.780 0.480082
0.790 0.079282
0.800 0.850853
0.810 0.383416
0.820 0.901079
0.830 0.414130
0.840 0.507745
0.850 0.013957
0.860 0.478697
0.870 0.865009
0.880 0.797056
0.890 0.788066
0.900 0.299467
0.910 0.478326
0.920 0.759375
0.930 0.484489
0.940 0.755087
0.950 0.287781
0.960 0.354158
0.970 0.658537
0.980 0.337459
0.990 0.703064
