0.000 5.378009
0.010 2.989440
0.020 4.179691
0.030 1.895615
0.040 5.691649
0.050 6.577671
0.060 0.907445
0.070 6.007470
0.080 7.257107
0.090 6.226461
0.100 3.238789
0.110 0.986835
0.120 2.369614
0.130 7.091522
0.140 0.533297
0.150 7.288529
0.160 4.017198
0.170 8.168900
0.180 6.567513
0.190 7.021739
0.200 4.661425
0.210 6.852217
0.220 5.699146
0.230 2.633328
0.240 0.446673
0.250 2.588318
0.260 6.869444
0.270 2.293891
0.280 4.908772
0.290 5.605132
0.300 7.371453
0.310 0.015285
0.320 7.198692
0.330 4.815266
0.340 5.561149
0.350 0.812392
0.360 8.021285
0.370 0.508284
0.380 3.749357
0.390 1.897666
0.400 2.773195
0.410 2.096957
0.420 3.413727
0.430 4.261192
0.440 0.502047
0.450 4.519547
0.460 1.322405
0.470 6.537373
0.480 3.789005
0.490 2.075084
0.500 3.353704
0.510 4.853609
0.520 1.754915
0.530 6.748692
0.540 4.153725
0.550 7.559470
0.560 1.892025
0.570 3.616519
0.580 1.765622
0.590 8.192177
0.600 0.071376
0.610 1.348255
0.620 7.118488
0.630 1.899256
0.640 6.510177
0.650 7.736210
0.660 1.326877
0.670 1.153970
0.680 5.350397
0.690 3.759151
0.700 6.014866
0.710 1.258042
0.720 7.572303
0.730 7.770563
0.740 5.708260
0.750 2.000273
0.760 2.414722
0.770 2.105145
0.780 2.054246
0.790 4.716582
0.800 0.768658
0.810 1.781542
0.820 6.995658
0.830 6.354981
0.840 1.178189
0.850 3.543932
0.860 6.417595
0.870 2.209808
0.880 0.536436
0.890 0.621173
0.900 5.122950
0.910 6.587563
0.920 4.339698
0.930 2.751263
0.940 7.631587
0.950 7.638347
0.960 0.525268
0.970 2.534351
0.980 3.206872
0.990 4.823549
