0.000 0.240551
0.010 0.191170
0.020 0.488137
0.030 0.097547
0.040 0.232643
0.050 0.439841
0.060 0.075960
0.070 0.296246
0.080 0.113982
0.090 0.476277
0.100 0.323847
0.110 0.548059
0.120 0.100769
0.130 0.319036
0.140 0.374664
0.150 0.085443
0.160 0.367961
0.170 0.314883
0.180 0.145533
0.190 0.398786
0.200 0.289554
0.210 0.273894
0.220 0.366675
0.230 0.054931
0.240 0.251093
0.250 0.367729
0.260 0.092408
0.270 0.547175
0.280 0.266573
0.290 0.465494
0.300 0.190207
0.310 0.254458
0.320 0.216351
0.330 0.043016
0.340 0.481665
0.350 0.374800
0.360 0.065726
0.370 0.493434
0.380 0.004912
0.390 0.204102
0.400 0.289890
0.410 0.285893
0.420 0.124216
0.430 0.046084
0.440 0.439461
0.450 0.519255
0.460 0.271578
0.470 0.100647
0.480 0.327709
0.490 0.387063
0.500 0.040657
0.510 0.035819
0.520 0.236757
0.530 0.301922
0.540 0.566524
0.550 0.207103
0.560 0.237087
0.570 0.557206
0.580 0.243549
0.590 0.342338
0.600 0.590006
0.610 0.000754
0.620 0.021722
0.630 0.425913
0.640 0.305433
0.650 0.433610
0.660 0.121208
0.670 0.494874
0.680 0.403129
0.690 0.285629
0.700 0.253002
0.710 0.470696
0.720 0.406434
0.730 0.446247
0.740 0.279318
0.750 0.438990
0.760 0.221369
0.770 0.346689
0.780 0.468059
0.790 0.196048
0.800 0.243903
0.810 0.461264
0.820 0.128024
0.830 0.197869
0.840 0.316695
0.850 0.147551
0.860 0.045589
0.870 0.068643
0.880 0.484483
0.890 0.398376
0.900 0.286545
0.910 0.293062
0.920 0.159301
0.930 0.337068
0.940 0.366347
0.950 0.234106
0.960 0.276639
0.970 0.279572
0.980 0.489127
0.990 0.321571
