0.000 0.223620
0.010 1.174147
0.020 0.907106
0.030 0.203258
0.040 1.121163
0.050 0.197968
0.060 1.281875
0.070 1.107751
0.080 0.194742
0.090 0.453082
0.100 1.031661
0.110 0.215370
0.120 0.507608
0.130 0.542035
0.140 0.421796
0.150 0.149565
0.160 1.255647
0.170 0.907527
0.180 0.525188
0.190 0.393193
0.200 0.932941
0.210 1.150269
0.220 0.275677
0.230 0.155491
0.240 0.542592
0.250 0.997766
0.260 0.947715
0.270 1.220909
0.280 0.902545
0.290 0.891290
0.300 1.117039
0.310 0.698110
0.320 0.063975
0.330 1.114147
0.340 0.455432
0.350 0.313438
0.360 0.359153
0.370 0.570874
0.380 0.139602
0.390 0.136076
0.400 0.702193
0.410 1.236429
0.420 0.746201
0.430 0.869537
0.440 0.502458
0.450 1.029629
0.460 0.800376
0.470 0.341600
0.480 0.700922
0.490 0.381371
0.500 0.971372
0.510 0.948357
0.520 1.058423
0.530 0.569025
0.540 0.735304
0.550 0.053341
0.560 0.058064
0.570 0.731884
0.580 1.142983
0.590 0.538027
0.600 1.098660
0.610 0.480073
0.620 0.636939
0.630 0.254143
0.640 1.038176
0.650 1.076354
0.660 0.881618
0.670 1.120773
0.680 0.373926
0.690 0.800989
0.700 0.982214
0.710 0.292838
0.720 0.165834
0.730 0.085510
0.740 0.126931
0.750 0.563465
0.760 0.085703
0.770 0.708343
0.780 1.325649
0.790 1.181507
0.800 0.235003
0.810 0.571237
0.820 1.310382
0.830 1.266032
0.840 0.264871
0.850 1.291987
0.860 1.168708
0.870 0.997857
0.880 0.353772
0.890 1.275370
0.900 0.134215
0.910 0.248112
0.920 0.174600
0.930 0.027450
0.940 0.209993
0.950 1.061118
0.960 0.935064
0.970 1.146859
0.980 0.996303
0.990 0.720434
