0.000 0.151876
0.010 0.346789
0.020 0.362090
0.030 0.176663
0.040 0.145171
0.050 0.140050
0.060 0.023394
0.070 0.044072
0.080 0.187876
0.090 0.200233
0.100 0.164112
0.110 0.175508
0.120 0.046285
0.130 0.125255
0.140 0.270755
0.150 0.201171
0.160 0.292513
0.170 0.097165
0.180 0.242962
0.190 0.204850
0.200 0.349664
0.210 0.293765
0.220 0.253851
0.230 0.131687
0.240 0.168524
0.250 0.270195
0.260 0.091553
0.270 0.270559
0.280 0.377341
0.290 0.017041
0.300 0.135131
0.310 0.332847
0.320 0.075898
0.330 0.038524
0.340 0.316336
0.350 0.351364
0.360 0.212061
0.370 0.014666
0.380 0.227532
0.390 0.189168
0.400 0.054869
0.410 0.190535
0.420 0.017708
0.430 0.162171
0.440 0.328786
0.450 0.015788
0.460 0.321646
0.470 0.235171
0.480 0.372697
0.490 0.233638
0.500 0.333881
0.510 0.242987
0.520 0.069308
0.530 0.313174
0.540 0.160884
0.550 0.041216
0.560 0.234622
0.570 0.119412
0.580 0.268555
0.590 0.035864
0.600 0.315805
0.610 0.208209
0.620 0.138618
0.630 0.162490
0.640 0.080395
0.650 0.011168
0.660 0.395913
0.670 0.094549
0.680 0.374444
0.690 0.296087
0.700 0.016671
0.710 0.040647
0.720 0.004009
0.730 0.357194
0.740 0.131269
0.750 0.068364
0.760 0.110068
0.770 0.356310
0.780 0.379503
0.790 0.121222
0.800 0.262004
0.810 0.036412
0.820 0.201651
0.830 0.158592
0.840 0.111531
0.850 0.126061
0.860 0.037534
0.870 0.236822
0.880 0.366418
0.890 0.114638
0.900 0.301008
0.910 0.140862
0.920 0.157617
0.930 0.200362
0.940 0.076009
0.950 0.256954
0.960 0.370794
0.970 0.345296
0.980 0.123354
0.990 0.307022
