0.000 3.433273
0.010 4.608416
0.020 2.255390
0.030 0.625763
0.040 4.486416
0.050 0.913691
0.060 1.072434
0.070 1.297928
0.080 0.014895
0.090 1.757040
0.100 3.584271
0.110 3.287850
0.120 4.914232
0.130 5.679253
0.140 1.479067
0.150 3.529328
0.160 6.342370
0.170 4.082221
0.180 5.601746
0.190 3.358821
0.200 0.837402
0.210 5.618861
0.220 6.380957
0.230 3.664652
0.240 5.673654
0.250 1.900373
0.260 0.385621
0.270 1.748485
0.280 4.220625
0.290 6.715354
0.300 4.832991
0.310 0.382392
0.320 0.965773
0.330 3.891036
0.340 0.049600
0.350 4.200675
0.360 1.849894
0.370 4.556315
0.380 0.012931
0.390 1.820657
0.400 6.407782
0.410 6.055345
0.420 0.096662
0.430 2.993545
0.440 6.322050
0.450 2.841300
0.460 1.172161
0.470 0.772878
0.480 2.188492
0.490 1.438039
0.500 4.118429
0.510 3.148076
0.520 1.276992
0.530 6.535231
0.540 1.526037
0.550 2.568041
0.560 3.356801
0.570 0.041632
0.580 4.575207
0.590 0.996021
0.600 3.847263
0.610 4.184229
0.620 2.047363
0.630 6.025951
0.640 5.094979
0.650 5.640936
0.660 2.567041
0.670 2.231605
0.680 6.112456
0.690 2.136541
0.700 3.743278
0.710 0.644166
0.720 5.492316
0.730 4.499619
0.740 3.117734
0.750 0.376095
0.760 1.311973
0.770 5.239571
0.780 6.078720
0.790 0.789179
0.800 4.240853
0.810 3.908139
0.820 1.244841
0.830 5.532794
0.840 1.956153
0.850 5.446142
0.860 5.631565
0.870 5.347213
0.880 3.666889
0.890 3.642151
0.900 4.539141
0.910 2.167056
0.920 1.574611
0.930 4.803466
0.940 1.321464
0.950 3.943315
0.960 5.983602
0.970 3.144764
0.980 3.515922
0.990 2.240461
