0.000 1.507488
0.010 2.663688
0.020 1.311219
0.030 1.391498
0.040 1.136506
0.050 0.113313
0.060 1.344597
0.070 2.966902
0.080 2.809796
0.090 0.705966
0.100 2.688590
0.110 1.012035
0.120 2.821713
0.130 1.698020
0.140 1.813664
0.150 0.502868
0.160 0.054556
0.170 1.975519
0.180 3.039932
0.190 1.719148
0.200 2.915809
0.210 0.082658
0.220 1.402763
0.230 0.213300
0.240 0.876904
0.250 3.092759
0.260 1.250187
0.270 2.297053
0.280 0.485953
0.290 2.815602
0.300 0.382641
0.310 1.333625
0.320 2.892124
0.330 0.663594
0.340 0.981504
0.350 0.278656
0.360 1.499714
0.370 1.157202
0.380 0.446394
0.390 3.071665
0.400 2.348951
0.410 1.763196
0.420 2.047730
0.430 2.871058
0.440 0.266322
0.450 0.150467
0.460 0.398493
0.470 1.179387
0.480 1.920236
0.490 0.974968
0.500 2.625869
0.510 2.674574
0.520 2.757444
0.530 1.815818
0.540 1.018847
0.550 1.628826
0.560 1.533406
0.570 1.172690
0.580 1.750182
0.590 0.808786
0.600 1.448784
0.610 0.488286
0.620 0.712108
0.630 3.032247
0.640 1.737001
0.650 1.590659
0.660 2.069855
0.670 0.265162
0.680 2.371191
0.690 0.524305
0.700 2.701451
0.710 1.891094
0.720 2.910018
0.730 0.438447
0.740 2.028911
0.750 1.026301
0.760 0.856443
0.770 0.713493
0.780 0.635572
0.790 0.369687
0.800 0.967279
0.810 3.064572
0.820 2.170341
0.830 1.730618
0.840 1.739049
0.850 2.223232
0.860 1.044604
0.870 2.835684
0.880 1.569877
0.890 1.700611
0.900 0.755300
0.910 2.476527
0.920 1.614293
0.930 1.742189
0.940 2.624651
0.950 0.486529
0.960 0.098160
0.970 0.038455
0.980 0.575105
0.990 2.416814
