0.000 1.897738
0.010 0.593229
0.020 1.256203
0.030 0.664532
0.040 4.024664
0.050 0.838226
0.060 4.097894
0.070 1.626181
0.080 3.812377
0.090 3.729940
0.100 4.280135
0.110 3.785144
0.120 2.352787
0.130 0.325371
0.140 0.681308
0.150 0.020597
0.160 1.959272
0.170 1.473814
0.180 3.299088
0.190 3.775716
0.200 2.730933
0.210 1.065704
0.220 2.512847
0.230 3.536527
0.240 0.986479
0.250 1.102666
0.260 0.440075
0.270 3.038787
0.280 0.456223
0.290 2.274016
0.300 1.580951
0.310 3.698242
0.320 2.341927
0.330 1.574214
0.340 4.047067
0.350 2.706340
0.360 3.451795
0.370 0.747879
0.380 3.545814
0.390 2.433795
0.400 3.262067
0.410 2.872210
0.420 2.695455
0.430 0.423769
0.440 2.347718
0.450 3.102722
0.460 1.675721
0.470 0.167220
0.480 2.902060
0.490 0.138787
0.500 0.775220
0.510 1.318071
0.520 3.140339
0.530 1.960186
0.540 3.021992
0.550 0.112510
0.560 4.271165
0.570 1.719779
0.580 1.708859
0.590 0.024143
0.600 4.263212
0.610 2.952807
0.620 3.381255
0.630 1.118571
0.640 0.573443
0.650 0.155369
0.660 3.392610
0.670 0.674779
0.680 3.558559
0.690 4.027614
0.700 1.907950
0.710 3.648759
0.720 3.901806
0.730 1.706766
0.740 0.367037
0.750 2.699248
0.760 2.985686
0.770 3.716537
0.780 0.213746
0.790 0.590993
0.800 0.830268
0.810 0.859609
0.820 1.090619
0.830 0.435847
0.840 3.268436
0.850 2.881423
0.860 4.268526
0.870 3.095095
0.880 1.062969
0.890 3.367992
0.900 1.949072
0.910 2.905060
0.920 3.773001
0.930 2.114860
0.940 3.643172
0.950 0.484836
0.960 3.976371
0.970 1.586111
0.980 1.044893
0.990 3.287769
