0.000 0.255688
0.010 2.732673
0.020 0.069811
0.030 0.074641
0.040 0.403364
0.050 1.339875
0.060 0.640016
0.070 1.882503
0.080 2.604137
0.090 0.622077
0.100 3.106472
0.110 1.304878
0.120 0.543947
0.130 3.262861
0.140 2.443930
0.150 0.627242
0.160 2.807684
0.170 2.286206
0.180 2.942805
0.190 2.469129
0.200 0.020002
0.210 2.085298
0.220 1.897516
0.230 3.432808
0.240 2.168471
0.250 2.770148
0.260 3.148330
0.270 1.430213
0.280 1.477430
0.290 1.263499
0.300 2.760469
0.310 1.874285
0.320 1.482787
0.330 2.624135
0.340 2.785490
0.350 2.330422
0.360 0.910627
0.370 2.854718
0.380 2.665027
0.390 0.129001
0.400 1.370759
0.410 2.910370
0.420 1.775249
0.430 1.285829
0.440 1.080262
0.450 3.218438
0.460 1.498885
0.470 3.369950
0.480 2.151753
0.490 2.205912
0.500 0.788034
0.510 3.035927
0.520 0.547239
0.530 1.345067
0.540 0.016235
0.550 3.129465
0.560 0.077565
0.570 1.732919
0.580 3.408239
0.590 2.375404
0.600 0.612655
0.610 0.288666
0.620 2.285617
0.630 2.249013
0.640 2.450970
0.650 2.835826
0.660 0.609127
0.670 0.370928
0.680 1.065121
0.690 3.325136
0.700 1.008510
0.710 1.993962
0.720 1.989067
0.730 3.275840
0.740 1.721493
0.750 2.147169
0.760 0.497484
0.770 0.038519
0.780 0.895049
0.790 3.335473
0.800 1.500660
0.810 1.557506
0.820 2.385920
0.830 2.004363
0.840 3.405070
0.850 1.432727
0.860 2.477045
0.870 0.904979
0.880 1.337222
0.890 2.214071
0.900 0.390325
0.910 0.044254
0.920 0.691011
0.930 2.812689
0.940 2.007534
0.950 1.866874
0.960 0.607972
0.970 0.965425
0.980 1.211732
0.990 1.858861
