0.000 4.449930
0.010 3.245225
0.020 4.857084
0.030 3.327929
0.040 2.003712
0.050 2.710481
0.060 2.447028
0.070 4.569805
0.080 3.151650
0.090 1.244398
0.100 1.926516
0.110 4.130189
0.120 2.101136
0.130 4.209913
0.140 3.298803
0.150 3.484252
0.160 2.824276
0.170 1.216450
0.180 0.817830
0.190 2.330622
0.200 2.013926
0.210 2.362482
0.220 1.866689
0.230 1.981641
0.240 1.600432
0.250 0.767966
0.260 0.966500
0.270 2.171024
0.280 1.508903
0.290 2.591230
0.300 0.876798
0.310 0.171851
0.320 3.013580
0.330 3.750050
0.340 0.334205
0.350 2.900739
0.360 1.846664
0.370 3.326578
0.380 3.001809
0.390 2.698039
0.400 3.785842
0.410 2.390502
0.420 1.549705
0.430 1.366621
0.440 0.979806
0.450 0.192622
0.460 2.840087
0.470 2.266263
0.480 0.100603
0.490 2.981560
0.500 0.907290
0.510 3.065453
0.520 4.771249
0.530 1.141205
0.540 0.549877
0.550 0.702063
0.560 3.127953
0.570 1.525161
0.580 2.386123
0.590 0.379365
0.600 4.494360
0.610 3.683031
0.620 4.310048
0.630 4.755473
0.640 2.555537
0.650 3.644056
0.660 0.812626
0.670 1.618240
0.680 3.104919
0.690 2.691344
0.700 4.478926
0.710 1.986644
0.720 4.289459
0.730 3.489761
0.740 2.607333
0.750 4.600042
0.760 1.502755
0.770 2.583344
0.780 4.305990
0.790 0.658427
0.800 2.081661
0.810 3.136891
0.820 3.993687
0.830 1.323545
0.840 2.356925
0.850 2.746783
0.860 2.396919
0.870 0.780851
0.880 2.165175
0.890 4.252313
0.900 0.657549
0.910 4.766514
0.920 0.999251
0.930 0.741381
0.940 1.485694
0.950 3.634101
0.960 2.071671
0.970 0.702998
0.980 3.879698
0.990 4.268256
