0.000 7.318254
0.010 4.648531
0.020 3.132947
0.030 0.372397
0.040 2.173052
0.050 8.062960
0.060 5.065888
0.070 4.596469
0.080 1.896058
0.090 4.258082
0.100 0.700339
0.110 6.918472
0.120 6.766984
0.130 3.613509
0.140 6.308475
0.150 2.423503
0.160 1.519926
0.170 2.766802
0.180 3.166564
0.190 4.927151
0.200 5.183424
0.210 2.511399
0.220 4.564758
0.230 0.898664
0.240 2.597641
0.250 0.476863
0.260 6.828376
0.270 6.120287
0.280 4.232019
0.290 3.970613
0.300 0.145417
0.310 5.898470
0.320 3.862706
0.330 2.221988
0.340 4.047282
0.350 2.505533
0.360 1.826299
0.370 8.087108
0.380 7.679163
0.390 6.068610
0.400 4.893999
0.410 7.205143
0.420 6.269293
0.430 7.167443
0.440 1.840048
0.450 6.058909
0.460 7.754872
0.470 8.102837
0.480 5.193707
0.490 6.792316
0.500 1.075671
0.510 1.273706
0.520 1.668536
0.530 2.357575
0.540 1.375688
0.550 4.448474
0.560 3.362650
0.570 6.215926
0.580 3.673288
0.590 2.182184
0.600 2.182760
0.610 0.826736
0.620 6.703959
0.630 4.510943
0.640 2.449049
0.650 7.400971
0.660 3.266629
0.670 3.627218
0.680 0.712267
0.690 5.406696
0.700 5.548041
0.710 2.728171
0.720 0.983657
0.730 5.922476
0.740 3.091934
0.750 5.108919
0.760 2.147357
0.770 3.487002
0.780 1.194861
0.790 7.721406
0.800 0.866977
0.810 6.650132
0.820 2.256791
0.830 1.909881
0.840 6.445300
0.850 2.162862
0.860 1.732706
0.870 1.864237
0.880 7.940271
0.890 2.922679
0.900 6.359889
0.910 7.037343
0.920 8.197266
0.930 6.343309
0.940 4.207914
0.950 4.479587
0.960 5.462727
0.970 1.086327
0.980 2.736799
0.990 7.336093
