0.000 1.586870
0.010 6.733074
0.020 4.683543
0.030 6.526746
0.040 0.350992
0.050 7.037326
0.060 0.739365
0.070 4.140281
0.080 2.515288
0.090 1.801672
0.100 6.641550
0.110 6.753282
0.120 5.251765
0.130 6.358953
0.140 5.961068
0.150 1.302204
0.160 3.066399
0.170 2.407435
0.180 2.921974
0.190 6.204182
0.200 2.770852
0.210 1.317887
0.220 5.158061
0.230 7.222068
0.240 6.001043
0.250 3.083971
0.260 1.300492
0.270 4.649769
0.280 1.918957
0.290 6.859957
0.300 3.714447
0.310 2.385553
0.320 5.605696
0.330 3.541345
0.340 5.329474
0.350 5.978521
0.360 7.130540
0.370 4.877146
0.380 4.488929
0.390 1.089997
0.400 6.325067
0.410 0.750812
0.420 0.612468
0.430 4.971219
0.440 1.758957
0.450 1.317263
0.460 1.877490
0.470 2.205378
0.480 4.643358
0.490 5.869850
0.500 1.029781
0.510 4.637140
0.520 3.263384
0.530 1.925144
0.540 3.052902
0.550 4.172870
0.560 1.620754
0.570 1.805842
0.580 3.205924
0.590 0.682277
0.600 2.544638
0.610 2.403256
0.620 3.147527
0.630 5.704110
0.640 6.226717
0.650 4.538595
0.660 5.367831
0.670 3.778163
0.680 7.017964
0.690 3.267075
0.700 1.424121
0.710 2.176085
0.720 4.240339
0.730 3.835141
0.740 1.038952
0.750 6.903478
0.760 3.962293
0.770 0.475037
0.780 0.876907
0.790 6.332010
0.800 6.839549
0.810 7.017192
0.820 5.889903
0.830 4.613736
0.840 1.901145
0.850 2.784500
0.860 0.689087
0.870 1.915569
0.880 2.502928
0.890 5.756755
0.900 6.495088
0.910 6.592617
0.920 1.374639
0.930 2.679809
0.940 6.132318
0.950 4.037209
0.960 2.922815
0.970 0.688112
0.980 1.611636
0.990 1.814172
