0.000 1.800323
0.010 4.587961
0.020 3.724663
0.030 0.841906
0.040 1.225561
0.050 4.083608
0.060 1.551194
0.070 2.941957
0.080 4.296389
0.090 1.333382
0.100 0.019531
0.110 2.626399
0.120 1.620743
0.130 2.795300
0.140 4.265120
0.150 4.930410
0.160 0.443970
0.170 0.538821
0.180 4.118944
0.190 1.279692
0.200 1.090224
0.210 0.275982
0.220 3.607672
0.230 1.006002
0.240 2.870577
0.250 0.501931
0.260 2.757546
0.270 2.969421
0.280 1.520771
0.290 1.397707
0.300 4.478125
0.310 3.023306
0.320 3.543459
0.330 0.061917
0.340 1.311562
0.350 0.740744
0.360 1.013441
0.370 3.601676
0.380 0.415938
0.390 4.277703
0.400 0.954001
0.410 4.169193
0.420 4.228822
0.430 3.257772
0.440 0.712050
0.450 0.146418
0.460 3.778353
0.470 2.373323
0.480 4.822429
0.490 0.164518
0.500 0.672544
0.510 0.375732
0.520 1.384678
0.530 1.647955
0.540 3.542885
0.550 1.027469
0.560 4.104091
0.570 2.992485
0.580 1.638197
0.590 5.017790
0.600 1.535466
0.610 3.556734
0.620 3.303839
0.630 1.912929
0.640 1.986008
0.650 2.638420
0.660 1.257639
0.670 0.052423
0.680 3.605636
0.690 3.553504
0.700 0.994011
0.710 1.522499
0.720 0.923317
0.730 0.008945
0.740 1.040216
0.750 4.413079
0.760 0.577109
0.770 4.974426
0.780 1.364477
0.790 3.133644
0.800 4.416015
0.810 4.845335
0.820 3.241911
0.830 4.483613
0.840 4.960059
0.850 4.800098
0.860 0.292579
0.870 1.447588
0.880 4.034168
0.890 2.255524
0.900 4.608027
0.910 1.847762
0.920 1.315474
0.930 4.218059
0.940 0.651802
0.950 2.514291
0.960 1.653740
0.970 4.463323
0.980 3.396773
0.990 1.552797
