0.000 0.890008
0.010 1.819025
0.020 1.496365
0.030 1.560744
0.040 0.479170
0.050 1.059051
0.060 1.403709
0.070 1.915117
0.080 0.133722
0.090 1.846844
0.100 0.763396
0.110 0.354583
0.120 0.540161
0.130 1.030299
0.140 0.262333
0.150 1.921574
0.160 1.790575
0.170 0.709245
0.180 0.939495
0.190 0.272846
0.200 0.949497
0.210 1.746280
0.220 0.311530
0.230 1.753394
0.240 1.534259
0.250 0.860003
0.260 1.395935
0.270 0.867756
0.280 0.420627
0.290 0.301994
0.300 0.977946
0.310 1.573337
0.320 0.261866
0.330 0.993984
0.340 1.900235
0.350 1.691808
0.360 1.334540
0.370 1.431702
0.380 1.276986
0.390 1.188761
0.400 1.908816
0.410 1.820121
0.420 1.824697
0.430 0.620178
0.440 1.232127
0.450 1.680354
0.460 1.317783
0.470 0.578472
0.480 1.627476
0.490 1.730258
0.500 0.326495
0.510 1.158745
0.520 0.458144
0.530 1.238528
0.540 1.605650
0.550 1.795802
0.560 0.781426
0.570 0.702998
0.580 1.735522
0.590 0.545722
0.600 0.402850
0.610 1.997199
0.620 1.700058
0.630 1.929735
0.640 1.388386
0.650 0.289266
0.660 0.329997
0.670 1.145715
0.680 0.672279
0.690 0.445055
0.700 0.781786
0.710 0.274877
0.720 0.048035
0.730 0.214340
0.740 1.129208
0.750 1.246615
0.760 0.234980
0.770 0.288729
0.780 0.162704
0.790 1.844084
0.800 1.637170
0.810 1.972292
0.820 0.353993
0.830 1.750391
0.840 1.545649
0.850 0.533473
0.860 0.164297
0.870 0.184709
0.880 1.067967
0.890 1.944447
0.900 1.726172
0.910 0.213003
0.920 0.879947
0.930 1.517586
0.940 1.017804
0.950 1.223158
0.960 1.234859
0.970 1.714958
0.980 0.795514
0.990 0.421366
