0.000 6.837060
0.010 4.017933
0.020 3.672017
0.030 1.761311
0.040 7.337276
0.050 6.534139
0.060 6.810668
0.070 6.654419
0.080 1.206784
0.090 4.680059
0.100 5.113779
0.110 2.144171
0.120 1.300839
0.130 7.566286
0.140 7.236028
0.150 2.517133
0.160 7.149084
0.170 7.373790
0.180 5.236003
0.190 7.275558
0.200 5.224527
0.210 5.144152
0.220 2.912401
0.230 7.567755
0.240 3.373021
0.250 0.959145
0.260 5.596586
0.270 6.210737
0.280 1.506150
0.290 6.199111
0.300 5.173503
0.310 1.459376
0.320 1.383906
0.330 1.074545
0.340 7.524818
0.350 2.284526
0.360 6.099125
0.370 1.765072
0.380 4.385841
0.390 1.719997
0.400 7.549422
0.410 1.547542
0.420 5.538638
0.430 3.024536
0.440 2.909456
0.450 7.586231
0.460 6.258463
0.470 0.499490
0.480 2.753466
0.490 4.293902
0.500 6.929961
0.510 2.242828
0.520 6.773672
0.530 7.480822
0.540 5.309412
0.550 6.264657
0.560 1.106914
0.570 0.616762
0.580 5.662208
0.590 0.913709
0.600 4.379165
0.610 0.271853
0.620 4.412189
0.630 0.660106
0.640 1.996943
0.650 5.799762
0.660 0.573751
0.670 4.953329
0.680 1.573283
0.690 3.155019
0.700 2.447758
0.710 5.007516
0.720 4.141946
0.730 6.954206
0.740 0.645958
0.750 1.590794
0.760 4.884547
0.770 2.158204
0.780 3.928732
0.790 6.810201
0.800 1.304545
0.810 4.833293
0.820 1.259971
0.830 4.408344
0.840 6.303727
0.850 5.711156
0.860 5.779414
0.870 6.491202
0.880 2.199070
0.890 0.325159
0.900 1.830111
0.910 2.423109
0.920 6.234287
0.930 2.634810
0.940 6.059266
0.950 1.744655
0.960 0.894906
0.970 1.948347
0.980 5.555743
0.990 4.281458
