0.000 4.679388
0.010 4.207827
0.020 2.772962
0.030 2.476878
0.040 3.487973
0.050 2.878682
0.060 2.137860
0.070 2.743417
0.080 2.490818
0.090 0.234480
0.100 4.392274
0.110 3.374530
0.120 1.815489
0.130 2.493581
0.140 3.371188
0.150 1.637516
0.160 4.129167
0.170 0.720740
0.180 2.498145
0.190 2.751662
0.200 1.094686
0.210 0.908510
0.220 4.488728
0.230 0.319409
0.240 3.859907
0.250 3.759688
0.260 1.492106
0.270 1.375268
0.280 1.197797
0.290 3.179117
0.300 3.859787
0.310 2.221469
0.320 0.630278
0.330 2.372491
0.340 3.359751
0.350 1.528488
0.360 3.654635
0.370 3.064019
0.380 2.077873
0.390 2.177745
0.400 2.623335
0.410 4.609461
0.420 4.025454
0.430 3.787172
0.440 3.309354
0.450 3.666711
0.460 1.338406
0.470 3.472114
0.480 1.151977
0.490 0.809874
0.500 2.813562
0.510 3.362349
0.520 1.696362
0.530 0.683874
0.540 2.509145
0.550 1.286747
0.560 4.593818
0.570 1.318867
0.580 3.237556
0.590 4.592477
0.600 4.481862
0.610 4.225393
0.620 1.823792
0.630 4.690620
0.640 1.323877
0.650 4.124310
0.660 0.997797
0.670 2.983701
0.680 1.723241
0.690 3.869963
0.700 4.047651
0.710 2.122650
0.720 1.670887
0.730 4.685104
0.740 3.031740
0.750 1.063723
0.760 0.896546
0.770 4.469375
0.780 3.564218
0.790 3.876194
0.800 4.406375
0.810 0.039713
0.820 0.982743
0.830 4.447366
0.840 0.274364
0.850 4.524257
0.860 2.791597
0.870 0.201567
0.880 2.061073
0.890 4.347740
0.900 4.194015
0.910 4.500701
0.920 2.408951
0.930 0.263545
0.940 3.430474
0.950 3.573474
0.960 2.518791
0.970 3.474150
0.980 1.315214
0.990 1.009338
