0.000 1.183135
0.010 2.818306
0.020 1.856222
0.030 0.115217
0.040 2.027499
0.050 2.563738
0.060 0.311211
0.070 3.137028
0.080 3.542627
0.090 1.395193
0.100 2.101512
0.110 0.619764
0.120 1.746518
0.130 1.939881
0.140 1.276614
0.150 0.731912
0.160 2.604710
0.170 1.783321
0.180 0.924018
0.190 1.459169
0.200 2.838792
0.210 1.569752
0.220 1.060929
0.230 0.285513
0.240 1.335191
0.250 0.055230
0.260 0.046946
0.270 1.561639
0.280 0.835382
0.290 1.080356
0.300 2.724089
0.310 0.005150
0.320 0.832997
0.330 3.058213
0.340 2.431690
0.350 2.035211
0.360 1.188504
0.370 3.307288
0.380 0.834268
0.390 2.155762
0.400 0.182021
0.410 1.748422
0.420 3.003637
0.430 3.050381
0.440 2.060788
0.450 3.512641
0.460 1.598208
0.470 0.240380
0.480 1.590910
0.490 0.031647
0.500 3.604817
0.510 3.051861
0.520 2.174689
0.530 0.157794
0.540 1.010180
0.550 0.239282
0.560 0.301492
0.570 0.277625
0.580 3.597177
0.590 0.012185
0.600 3.505627
0.610 1.023139
0.620 0.358235
0.630 3.287009
0.640 3.271854
0.650 1.862233
0.660 2.901540
0.670 3.323483
0.680 3.389772
0.690 2.703147
0.700 0.457371
0.710 2.096847
0.720 2.735669
0.730 1.317716
0.740 2.385306
0.750 2.547547
0.760 0.592258
0.770 0.374686
0.780 0.975968
0.790 3.189858
0.800 1.368586
0.810 0.478056
0.820 0.466927
0.830 1.716570
0.840 1.188387
0.850 1.930828
0.860 1.300757
0.870 1.016487
0.880 1.324425
0.890 3.497436
0.900 1.377986
0.910 2.558115
0.920 0.357598
0.930 2.018203
0.940 3.185871
0.950 3.584723
0.960 2.108335
0.970 3.066524
0.980 0.758874
0.990 2.488357
