0.000 1.665839
0.010 2.173193
0.020 -0.066619
0.030 -1.765968
0.040 1.218710
0.050 0.318943
0.060 -2.558601
0.070 -0.135674
0.080 -0.000223
0.090 -2.097641
0.100 2.986324
0.110 -0.866388
0.120 0.433815
0.130 -0.676545
0.140 0.655581
0.150 0.293142
0.160 -1.597574
0.170 0.131084
0.180 1.689035
0.190 1.315414
0.200 -2.053173
0.210 -1.385137
0.220 -0.002664
0.230 -1.475526
0.240 -0.437897
0.250 -3.215585
0.260 0.465177
0.270 0.608758
0.280 -0.660711
0.290 -2.598426
0.300 -0.439060
0.310 3.357375
0.320 -0.331841
0.330 1.465728
0.340 2.176393
0.350 -4.884488
0.360 0.722848
0.370 1.295537
0.380 -1.522588
0.390 1.775116
0.400 0.367480
0.410 3.371961
0.420 1.349011
0.430 -0.345904
0.440 0.005894
0.450 2.515945
0.460 -1.177833
0.470 1.985865
0.480 1.303997
0.490 0.622124
0.500 -2.830576
0.510 -0.206468
0.520 0.318757
0.530 -2.843200
0.540 -1.981979
0.550 2.216672
0.560 -0.027978
0.570 2.818472
0.580 0.056665
0.590 1.854240
0.600 0.367156
0.610 -3.052522
0.620 3.321051
0.630 1.335505
0.640 0.237184
0.650 0.060529
0.660 0.853298
0.670 1.003093
0.680 0.001927
0.690 -0.149452
0.700 1.413484
0.710 1.368198
0.720 -0.134623
0.730 0.700636
0.740 -3.314379
0.750 2.874777
0.760 1.128056
0.770 0.923403
0.780 -0.658575
0.790 -1.700662
0.800 -1.029056
0.810 3.017715
0.820 -2.675831
0.830 1.657389
0.840 -0.295953
0.850 1.448189
0.860 0.700288
0.870 1.151085
0.880 2.171520
0.890 -2.795358
0.900 0.369347
0.910 1.547119
0.920 3.129901
0.930 -0.704132
0.940 2.202404
0.950 1.262467
0.960 1.794773
0.970 -1.435304
0.980 1.303907
0.990 1.032198
