0.000 0.048811
0.010 0.464858
0.020 0.450822
0.030 0.310798
0.040 0.227334
0.050 0.051742
0.060 0.224535
0.070 0.338407
0.080 0.049269
0.090 0.281245
0.100 0.217929
0.110 0.291516
0.120 0.362554
0.130 0.362201
0.140 0.287201
0.150 0.304972
0.160 0.122233
0.170 0.263989
0.180 0.171650
0.190 0.259583
0.200 0.440097
0.210 0.413355
0.220 0.131891
0.230 0.128508
0.240 0.310230
0.250 0.297902
0.260 0.212165
0.270 0.034836
0.280 0.414546
0.290 0.416199
0.300 0.300575
0.310 0.454402
0.320 0.339742
0.330 0.151986
0.340 0.106680
0.350 0.218987
0.360 0.063778
0.370 0.019038
0.380 0.249268
0.390 0.053547
0.400 0.273073
0.410 0.390839
0.420 0.333586
0.430 0.442343
0.440 0.023398
0.450 0.369693
0.460 0.216401
0.470 0.227414
0.480 0.386467
0.490 0.059069
0.500 0.171616
0.510 0.129739
0.520 0.443364
0.530 0.243329
0.540 0.379776
0.550 0.046094
0.560 0.104638
0.570 0.425262
0.580 0.084991
0.590 0.338310
0.600 0.243497
0.610 0.365019
0.620 0.099559
0.630 0.472096
0.640 0.079990
0.650 0.032504
0.660 0.159088
0.670 0.203967
0.680 0.310153
0.690 0.343694
0.700 0.422575
0.710 0.405534
0.720 0.282237
0.730 0.062015
0.740 0.247156
0.750 0.182133
0.760 0.156498
0.770 0.417620
0.780 0.007386
0.790 0.307521
0.800 0.066077
0.810 0.122288
0.820 0.328506
0.830 0.400805
0.840 0.204312
0.850 0.227748
0.860 0.048614
0.870 0.127934
0.880 0.139486
0.890 0.365190
0.900 0.198820
0.910 0.114913
0.920 0.006747
0.930 0.418337
0.940 0.088812
0.950 0.458834
0.960 0.006897
0.970 0.108851
0.980 0.413031
0.990 0.155340
