0.000 5.699751
0.010 6.614563
0.020 0.415272
0.030 6.789642
0.040 5.583986
0.050 0.289809
0.060 2.460159
0.070 1.789586
0.080 2.729489
0.090 7.871309
0.100 4.705043
0.110 1.810174
0.120 5.349958
0.130 6.950769
0.140 6.774865
0.150 1.135150
0.160 3.167634
0.170 2.059435
0.180 6.879354
0.190 6.084212
0.200 6.049396
0.210 3.335217
0.220 0.190616
0.230 7.543866
0.240 4.170534
0.250 5.988211
0.260 4.021751
0.270 6.934931
0.280 6.814470
0.290 6.762760
0.300 0.665689
0.310 2.690893
0.320 0.484003
0.330 4.819551
0.340 8.227900
0.350 0.738899
0.360 2.024481
0.370 2.857042
0.380 0.274655
0.390 0.781667
0.400 4.423904
0.410 3.029471
0.420 0.987852
0.430 2.416313
0.440 5.946501
0.450 2.398282
0.460 4.412523
0.470 5.288663
0.480 8.134304
0.490 3.749608
0.500 1.232174
0.510 6.258789
0.520 5.355913
0.530 6.718803
0.540 5.235080
0.550 4.583343
0.560 5.530511
0.570 6.482252
0.580 8.344154
0.590 7.222898
0.600 0.499816
0.610 0.948791
0.620 0.271894
0.630 3.243066
0.640 2.224324
0.650 2.734015
0.660 3.934778
0.670 4.160352
0.680 3.872777
0.690 2.674172
0.700 4.946219
0.710 5.764911
0.720 8.427714
0.730 1.257466
0.740 2.674597
0.750 4.890876
0.760 6.401023
0.770 0.747764
0.780 1.949715
0.790 2.910673
0.800 3.124149
0.810 0.727895
0.820 1.860620
0.830 1.324151
0.840 7.525644
0.850 5.814668
0.860 1.754272
0.870 0.130957
0.880 7.807950
0.890 7.670385
0.900 4.538879
0.910 7.468433
0.920 7.984882
0.930 0.311301
0.940 4.313893
0.950 5.140826
0.960 0.573375
0.970 6.842720
0.980 0.851234
0.990 6.132001
