0.000 1.410034
0.010 3.298818
0.020 0.102589
0.030 0.261878
0.040 3.490917
0.050 2.234988
0.060 3.803877
0.070 2.246299
0.080 3.735995
0.090 1.889074
0.100 0.591123
0.110 2.586730
0.120 3.756390
0.130 3.186856
0.140 0.326914
0.150 2.216207
0.160 1.309623
0.170 2.630318
0.180 3.329476
0.190 3.008223
0.200 1.632125
0.210 0.357619
0.220 3.187507
0.230 1.516026
0.240 3.776430
0.250 1.154415
0.260 0.733848
0.270 2.286169
0.280 1.912251
0.290 3.225402
0.300 4.118863
0.310 2.214422
0.320 1.200849
0.330 3.929970
0.340 1.843268
0.350 0.767192
0.360 2.245069
0.370 1.308108
0.380 1.211651
0.390 0.096239
0.400 1.120861
0.410 3.593184
0.420 3.003511
0.430 3.759590
0.440 2.853173
0.450 0.115741
0.460 4.105197
0.470 3.938811
0.480 3.488594
0.490 2.565764
0.500 1.980692
0.510 1.615017
0.520 3.451608
0.530 3.070540
0.540 2.660645
0.550 3.342216
0.560 3.445444
0.570 0.586937
0.580 2.430622
0.590 1.238091
0.600 2.993970
0.610 0.279823
0.620 1.845975
0.630 3.808445
0.640 4.104705
0.650 3.142412
0.660 1.374943
0.670 0.974774
0.680 2.970930
0.690 3.690777
0.700 2.504048
0.710 3.913289
0.720 3.103403
0.730 1.486828
0.740 0.290144
0.750 1.224256
0.760 1.749464
0.770 0.943019
0.780 1.825887
0.790 1.239075
0.800 0.250952
0.810 2.344517
0.820 0.814448
0.830 2.196890
0.840 3.414455
0.850 1.959934
0.860 3.836431
0.870 2.679653
0.880 4.218287
0.890 1.066105
0.900 2.385866
0.910 2.886976
0.920 1.785937
0.930 3.515124
0.940 3.158104
0.950 3.395630
0.960 2.735166
0.970 0.376970
0.980 2.020778
0.990 0.152843
