0.000 -1.426425
0.010 0.313125
0.020 -0.635598
0.030 -1.247426
0.040 -3.492668
0.050 -0.360001
0.060 -1.017118
0.070 0.502358
0.080 2.348682
0.090 3.729286
0.100 0.204202
0.110 1.148867
0.120 2.038094
0.130 -4.567903
0.140 0.413638
0.150 -2.797713
0.160 4.802402
0.170 1.175002
0.180 -0.629666
0.190 0.134382
0.200 -1.331154
0.210 0.799183
0.220 -2.626679
0.230 0.833367
0.240 -0.359978
0.250 -0.894125
0.260 -3.487971
0.270 1.331575
0.280 -3.160691
0.290 -2.623823
0.300 1.965605
0.310 3.873663
0.320 -0.399892
0.330 4.433868
0.340 1.264398
0.350 2.625092
0.360 -2.048757
0.370 -0.031461
0.380 -1.224945
0.390 -2.549030
0.400 1.675652
0.410 2.886129
0.420 1.058264
0.430 2.363890
0.440 -0.514198
0.450 2.767324
0.460 0.014230
0.470 1.534217
0.480 -0.026061
0.490 -2.424430
0.500 -0.283433
0.510 0.182764
0.520 -4.272182
0.530 1.405719
0.540 -0.812902
0.550 -3.887888
0.560 1.460689
0.570 1.350692
0.580 0.835403
0.590 -0.121933
0.600 -0.902310
0.610 0.137872
0.620 0.464458
0.630 1.257759
0.640 -0.374034
0.650 1.231656
0.660 -0.892232
0.670 -0.359917
0.680 -2.208140
0.690 1.561326
0.700 0.291545
0.710 -0.346122
0.720 2.027009
0.730 0.249517
0.740 -3.433934
0.750 1.726210
0.760 -0.360413
0.770 -2.240992
0.780 0.066797
0.790 -2.153381
0.800 0.389447
0.810 -0.475310
0.820 -1.033552
0.830 1.660179
0.840 -1.227516
0.850 -1.615580
0.860 2.099357
0.870 3.454986
0.880 -1.719357
0.890 0.627008
0.900 2.069586
0.910 0.220936
0.920 0.287051
0.930 -0.964334
0.940 0.250925
0.950 1.908914
0.960 -0.172805
0.970 2.738495
0.980 0.489574
0.990 -2.269210
