0.000 -0.606084
0.010 1.693418
0.020 -2.502036
0.030 -0.046008
0.040 2.312792
0.050 0.632536
0.060 0.450882
0.070 1.170957
0.080 0.277012
0.090 1.706570
0.100 -0.726094
0.110 0.869022
0.120 -0.888458
0.130 -1.130771
0.140 2.023116
0.150 -1.770940
0.160 -1.011684
0.170 -0.058064
0.180 -3.179769
0.190 1.247013
0.200 2.215594
0.210 -0.453837
0.220 2.968990
0.230 -0.065236
0.240 -0.720565
0.250 -1.105107
0.260 2.240869
0.270 -1.216193
0.280 -1.904162
0.290 -1.774405
0.300 -2.113187
0.310 -1.742519
0.320 1.615465
0.330 -1.786328
0.340 0.205764
0.350 2.342965
0.360 2.259081
0.370 1.313542
0.380 -0.844237
0.390 0.941792
0.400 -4.694711
0.410 0.269579
0.420 1.876101
0.430 4.422444
0.440 1.932367
0.450 -1.129358
0.460 1.648486
0.470 -1.981916
0.480 -1.263706
0.490 1.194429
0.500 2.292378
0.510 1.442909
0.520 0.147760
0.530 1.368035
0.540 1.652942
0.550 0.582717
0.560 -2.465086
0.570 -1.855590
0.580 0.958723
0.590 1.564997
0.600 -0.704962
0.610 0.495074
0.620 -1.189651
0.630 -1.339661
0.640 -0.961558
0.650 0.942164
0.660 -1.014276
0.670 -0.092516
0.680 2.967616
0.690 0.483283
0.700 0.755590
0.710 2.542070
0.720 -0.195148
0.730 0.579984
0.740 -3.256619
0.750 0.051560
0.760 -2.001977
0.770 1.549393
0.780 -2.090701
0.790 1.002856
0.800 -0.778215
0.810 1.278518
0.820 0.798399
0.830 -2.423123
0.840 -0.890812
0.850 -0.539293
0.860 2.935130
0.870 0.968315
0.880 -3.994320
0.890 1.291244
0.900 -0.152651
0.910 0.127297
0.920 -0.283385
0.930 1.639903
0.940 -1.825213
0.950 -1.446119
0.960 0.383303
0.970 0.327374
0.980 0.222308
0.990 -1.655256
