0.000 0.013470
0.010 0.096628
0.020 0.225733
0.030 0.315703
0.040 0.030686
0.050 0.002468
0.060 0.355606
0.070 0.033346
0.080 0.335728
0.090 0.358583
0.100 0.069908
0.110 0.251645
0.120 0.168542
0.130 0.442451
0.140 0.040981
0.150 0.438571
0.160 0.027444
0.170 0.456604
0.180 0.356327
0.190 0.319407
0.200 0.230311
0.210 0.097411
0.220 0.322229
0.230 0.031581
0.240 0.002830
0.250 0.227630
0.260 0.017890
0.270 0.018117
0.280 0.139742
0.290 0.421065
0.300 0.045600
0.310 0.013873
0.320 0.397880
0.330 0.380437
0.340 0.094246
0.350 0.391789
0.360 0.077938
0.370 0.420342
0.380 0.036498
0.390 0.152930
0.400 0.068180
0.410 0.447916
0.420 0.332083
0.430 0.279990
0.440 0.337733
0.450 0.306709
0.460 0.082115
0.470 0.277403
0.480 0.147301
0.490 0.134453
0.500 0.077997
0.510 0.372417
0.520 0.408835
0.530 0.381984
0.540 0.278237
0.550 0.164666
0.560 0.413588
0.570 0.220451
0.580 0.047873
0.590 0.481844
0.600 0.019208
0.610 0.021040
0.620 0.439810
0.630 0.252133
0.640 0.458600
0.650 0.123483
0.660 0.443822
0.670 0.281098
0.680 0.119917
0.690 0.145127
0.700 0.196407
0.710 0.075825
0.720 0.109574
0.730 0.171488
0.740 0.035487
0.750 0.185959
0.760 0.487969
0.770 0.424502
0.780 0.435605
0.790 0.070017
0.800 0.112633
0.810 0.325798
0.820 0.158649
0.830 0.295972
0.840 0.500877
0.850 0.441541
0.860 0.097093
0.870 0.458006
0.880 0.258120
0.890 0.350057
0.900 0.223288
0.910 0.498773
0.920 0.358535
0.930 0.472779
0.940 0.118157
0.950 0.382196
0.960 0.322319
0.970 0.450258
0.980 0.030373
0.990 0.318195
