0.000 2.209225
0.010 3.436312
0.020 2.360831
0.030 1.776945
0.040 0.109102
0.050 5.014653
0.060 3.808209
0.070 3.483643
0.080 4.066173
0.090 3.823529
0.100 6.065579
0.110 3.039396
0.120 5.997058
0.130 0.364817
0.140 0.151878
0.150 1.563531
0.160 4.993552
0.170 6.133004
0.180 4.844590
0.190 5.503850
0.200 3.587925
0.210 5.869156
0.220 1.184926
0.230 0.254850
0.240 0.230786
0.250 3.867098
0.260 1.914678
0.270 5.182507
0.280 5.977619
0.290 1.278482
0.300 3.010424
0.310 3.298652
0.320 4.042285
0.330 2.362897
0.340 1.756183
0.350 2.327387
0.360 3.127131
0.370 1.007950
0.380 0.913093
0.390 5.251135
0.400 0.595383
0.410 0.613927
0.420 5.044182
0.430 3.071065
0.440 0.928996
0.450 5.086762
0.460 5.386880
0.470 5.210058
0.480 2.176100
0.490 2.386638
0.500 5.046269
0.510 4.521892
0.520 4.615531
0.530 3.363680
0.540 4.724818
0.550 0.421487
0.560 4.013087
0.570 3.043866
0.580 2.254047
0.590 3.708223
0.600 0.463159
0.610 1.102564
0.620 4.364048
0.630 1.525482
0.640 4.146829
0.650 3.376308
0.660 4.490226
0.670 4.917202
0.680 0.357602
0.690 2.479157
0.700 5.797499
0.710 5.091486
0.720 2.918687
0.730 0.234387
0.740 5.755193
0.750 1.714192
0.760 3.431040
0.770 3.206085
0.780 4.092127
0.790 6.133282
0.800 0.280248
0.810 1.843715
0.820 3.058509
0.830 1.114169
0.840 2.362344
0.850 1.835348
0.860 2.472385
0.870 5.092859
0.880 0.162084
0.890 1.714541
0.900 5.539389
0.910 2.806758
0.920 3.633409
0.930 3.442120
0.940 0.544779
0.950 4.405305
0.960 3.274864
0.970 6.239814
0.980 2.871103
0.990 5.147946
