0.000 1.059059
0.010 1.791359
0.020 0.558190
0.030 0.948358
0.040 1.874662
0.050 1.673911
0.060 2.606598
0.070 1.095669
0.080 1.448887
0.090 0.374078
0.100 2.080956
0.110 2.602791
0.120 0.465164
0.130 1.595138
0.140 2.506482
0.150 1.300295
0.160 2.606177
0.170 1.444368
0.180 2.651001
0.190 0.624552
0.200 2.630868
0.210 2.379944
0.220 2.648229
0.230 2.280878
0.240 0.270160
0.250 2.395326
0.260 2.142745
0.270 1.393473
0.280 2.411376
0.290 0.695264
0.300 2.289339
0.310 0.774017
0.320 2.025143
0.330 0.009891
0.340 0.015294
0.350 0.088855
0.360 1.378211
0.370 1.867270
0.380 1.987882
0.390 0.394977
0.400 2.535541
0.410 2.631210
0.420 0.012925
0.430 2.007595
0.440 1.845502
0.450 0.322122
0.460 1.787977
0.470 1.868499
0.480 1.892277
0.490 0.426583
0.500 1.926275
0.510 1.375499
0.520 0.386433
0.530 1.928809
0.540 2.120753
0.550 1.465042
0.560 2.243827
0.570 1.920353
0.580 1.095296
0.590 0.232400
0.600 1.585964
0.610 1.557525
0.620 1.122540
0.630 0.696429
0.640 2.491649
0.650 2.691741
0.660 2.479720
0.670 2.681821
0.680 0.457026
0.690 1.365421
0.700 0.213913
0.710 1.547052
0.720 0.176488
0.730 1.123609
0.740 0.896307
0.750 1.898001
0.760 0.373490
0.770 0.034989
0.780 2.553965
0.790 0.978749
0.800 1.960304
0.810 1.645544
0.820 2.265389
0.830 0.849848
0.840 0.694329
0.850 1.378975
0.860 1.262577
0.870 2.469501
0.880 1.381197
0.890 1.296463
0.900 1.996592
0.910 1.595627
0.920 0.319767
0.930 0.122931
0.940 1.262363
0.950 0.232183
0.960 0.798861
0.970 0.746257
0.980 1.043524
0.990 2.029282
