0.000 0.046147
0.010 0.123678
0.020 0.264588
0.030 0.437222
0.040 0.321775
0.050 0.000735
0.060 0.358607
0.070 0.659975
0.080 0.348560
0.090 0.253370
0.100 0.322085
0.110 0.145143
0.120 0.205075
0.130 0.300183
0.140 0.768855
0.150 0.685798
0.160 0.684262
0.170 0.533264
0.180 0.397377
0.190 0.632038
0.200 0.706831
0.210 0.755199
0.220 0.259342
0.230 0.405953
0.240 0.576417
0.250 0.156713
0.260 0.552153
0.270 0.612242
0.280 0.212801
0.290 0.457847
0.300 0.661677
0.310 0.250638
0.320 0.488395
0.330 0.332631
0.340 0.083625
0.350 0.318175
0.360 0.353694
0.370 0.063009
0.380 0.001151
0.390 0.583437
0.400 0.585841
0.410 0.064412
0.420 0.425196
0.430 0.262887
0.440 0.409307
0.450 0.584696
0.460 0.152399
0.470 0.007766
0.480 0.067109
0.490 0.390140
0.500 0.489863
0.510 0.116461
0.520 0.107744
0.530 0.495482
0.540 0.324572
0.550 0.455246
0.560 0.178950
0.570 0.068702
0.580 0.473442
0.590 0.666739
0.600 0.057333
0.610 0.520407
0.620 0.222685
0.630 0.444536
0.640 0.239325
0.650 0.092123
0.660 0.303422
0.670 0.303834
0.680 0.333297
0.690 0.309122
0.700 0.613552
0.710 0.081500
0.720 0.570341
0.730 0.055866
0.740 0.422116
0.750 0.003686
0.760 0.606731
0.770 0.278362
0.780 0.560675
0.790 0.039440
0.800 0.200795
0.810 0.767735
0.820 0.656978
0.830 0.134241
0.840 0.212949
0.850 0.568471
0.860 0.410479
0.870 0.060583
0.880 0.185612
0.890 0.677064
0.900 0.378728
0.910 0.502543
0.920 0.728224
0.930 0.683577
0.940 0.700470
0.950 0.045827
0.960 0.269540
0.970 0.060484
0.980 0.627187
0.990 0.554527
