0.000 0.376694
0.010 1.037656
0.020 2.505461
0.030 2.138099
0.040 1.763031
0.050 2.452446
0.060 0.167921
0.070 2.062082
0.080 0.866769
0.090 0.759481
0.100 0.660723
0.110 0.762348
0.120 1.359808
0.130 0.073073
0.140 2.468290
0.150 0.620026
0.160 1.394019
0.170 1.231139
0.180 0.053505
0.190 0.033135
0.200 2.129925
0.210 0.948871
0.220 2.181932
0.230 2.202877
0.240 2.332435
0.250 2.351543
0.260 1.897600
0.270 0.976019
0.280 2.474527
0.290 1.894719
0.300 1.865497
0.310 2.101748
0.320 0.847124
0.330 1.083767
0.340 2.487982
0.350 1.721013
0.360 0.680151
0.370 1.217932
0.380 0.265938
0.390 1.818704
0.400 1.887229
0.410 1.063673
0.420 1.097736
0.430 1.454783
0.440 2.632590
0.450 0.469987
0.460 2.496077
0.470 2.604254
0.480 2.627227
0.490 0.803566
0.500 0.885536
0.510 2.541392
0.520 0.425484
0.530 1.185762
0.540 1.006094
0.550 2.491346
0.560 0.860596
0.570 0.883217
0.580 0.579491
0.590 0.752560
0.600 1.529208
0.610 2.086296
0.620 0.071850
0.630 2.495584
0.640 2.563006
0.650 0.792474
0.660 0.194395
0.670 1.077686
0.680 0.187773
0.690 0.467181
0.700 1.560955
0.710 0.173350
0.720 1.768038
0.730 0.691438
0.740 2.123600
0.750 1.427709
0.760 2.220619
0.770 2.368902
0.780 1.717060
0.790 0.583794
0.800 0.197266
0.810 1.604500
0.820 1.741407
0.830 1.180247
0.840 0.941719
0.850 0.123306
0.860 0.105542
0.870 0.819525
0.880 0.199296
0.890 1.926624
0.900 1.874804
0.910 0.895924
0.920 1.386534
0.930 0.977368
0.940 2.072672
0.950 0.881350
0.960 2.416619
0.970 2.515005
0.980 2.533435
0.990 0.893285
