0.000 7.236346
0.010 4.955585
0.020 4.914327
0.030 7.761175
0.040 1.090768
0.050 1.326808
0.060 2.714037
0.070 2.147730
0.080 5.522557
0.090 3.783836
0.100 2.813315
0.110 1.216510
0.120 6.153625
0.130 0.232614
0.140 1.168117
0.150 6.228301
0.160 4.828112
0.170 3.201727
0.180 3.224234
0.190 5.796122
0.200 4.259717
0.210 4.963559
0.220 6.839193
0.230 2.110704
0.240 2.132157
0.250 6.562704
0.260 3.901587
0.270 4.549365
0.280 5.771185
0.290 0.417244
0.300 7.281118
0.310 6.135792
0.320 6.385271
0.330 6.048894
0.340 5.764143
0.350 3.585383
0.360 3.119656
0.370 0.280728
0.380 7.540213
0.390 0.638832
0.400 0.556452
0.410 4.736769
0.420 6.567531
0.430 5.013980
0.440 3.635590
0.450 6.881171
0.460 6.593069
0.470 3.374430
0.480 0.874392
0.490 0.470238
0.500 4.557135
0.510 5.272529
0.520 2.082829
0.530 4.126102
0.540 6.385712
0.550 6.013436
0.560 1.316871
0.570 4.976088
0.580 3.892136
0.590 6.971856
0.600 6.341946
0.610 2.967078
0.620 1.995890
0.630 7.467933
0.640 5.727848
0.650 0.632392
0.660 2.647911
0.670 0.486155
0.680 4.836370
0.690 5.186911
0.700 0.239782
0.710 1.671993
0.720 2.554920
0.730 5.950770
0.740 4.489990
0.750 1.890664
0.760 4.190191
0.770 0.792145
0.780 4.329733
0.790 2.803870
0.800 3.304652
0.810 1.356789
0.820 3.263543
0.830 2.610913
0.840 0.139234
0.850 6.988763
0.860 1.455146
0.870 5.896841
0.880 3.515055
0.890 3.094986
0.900 2.483503
0.910 4.474898
0.920 7.298609
0.930 6.009790
0.940 4.543097
0.950 6.253404
0.960 5.133688
0.970 5.081501
0.980 7.171042
0.990 6.166224
