0.000 6.313477
0.010 5.584213
0.020 5.693310
0.030 0.264430
0.040 1.493230
0.050 1.385345
0.060 8.263936
0.070 4.020104
0.080 7.539864
0.090 4.125891
0.100 3.957804
0.110 7.781426
0.120 7.380996
0.130 8.455659
0.140 4.277284
0.150 4.728993
0.160 7.958111
0.170 8.334364
0.180 7.203827
0.190 6.276416
0.200 2.389018
0.210 6.176861
0.220 4.835805
0.230 1.920622
0.240 2.274589
0.250 8.473295
0.260 2.022270
0.270 2.524467
0.280 2.849964
0.290 0.701563
0.300 4.549102
0.310 3.124848
0.320 0.109972
0.330 3.830665
0.340 1.102526
0.350 4.811026
0.360 7.436845
0.370 8.053319
0.380 1.936401
0.390 7.478498
0.400 2.291639
0.410 3.574533
0.420 6.057168
0.430 3.358844
0.440 4.184418
0.450 3.550380
0.460 5.346258
0.470 8.223475
0.480 3.436328
0.490 4.032442
0.500 2.619783
0.510 6.679338
0.520 5.121809
0.530 8.432959
0.540 5.145183
0.550 7.383761
0.560 4.487128
0.570 2.945130
0.580 2.697839
0.590 7.082813
0.600 8.084822
0.610 7.943845
0.620 1.897389
0.630 3.851041
0.640 2.541541
0.650 6.458704
0.660 5.113609
0.670 6.156027
0.680 3.801957
0.690 3.398185
0.700 0.071843
0.710 3.437287
0.720 6.971388
0.730 0.521895
0.740 3.765557
0.750 2.074026
0.760 3.297782
0.770 2.507844
0.780 5.421996
0.790 7.820614
0.800 6.059096
0.810 0.214147
0.820 1.375543
0.830 3.615587
0.840 7.390742
0.850 2.306199
0.860 2.563825
0.870 7.523360
0.880 3.832748
0.890 3.869711
0.900 8.147584
0.910 0.832245
0.920 3.017865
0.930 5.308575
0.940 7.166175
0.950 4.663583
0.960 2.352062
0.970 2.810185
0.980 2.932547
0.990 6.719105
