0.000 2.878393
0.010 2.199919
0.020 1.349133
0.030 0.424417
0.040 0.718847
0.050 4.163484
0.060 2.140436
0.070 1.652685
0.080 3.663069
0.090 4.592389
0.100 4.273692
0.110 0.124451
0.120 0.518600
0.130 0.916923
0.140 3.053116
0.150 5.031564
0.160 1.576383
0.170 2.086608
0.180 0.445148
0.190 1.695572
0.200 0.671270
0.210 1.603154
0.220 2.026355
0.230 2.412769
0.240 2.904312
0.250 4.295943
0.260 0.429783
0.270 0.376494
0.280 2.537995
0.290 0.014661
0.300 3.517478
0.310 3.287284
0.320 2.247298
0.330 0.108039
0.340 1.791477
0.350 4.347928
0.360 4.320903
0.370 1.183415
0.380 1.566504
0.390 2.621879
0.400 5.051484
0.410 4.698075
0.420 2.078882
0.430 3.861694
0.440 3.116699
0.450 4.684330
0.460 2.849641
0.470 2.051685
0.480 3.747380
0.490 1.056963
0.500 2.407228
0.510 4.194384
0.520 2.149363
0.530 3.284464
0.540 0.089797
0.550 3.527087
0.560 0.177540
0.570 2.278505
0.580 2.371393
0.590 3.360208
0.600 3.260095
0.610 0.842266
0.620 3.702994
0.630 2.851197
0.640 1.161518
0.650 1.458186
0.660 3.468558
0.670 0.609138
0.680 5.076963
0.690 3.740720
0.700 0.431643
0.710 2.620436
0.720 1.371360
0.730 0.226046
0.740 2.365208
0.750 1.963352
0.760 1.360309
0.770 4.394699
0.780 3.002261
0.790 1.803248
0.800 2.921286
0.810 0.995458
0.820 2.756518
0.830 3.775985
0.840 0.221837
0.850 4.235299
0.860 3.051175
0.870 2.880683
0.880 1.345491
0.890 4.245781
0.900 3.817502
0.910 3.455111
0.920 4.256785
0.930 1.525381
0.940 3.018851
0.950 1.040399
0.960 3.380182
0.970 3.520556
0.980 4.842818
0.990 0.109542
