0.000 1.169637
0.010 1.380895
0.020 0.487359
0.030 0.682922
0.040 1.097413
0.050 0.229602
0.060 0.103795
0.070 0.912530
0.080 1.515165
0.090 1.066067
0.100 1.552953
0.110 1.232826
0.120 0.693937
0.130 0.681976
0.140 0.039926
0.150 0.263007
0.160 0.859357
0.170 0.464855
0.180 0.788214
0.190 0.468198
0.200 0.717821
0.210 0.773899
0.220 1.404425
0.230 0.108080
0.240 1.652092
0.250 0.982524
0.260 0.952346
0.270 0.887737
0.280 1.576833
0.290 1.413843
0.300 0.618156
0.310 0.270849
0.320 1.075772
0.330 0.881068
0.340 0.013277
0.350 1.328877
0.360 0.195230
0.370 0.912507
0.380 0.041118
0.390 0.437593
0.400 0.183669
0.410 1.462939
0.420 0.332531
0.430 0.104824
0.440 0.838435
0.450 0.194403
0.460 1.620347
0.470 1.093851
0.480 0.460803
0.490 1.679553
0.500 1.422168
0.510 1.458903
0.520 0.912739
0.530 0.977181
0.540 0.043191
0.550 0.649954
0.560 0.864301
0.570 1.668026
0.580 0.734206
0.590 1.279190
0.600 1.623341
0.610 1.445847
0.620 1.535861
0.630 0.263697
0.640 0.986593
0.650 1.580051
0.660 1.371758
0.670 0.805033
0.680 1.686414
0.690 0.218635
0.700 0.282803
0.710 0.830512
0.720 1.003851
0.730 0.869674
0.740 0.499676
0.750 1.331354
0.760 0.467693
0.770 0.874759
0.780 0.547276
0.790 1.678010
0.800 1.372183
0.810 0.858585
0.820 1.274308
0.830 0.089676
0.840 0.130440
0.850 0.333447
0.860 1.081959
0.870 0.634221
0.880 0.646217
0.890 1.582615
0.900 1.226314
0.910 0.034571
0.920 1.718021
0.930 1.676491
0.940 1.080135
0.950 1.117626
0.960 0.069012
0.970 1.035633
0.980 1.376033
0.990 0.430072
