0.000 4.602910
0.010 2.817189
0.020 3.756747
0.030 5.181433
0.040 1.192749
0.050 2.213956
0.060 5.809943
0.070 2.826294
0.080 2.151193
0.090 5.276315
0.100 6.620433
0.110 4.102171
0.120 0.083392
0.130 6.992327
0.140 6.578195
0.150 5.095383
0.160 0.572757
0.170 0.580649
0.180 1.411850
0.190 2.300443
0.200 0.139549
0.210 2.826067
0.220 7.044697
0.230 2.542899
0.240 2.705012
0.250 4.650548
0.260 5.548843
0.270 0.956188
0.280 0.595864
0.290 3.710852
0.300 6.935058
0.310 3.541102
0.320 2.871534
0.330 4.976120
0.340 3.461976
0.350 5.636592
0.360 3.674424
0.370 0.816657
0.380 4.683897
0.390 4.879331
0.400 2.253088
0.410 0.123389
0.420 6.865974
0.430 2.782216
0.440 6.689446
0.450 0.288802
0.460 3.134125
0.470 4.335645
0.480 5.134340
0.490 4.976147
0.500 2.261593
0.510 2.502607
0.520 4.354910
0.530 2.166811
0.540 2.866688
0.550 1.136493
0.560 3.538444
0.570 3.381239
0.580 1.675252
0.590 0.543076
0.600 0.236383
0.610 5.951851
0.620 5.176063
0.630 1.195760
0.640 4.651616
0.650 6.933930
0.660 4.124721
0.670 2.248394
0.680 3.025159
0.690 4.661256
0.700 0.517117
0.710 1.084968
0.720 4.956959
0.730 1.179740
0.740 0.239637
0.750 4.677245
0.760 6.480157
0.770 1.048790
0.780 3.747363
0.790 2.304114
0.800 1.713956
0.810 5.893495
0.820 1.335783
0.830 1.612103
0.840 4.611273
0.850 6.098532
0.860 0.460975
0.870 2.072300
0.880 3.776738
0.890 0.121470
0.900 0.011639
0.910 2.649269
0.920 4.021900
0.930 5.517584
0.940 6.061237
0.950 1.961043
0.960 0.921257
0.970 4.098971
0.980 1.364610
0.990 3.752575
