0.000 5.660043
0.010 1.604145
0.020 1.387920
0.030 7.734994
0.040 2.242781
0.050 0.772005
0.060 4.618960
0.070 2.207930
0.080 1.409805
0.090 6.305184
0.100 5.952155
0.110 8.332364
0.120 8.530825
0.130 0.303929
0.140 7.212479
0.150 0.086014
0.160 1.085873
0.170 6.385357
0.180 4.490203
0.190 5.294678
0.200 3.635640
0.210 4.434289
0.220 1.021670
0.230 5.585498
0.240 7.877269
0.250 0.981264
0.260 1.893460
0.270 6.057501
0.280 2.532124
0.290 1.202403
0.300 1.156387
0.310 5.438041
0.320 1.937727
0.330 6.362655
0.340 6.273230
0.350 0.325805
0.360 2.108819
0.370 1.968705
0.380 3.611972
0.390 6.420040
0.400 5.784989
0.410 1.365417
0.420 8.054534
0.430 4.760782
0.440 2.093652
0.450 1.480510
0.460 8.377815
0.470 1.407856
0.480 2.782376
0.490 1.846689
0.500 6.553351
0.510 0.847685
0.520 1.997614
0.530 7.592632
0.540 3.000797
0.550 6.199015
0.560 6.404641
0.570 6.500103
0.580 6.872748
0.590 0.112182
0.600 0.793540
0.610 1.732683
0.620 0.903441
0.630 4.939685
0.640 1.621730
0.650 7.994054
0.660 2.090378
0.670 6.980960
0.680 8.095033
0.690 7.988142
0.700 0.969451
0.710 3.966003
0.720 1.489530
0.730 8.528414
0.740 2.670551
0.750 4.090355
0.760 1.239971
0.770 4.018658
0.780 7.513712
0.790 7.935147
0.800 3.173167
0.810 3.756962
0.820 7.054940
0.830 0.285836
0.840 1.423683
0.850 0.806229
0.860 3.404601
0.870 6.112846
0.880 0.996063
0.890 7.800399
0.900 6.531401
0.910 2.973201
0.920 8.384658
0.930 3.464421
0.940 0.096688
0.950 5.297535
0.960 3.971260
0.970 3.339182
0.980 3.840476
0.990 0.333653
