0.000 6.153526
0.010 3.697361
0.020 5.720719
0.030 6.663883
0.040 5.149047
0.050 1.269134
0.060 0.338371
0.070 6.886849
0.080 5.539917
0.090 2.124113
0.100 7.552975
0.110 0.376067
0.120 4.791893
0.130 6.720781
0.140 5.534453
0.150 6.283759
0.160 3.642495
0.170 6.227506
0.180 5.364542
0.190 5.242728
0.200 2.141679
0.210 6.828543
0.220 2.487635
0.230 3.305057
0.240 0.859934
0.250 0.651570
0.260 1.058762
0.270 2.835167
0.280 4.621693
0.290 2.583822
0.300 4.770552
0.310 5.958572
0.320 5.157589
0.330 3.665742
0.340 5.570169
0.350 0.497833
0.360 2.879107
0.370 0.852247
0.380 3.593108
0.390 3.286372
0.400 4.791741
0.410 6.506183
0.420 0.923904
0.430 3.104638
0.440 0.288984
0.450 3.518795
0.460 2.679401
0.470 3.698935
0.480 2.902763
0.490 6.808062
0.500 5.200574
0.510 4.234661
0.520 6.699592
0.530 3.822534
0.540 4.223544
0.550 6.289130
0.560 1.239201
0.570 3.499568
0.580 2.876524
0.590 2.156629
0.600 0.730051
0.610 4.617195
0.620 6.725891
0.630 2.376562
0.640 4.509481
0.650 7.075697
0.660 0.718212
0.670 0.200590
0.680 3.696518
0.690 5.656725
0.700 2.166242
0.710 1.506971
0.720 6.423558
0.730 6.111289
0.740 0.983870
0.750 2.435934
0.760 3.130889
0.770 0.356349
0.780 5.193900
0.790 3.029477
0.800 7.313657
0.810 2.152505
0.820 4.458094
0.830 3.866040
0.840 6.892332
0.850 4.976174
0.860 3.210390
0.870 2.032325
0.880 3.878105
0.890 0.943296
0.900 5.811200
0.910 4.238645
0.920 1.625176
0.930 1.974555
0.940 6.106418
0.950 3.602693
0.960 1.005046
0.970 5.653572
0.980 0.948065
0.990 2.282845
