0.000 0.242281
0.010 0.188135
0.020 0.351095
0.030 0.072197
0.040 0.327762
0.050 0.224923
0.060 0.144310
0.070 0.316695
0.080 0.002042
0.090 0.016128
0.100 0.152983
0.110 0.346776
0.120 0.209154
0.130 0.242497
0.140 0.000002
0.150 0.108614
0.160 0.264573
0.170 0.280997
0.180 0.112045
0.190 0.055821
0.200 0.224678
0.210 0.201475
0.220 0.229983
0.230 0.029491
0.240 0.099211
0.250 0.336509
0.260 0.022693
0.270 0.102877
0.280 0.148879
0.290 0.077766
0.300 0.188348
0.310 0.315445
0.320 0.012575
0.330 0.266991
0.340 0.168853
0.350 0.110948
0.360 0.281450
0.370 0.210984
0.380 0.248870
0.390 0.283854
0.400 0.247907
0.410 0.311092
0.420 0.228253
0.430 0.087541
0.440 0.290231
0.450 0.331990
0.460 0.140795
0.470 0.144773
0.480 0.082493
0.490 0.224565
0.500 0.274206
0.510 0.273457
0.520 0.144416
0.530 0.227863
0.540 0.104242
0.550 0.211633
0.560 0.108989
0.570 0.294684
0.580 0.120726
0.590 0.047336
0.600 0.072810
0.610 0.169361
0.620 0.193068
0.630 0.282054
0.640 0.182459
0.650 0.008084
0.660 0.209486
0.670 0.188770
0.680 0.008139
0.690 0.319076
0.700 0.330410
0.710 0.073437
0.720 0.244036
0.730 0.208110
0.740 0.088495
0.750 0.220919
0.760 0.046379
0.770 0.064927
0.780 0.171012
0.790 0.089917
0.800 0.176311
0.810 0.121111
0.820 0.005070
0.830 0.195907
0.840 0.064922
0.850 0.041432
0.860 0.189006
0.870 0.049007
0.880 0.009788
0.890 0.107165
0.900 0.018252
0.910 0.254564
0.920 0.305057
0.930 0.184797
0.940 0.153427
0.950 0.246388
0.960 0.143837
0.970 0.298348
0.980 0.351832
0.990 0.047101
