0.000 1.381921
0.010 0.761403
0.020 -0.315784
0.030 0.987503
0.040 -3.269961
0.050 -2.904621
0.060 1.180981
0.070 2.556961
0.080 0.239688
0.090 2.310689
0.100 1.419514
0.110 1.871858
0.120 3.035708
0.130 0.428339
0.140 0.829793
0.150 -0.525939
0.160 1.871793
0.170 -1.265036
0.180 -3.069301
0.190 1.105238
0.200 1.546381
0.210 0.095875
0.220 0.527978
0.230 -0.167215
0.240 1.725353
0.250 -1.207187
0.260 1.556541
0.270 1.673588
0.280 2.158315
0.290 -1.347518
0.300 -2.122995
0.310 0.635176
0.320 0.122622
0.330 -1.499864
0.340 0.823897
0.350 -1.118694
0.360 -0.137946
0.370 1.135828
0.380 -2.104780
0.390 0.200838
0.400 4.323686
0.410 0.340540
0.420 -0.629497
0.430 5.518227
0.440 1.294491
0.450 -1.341831
0.460 0.210294
0.470 1.654125
0.480 0.114447
0.490 -5.049787
0.500 0.487367
0.510 0.085089
0.520 0.654253
0.530 0.009503
0.540 -0.017224
0.550 4.209600
0.560 1.047281
0.570 -0.779461
0.580 0.743418
0.590 -1.680329
0.600 1.116193
0.610 3.035999
0.620 -0.414382
0.630 -2.686579
0.640 -0.637089
0.650 -2.076854
0.660 0.820580
0.670 1.101225
0.680 0.799477
0.690 1.565161
0.700 -2.997578
0.710 0.266081
0.720 0.276205
0.730 2.188634
0.740 -0.102888
0.750 1.157841
0.760 -2.198146
0.770 2.036805
0.780 -0.107067
0.790 -3.552695
0.800 2.868563
0.810 0.914467
0.820 1.595985
0.830 1.708887
0.840 3.279235
0.850 -1.734906
0.860 0.769261
0.870 4.094678
0.880 2.322510
0.890 0.726498
0.900 -0.042040
0.910 1.739304
0.920 2.412541
0.930 3.937199
0.940 -0.366559
0.950 1.169143
0.960 1.961581
0.970 0.921215
0.980 0.297398
0.990 3.407336
