0.000 7.631876
0.010 2.728116
0.020 1.630180
0.030 7.465622
0.040 3.169060
0.050 4.093331
0.060 2.491766
0.070 7.381174
0.080 1.199362
0.090 5.967121
0.100 2.596588
0.110 1.498522
0.120 1.110057
0.130 1.600021
0.140 8.870809
0.150 3.445478
0.160 3.014141
0.170 2.558887
0.180 4.693966
0.190 8.492632
0.200 0.590719
0.210 1.778591
0.220 5.616202
0.230 5.066993
0.240 1.716548
0.250 5.217899
0.260 4.415466
0.270 3.810173
0.280 8.011525
0.290 7.117878
0.300 4.130352
0.310 1.175582
0.320 7.077256
0.330 3.637248
0.340 1.801440
0.350 6.350673
0.360 5.223078
0.370 7.296872
0.380 6.765879
0.390 4.889791
0.400 1.322318
0.410 5.014144
0.420 7.322932
0.430 5.165413
0.440 2.249105
0.450 4.652103
0.460 7.960071
0.470 0.583976
0.480 7.797252
0.490 4.447263
0.500 2.465989
0.510 8.678417
0.520 2.072104
0.530 5.673218
0.540 7.128342
0.550 6.828957
0.560 4.394949
0.570 8.555282
0.580 6.037745
0.590 0.902153
0.600 0.058930
0.610 8.912588
0.620 8.325944
0.630 3.409047
0.640 4.740848
0.650 0.093316
0.660 8.040820
0.670 0.986362
0.680 5.487336
0.690 1.005130
0.700 4.884923
0.710 2.079702
0.720 3.285590
0.730 2.709998
0.740 2.517357
0.750 7.523314
0.760 7.200681
0.770 8.395667
0.780 1.986828
0.790 0.087964
0.800 0.239242
0.810 5.018861
0.820 8.307628
0.830 7.221948
0.840 0.675388
0.850 7.817676
0.860 1.444844
0.870 4.666790
0.880 2.713975
0.890 2.181914
0.900 7.229251
0.910 2.345232
0.920 3.856708
0.930 7.516863
0.940 2.885507
0.950 7.076374
0.960 3.125302
0.970 0.262911
0.980 7.293077
0.990 6.637579
