0.000 4.240355
0.010 7.171715
0.020 0.409531
0.030 0.570966
0.040 0.335969
0.050 3.323321
0.060 4.289708
0.070 5.986593
0.080 6.369021
0.090 7.394235
0.100 6.155755
0.110 3.144507
0.120 4.534912
0.130 3.128726
0.140 0.848048
0.150 4.031855
0.160 7.019767
0.170 2.371437
0.180 2.287618
0.190 3.109736
0.200 1.096349
0.210 5.869474
0.220 3.327551
0.230 5.345841
0.240 1.269577
0.250 4.133194
0.260 4.252674
0.270 1.348373
0.280 1.864455
0.290 6.154277
0.300 6.527231
0.310 1.170483
0.320 1.724940
0.330 7.652907
0.340 6.896185
0.350 3.356701
0.360 6.016469
0.370 2.814928
0.380 1.031842
0.390 0.566116
0.400 7.052780
0.410 4.189804
0.420 5.536214
0.430 0.314336
0.440 5.559887
0.450 6.039435
0.460 7.608740
0.470 6.923342
0.480 3.227834
0.490 3.322777
0.500 6.625950
0.510 3.607796
0.520 3.971206
0.530 0.257337
0.540 4.599240
0.550 4.712608
0.560 1.583787
0.570 0.002607
0.580 5.763085
0.590 2.607485
0.600 4.309382
0.610 6.738360
0.620 7.352183
0.630 7.381962
0.640 5.327814
0.650 2.414045
0.660 0.233645
0.670 3.766833
0.680 7.112751
0.690 7.482666
0.700 0.952637
0.710 5.783407
0.720 2.590904
0.730 5.136293
0.740 6.765778
0.750 4.207510
0.760 3.877792
0.770 3.105635
0.780 5.428301
0.790 1.301586
0.800 6.077855
0.810 2.720564
0.820 3.102712
0.830 5.591905
0.840 6.983413
0.850 0.352935
0.860 1.288930
0.870 7.691738
0.880 2.118956
0.890 3.768329
0.900 3.005270
0.910 7.586597
0.920 0.364131
0.930 3.496546
0.940 3.620327
0.950 0.634821
0.960 6.661918
0.970 0.860433
0.980 3.122848
0.990 0.188672
