0.000 0.295229
0.010 0.291628
0.020 0.582260
0.030 0.653477
0.040 0.043987
0.050 0.223897
0.060 0.364924
0.070 1.116763
0.080 0.163660
0.090 0.892576
0.100 1.128498
0.110 0.022391
0.120 0.103011
0.130 0.585218
0.140 0.579874
0.150 1.021896
0.160 0.549056
0.170 0.192563
0.180 0.788641
0.190 0.348176
0.200 0.667032
0.210 0.729322
0.220 0.930335
0.230 0.620538
0.240 0.674328
0.250 0.867739
0.260 0.158887
0.270 0.338434
0.280 0.719997
0.290 0.849845
0.300 0.625623
0.310 0.102474
0.320 0.003486
0.330 0.819621
0.340 1.056109
0.350 0.678675
0.360 0.245005
0.370 0.792770
0.380 1.108598
0.390 0.198393
0.400 0.332100
0.410 0.387002
0.420 0.493099
0.430 0.103846
0.440 0.429807
0.450 0.202451
0.460 0.344261
0.470 0.283808
0.480 0.276146
0.490 0.557890
0.500 1.009212
0.510 0.949663
0.520 0.160615
0.530 0.486282
0.540 1.048668
0.550 0.015117
0.560 0.188261
0.570 0.622917
0.580 0.890722
0.590 0.264904
0.600 1.105042
0.610 0.546214
0.620 0.203339
0.630 1.029378
0.640 0.562992
0.650 0.116197
0.660 0.015963
0.670 0.995180
0.680 0.354866
0.690 1.091545
0.700 0.798668
0.710 1.091016
0.720 0.949136
0.730 0.458840
0.740 0.421486
0.750 0.562014
0.760 0.326269
0.770 0.890144
0.780 0.005505
0.790 0.484110
0.800 0.518086
0.810 0.035879
0.820 1.094560
0.830 0.474318
0.840 0.357190
0.850 0.443302
0.860 0.296380
0.870 0.536893
0.880 0.666019
0.890 0.415641
0.900 1.107838
0.910 0.538246
0.920 0.019561
0.930 0.489856
0.940 0.417946
0.950 0.391552
0.960 1.080320
0.970 0.183817
0.980 0.005351
0.990 0.183054
