0.000 -1.220740
0.010 -1.468704
0.020 0.330219
0.030 -0.497585
0.040 -1.865891
0.050 -1.495689
0.060 -1.143808
0.070 0.134805
0.080 -1.048153
0.090 -0.755199
0.100 2.689915
0.110 -0.312112
0.120 1.294441
0.130 1.660132
0.140 -0.276683
0.150 1.475869
0.160 2.976650
0.170 1.871954
0.180 -1.196217
0.190 -0.588726
0.200 0.432821
0.210 2.134060
0.220 2.467181
0.230 -0.374738
0.240 -0.408289
0.250 2.585744
0.260 0.945408
0.270 -1.318193
0.280 -1.375172
0.290 0.775588
0.300 1.897079
0.310 -1.394486
0.320 0.759100
0.330 3.657394
0.340 1.796143
0.350 -0.825224
0.360 -1.929151
0.370 -2.320810
0.380 -1.769990
0.390 -1.057406
0.400 -0.728821
0.410 -2.695636
0.420 -0.869613
0.430 2.149512
0.440 -3.601800
0.450 0.137552
0.460 -0.807158
0.470 1.999960
0.480 0.287074
0.490 0.276357
0.500 -0.856420
0.510 -1.424129
0.520 -0.897237
0.530 -2.132739
0.540 -0.017217
0.550 1.406677
0.560 -0.695404
0.570 0.082239
0.580 0.904030
0.590 0.656935
0.600 1.416669
0.610 1.624732
0.620 -1.287137
0.630 3.377619
0.640 2.331376
0.650 -1.160115
0.660 0.961636
0.670 1.717129
0.680 2.306754
0.690 2.697157
0.700 -0.751976
0.710 0.232289
0.720 0.697503
0.730 -0.718441
0.740 -0.699598
0.750 -1.501413
0.760 -1.469707
0.770 0.419426
0.780 0.804246
0.790 1.202228
0.800 -0.158867
0.810 0.177286
0.820 -0.020853
0.830 -0.518669
0.840 1.625001
0.850 -1.386569
0.860 -0.166506
0.870 -0.087275
0.880 -0.705028
0.890 -0.959332
0.900 0.818371
0.910 -0.984936
0.920 1.853289
0.930 1.742384
0.940 1.293822
0.950 -1.208301
0.960 3.527410
0.970 -0.740596
0.980 0.079079
0.990 1.340067
