0.000 0.107276
0.010 0.482562
0.020 0.650834
0.030 0.691261
0.040 0.611832
0.050 0.844023
0.060 0.815925
0.070 0.401386
0.080 0.568026
0.090 0.115474
0.100 0.437865
0.110 0.538503
0.120 0.547492
0.130 0.085318
0.140 0.395025
0.150 0.458192
0.160 0.344615
0.170 0.761342
0.180 0.122115
0.190 0.481991
0.200 0.296273
0.210 0.009897
0.220 0.735790
0.230 0.237218
0.240 0.071893
0.250 0.134469
0.260 0.497837
0.270 0.252857
0.280 0.643303
0.290 0.224988
0.300 0.394048
0.310 0.303524
0.320 0.480318
0.330 0.232328
0.340 0.350161
0.350 0.053689
0.360 0.286112
0.370 0.850909
0.380 0.461626
0.390 0.059914
0.400 0.381082
0.410 0.253716
0.420 0.585274
0.430 0.573064
0.440 0.461375
0.450 0.201958
0.460 0.838098
0.470 0.332274
0.480 0.652938
0.490 0.412652
0.500 0.800010
0.510 0.761605
0.520 0.666835
0.530 0.479389
0.540 0.189735
0.550 0.300206
0.560 0.843750
0.570 0.522174
0.580 0.274457
0.590 0.539747
0.600 0.697497
0.610 0.737699
0.620 0.014581
0.630 0.711324
0.640 0.821162
0.650 0.534210
0.660 0.773511
0.670 0.276258
0.680 0.519551
0.690 0.841424
0.700 0.068045
0.710 0.522298
0.720 0.735218
0.730 0.640364
0.740 0.268801
0.750 0.372409
0.760 0.318426
0.770 0.329778
0.780 0.883370
0.790 0.181488
0.800 0.274198
0.810 0.153819
0.820 0.291727
0.830 0.764583
0.840 0.348815
0.850 0.075678
0.860 0.800646
0.870 0.349973
0.880 0.360010
0.890 0.748468
0.900 0.621396
0.910 0.085548
0.920 0.727793
0.930 0.208109
0.940 0.794081
0.950 0.030972
0.960 0.565350
0.970 0.011780
0.980 0.334218
0.990 0.721638
