0.000 2.152919
0.010 5.808300
0.020 4.796532
0.030 0.398020
0.040 4.853365
0.050 4.638868
0.060 3.617754
0.070 3.163832
0.080 3.068094
0.090 1.152606
0.100 3.654997
0.110 3.683564
0.120 1.741201
0.130 5.326975
0.140 1.282382
0.150 4.579118
0.160 4.378212
0.170 1.434731
0.180 1.519702
0.190 1.521619
0.200 3.644152
0.210 4.266134
0.220 0.580930
0.230 5.656171
0.240 0.988913
0.250 2.317654
0.260 1.712111
0.270 4.036193
0.280 1.858454
0.290 1.493805
0.300 5.531737
0.310 4.300270
0.320 1.014239
0.330 4.249349
0.340 2.048500
0.350 0.459858
0.360 4.967838
0.370 0.635098
0.380 4.962171
0.390 3.045789
0.400 3.003125
0.410 4.007954
0.420 1.983894
0.430 1.608098
0.440 1.903894
0.450 3.420759
0.460 5.341341
0.470 3.687717
0.480 0.002956
0.490 3.770192
0.500 1.728952
0.510 2.472641
0.520 0.492752
0.530 5.091352
0.540 4.317838
0.550 3.250673
0.560 5.686490
0.570 0.190090
0.580 3.461753
0.590 2.404876
0.600 5.475266
0.610 0.921192
0.620 5.762885
0.630 5.733602
0.640 2.456959
0.650 4.084750
0.660 4.795669
0.670 1.294350
0.680 2.917583
0.690 4.966036
0.700 2.993418
0.710 3.151350
0.720 3.744066
0.730 5.808193
0.740 2.941143
0.750 3.261522
0.760 0.787520
0.770 3.387306
0.780 2.137159
0.790 2.930375
0.800 4.785452
0.810 5.165631
0.820 1.516114
0.830 5.367429
0.840 3.478155
0.850 3.571564
0.860 2.061395
0.870 3.965894
0.880 2.387410
0.890 0.242721
0.900 5.771733
0.910 4.413400
0.920 1.382853
0.930 1.876777
0.940 2.326371
0.950 3.286462
0.960 0.007259
0.970 4.871775
0.980 0.703921
0.990 0.791259
