0.000 5.943278
0.010 0.418387
0.020 6.869061
0.030 1.559279
0.040 0.125480
0.050 4.727575
0.060 3.849202
0.070 3.144834
0.080 2.994883
0.090 1.305863
0.100 4.460098
0.110 0.470927
0.120 2.066315
0.130 1.890067
0.140 5.407247
0.150 7.248512
0.160 1.979139
0.170 0.486459
0.180 4.714598
0.190 2.935873
0.200 5.270683
0.210 2.580042
0.220 1.538152
0.230 2.227651
0.240 2.637129
0.250 4.348514
0.260 6.980099
0.270 1.884320
0.280 3.619962
0.290 2.435818
0.300 3.003301
0.310 0.064100
0.320 7.354461
0.330 6.856305
0.340 0.057882
0.350 5.578973
0.360 6.993028
0.370 5.405547
0.380 2.119818
0.390 1.834757
0.400 5.727726
0.410 0.263344
0.420 6.103124
0.430 1.578493
0.440 7.292614
0.450 5.724983
0.460 0.092671
0.470 6.663390
0.480 4.689339
0.490 6.218510
0.500 3.297563
0.510 6.426049
0.520 4.838137
0.530 2.436672
0.540 3.905386
0.550 7.124559
0.560 1.370987
0.570 1.590478
0.580 4.535231
0.590 5.400172
0.600 0.022349
0.610 2.981161
0.620 3.208001
0.630 5.000499
0.640 6.770356
0.650 5.340191
0.660 1.611404
0.670 1.301684
0.680 5.419314
0.690 4.812453
0.700 6.036250
0.710 0.528223
0.720 4.795926
0.730 3.907108
0.740 7.228101
0.750 6.336331
0.760 2.950911
0.770 3.369648
0.780 4.474682
0.790 2.760093
0.800 6.782826
0.810 4.844200
0.820 5.909325
0.830 1.636156
0.840 2.416686
0.850 4.541541
0.860 7.015669
0.870 4.507758
0.880 5.935238
0.890 7.505001
0.900 2.175987
0.910 1.902935
0.920 3.107366
0.930 3.029224
0.940 4.357016
0.950 5.180954
0.960 7.209193
0.970 7.304584
0.980 5.091278
0.990 1.053779
