0.000 4.169537
0.010 3.223184
0.020 7.052224
0.030 4.033404
0.040 5.528814
0.050 5.763525
0.060 1.656987
0.070 8.295060
0.080 0.706607
0.090 7.939159
0.100 5.706482
0.110 2.069478
0.120 5.103868
0.130 4.260268
0.140 0.841158
0.150 7.770787
0.160 1.309816
0.170 2.047860
0.180 6.172215
0.190 0.337504
0.200 0.162941
0.210 4.939796
0.220 3.060667
0.230 4.137493
0.240 7.622263
0.250 0.566627
0.260 3.184247
0.270 7.664325
0.280 1.030607
0.290 0.833531
0.300 5.897090
0.310 4.681086
0.320 7.773111
0.330 2.469934
0.340 7.039960
0.350 0.894020
0.360 1.193606
0.370 5.888069
0.380 8.379274
0.390 4.618576
0.400 1.676746
0.410 7.194375
0.420 0.858253
0.430 6.899937
0.440 5.990831
0.450 2.312657
0.460 6.292966
0.470 1.758843
0.480 3.618594
0.490 7.052459
0.500 0.845393
0.510 1.227073
0.520 1.784204
0.530 3.251744
0.540 6.447818
0.550 1.770908
0.560 4.689800
0.570 5.762235
0.580 4.717567
0.590 4.122527
0.600 7.010893
0.610 5.816588
0.620 5.207917
0.630 2.861898
0.640 8.460640
0.650 3.936992
0.660 8.585514
0.670 1.913339
0.680 0.524756
0.690 5.283775
0.700 0.641659
0.710 6.663276
0.720 0.110342
0.730 2.514872
0.740 5.694634
0.750 1.709660
0.760 6.787281
0.770 8.136336
0.780 7.803769
0.790 8.402736
0.800 5.397121
0.810 1.660789
0.820 5.625319
0.830 3.485003
0.840 7.946579
0.850 3.511196
0.860 2.228644
0.870 1.931600
0.880 3.261467
0.890 8.349634
0.900 0.926586
0.910 7.621281
0.920 7.105188
0.930 7.356874
0.940 1.164128
0.950 4.032774
0.960 6.583047
0.970 1.855541
0.980 2.694002
0.990 6.466850
