0.000 3.174944
0.010 0.491937
0.020 4.146704
0.030 3.782557
0.040 3.855870
0.050 7.925061
0.060 6.793089
0.070 5.180419
0.080 6.488813
0.090 1.455282
0.100 0.011478
0.110 1.968802
0.120 6.387203
0.130 2.331309
0.140 1.109711
0.150 7.569515
0.160 1.293597
0.170 3.994442
0.180 4.195164
0.190 2.809024
0.200 4.927652
0.210 4.134192
0.220 0.927853
0.230 4.490854
0.240 8.396228
0.250 1.688528
0.260 1.303527
0.270 7.029165
0.280 7.344008
0.290 0.524762
0.300 4.742854
0.310 6.459335
0.320 0.901346
0.330 8.292450
0.340 8.143035
0.350 7.159484
0.360 1.620618
0.370 3.539011
0.380 4.467748
0.390 3.889847
0.400 6.445584
0.410 7.699989
0.420 2.232207
0.430 1.464258
0.440 4.253641
0.450 0.571037
0.460 2.416781
0.470 5.790695
0.480 0.122503
0.490 8.664162
0.500 2.027316
0.510 3.421746
0.520 2.191588
0.530 1.536216
0.540 5.988972
0.550 1.913643
0.560 8.604051
0.570 0.561505
0.580 8.226497
0.590 6.390555
0.600 2.860598
0.610 3.995722
0.620 8.769720
0.630 7.240166
0.640 1.724231
0.650 8.375612
0.660 5.939259
0.670 0.045082
0.680 5.595456
0.690 7.308693
0.700 4.192604
0.710 5.796462
0.720 3.464776
0.730 6.686862
0.740 6.485682
0.750 6.790069
0.760 6.040288
0.770 7.123673
0.780 5.902290
0.790 0.847085
0.800 3.875551
0.810 2.149960
0.820 5.200561
0.830 4.329399
0.840 6.534446
0.850 4.600547
0.860 0.956452
0.870 8.475998
0.880 5.161959
0.890 4.966831
0.900 0.247897
0.910 5.811500
0.920 5.362824
0.930 6.620168
0.940 3.982803
0.950 5.443774
0.960 8.617381
0.970 2.709809
0.980 2.888265
0.990 3.848895
