0.000 0.576446
0.010 3.392005
0.020 0.963650
0.030 -0.420108
0.040 0.591719
0.050 -0.153368
0.060 2.452028
0.070 0.276269
0.080 2.357058
0.090 -0.675623
0.100 -2.195608
0.110 3.152703
0.120 0.461930
0.130 0.797998
0.140 -0.298071
0.150 0.808116
0.160 -3.001974
0.170 -0.063083
0.180 -2.026030
0.190 0.653557
0.200 2.257703
0.210 -0.108438
0.220 1.871192
0.230 -1.340208
0.240 -1.402782
0.250 -0.236441
0.260 2.503901
0.270 -0.143117
0.280 1.585007
0.290 -1.228566
0.300 -2.543207
0.310 0.624769
0.320 2.129637
0.330 3.144783
0.340 0.560002
0.350 -1.466647
0.360 2.216433
0.370 1.726505
0.380 0.616420
0.390 1.597285
0.400 -1.294787
0.410 -0.159403
0.420 -1.156697
0.430 -2.950847
0.440 -0.646989
0.450 1.722982
0.460 -2.049159
0.470 1.503768
0.480 1.412082
0.490 0.713887
0.500 2.775249
0.510 0.469746
0.520 0.876254
0.530 0.406649
0.540 0.707371
0.550 -0.883260
0.560 -2.634278
0.570 1.051217
0.580 -0.868228
0.590 1.048664
0.600 0.431282
0.610 -3.736392
0.620 -0.391490
0.630 1.478691
0.640 0.545488
0.650 0.403491
0.660 -1.488155
0.670 3.791046
0.680 -0.909450
0.690 0.685846
0.700 -0.744065
0.710 -0.344596
0.720 -3.965426
0.730 -0.089764
0.740 2.984105
0.750 0.644025
0.760 -2.145303
0.770 1.232071
0.780 -1.977895
0.790 -0.776519
0.800 -0.356852
0.810 -2.456694
0.820 2.886363
0.830 2.490076
0.840 1.408390
0.850 0.315971
0.860 -0.996194
0.870 0.554668
0.880 -1.102495
0.890 -0.951471
0.900 2.369352
0.910 -0.109993
0.920 -2.182666
0.930 0.726027
0.940 -1.521515
0.950 2.301640
0.960 -1.550676
0.970 -0.335895
0.980 -1.719862
0.990 -0.771279
