0.000 0.306075
0.010 0.098787
0.020 1.126373
0.030 4.879438
0.040 3.065321
0.050 4.436861
0.060 3.040910
0.070 2.991768
0.080 3.380043
0.090 3.490928
0.100 3.767291
0.110 2.281942
0.120 4.824624
0.130 3.144141
0.140 1.626402
0.150 3.687796
0.160 3.304509
0.170 3.087026
0.180 3.509396
0.190 4.613414
0.200 3.622417
0.210 1.316148
0.220 3.216704
0.230 1.624513
0.240 2.568081
0.250 3.569554
0.260 4.836721
0.270 2.800762
0.280 2.721863
0.290 0.740236
0.300 1.263117
0.310 3.325068
0.320 3.842179
0.330 2.902452
0.340 1.075644
0.350 3.825972
0.360 1.202043
0.370 2.256192
0.380 1.656753
0.390 3.946468
0.400 2.974418
0.410 0.663384
0.420 4.451129
0.430 0.217472
0.440 4.625560
0.450 2.922780
0.460 0.430068
0.470 3.350313
0.480 0.712919
0.490 1.941426
0.500 0.168818
0.510 4.821619
0.520 2.011032
0.530 3.914013
0.540 2.721955
0.550 0.168564
0.560 4.372018
0.570 3.619172
0.580 0.528095
0.590 2.159698
0.600 3.645211
0.610 4.279090
0.620 0.797475
0.630 4.423110
0.640 0.788705
0.650 3.539631
0.660 0.731577
0.670 3.384191
0.680 2.209130
0.690 2.593809
0.700 1.679410
0.710 1.924845
0.720 0.172375
0.730 3.408770
0.740 3.077824
0.750 0.884692
0.760 0.317441
0.770 2.125245
0.780 1.213495
0.790 1.137371
0.800 0.709853
0.810 3.743355
0.820 0.597997
0.830 3.172999
0.840 4.336176
0.850 0.616540
0.860 3.898855
0.870 3.470913
0.880 2.541274
0.890 1.611860
0.900 2.041189
0.910 3.545286
0.920 3.086287
0.930 2.525739
0.940 0.298047
0.950 1.746538
0.960 1.259161
0.970 2.979695
0.980 0.805634
0.990 2.881506
