0.000 3.328051
0.010 0.612029
0.020 5.854512
0.030 0.168082
0.040 4.653732
0.050 0.915077
0.060 4.775070
0.070 6.002095
0.080 0.096000
0.090 0.967605
0.100 1.608287
0.110 5.823803
0.120 2.453219
0.130 5.726543
0.140 1.432989
0.150 3.534928
0.160 3.473484
0.170 5.793825
0.180 3.291159
0.190 2.598978
0.200 5.499352
0.210 5.188747
0.220 1.008737
0.230 1.854683
0.240 2.554858
0.250 5.056010
0.260 4.059403
0.270 5.963798
0.280 0.994978
0.290 5.577510
0.300 5.816523
0.310 2.180583
0.320 1.780353
0.330 0.807738
0.340 3.509745
0.350 3.020929
0.360 0.012540
0.370 4.711026
0.380 3.088642
0.390 6.069369
0.400 4.083198
0.410 3.262398
0.420 3.383707
0.430 3.905621
0.440 5.369689
0.450 2.873071
0.460 2.652882
0.470 2.387362
0.480 4.964321
0.490 2.129536
0.500 4.724101
0.510 3.854252
0.520 1.746471
0.530 2.530369
0.540 1.900767
0.550 0.242586
0.560 3.331899
0.570 0.686159
0.580 2.450485
0.590 0.012503
0.600 3.159930
0.610 4.533324
0.620 0.044570
0.630 0.452379
0.640 0.091610
0.650 0.244454
0.660 4.396424
0.670 4.470939
0.680 3.806915
0.690 0.691531
0.700 0.529829
0.710 4.657926
0.720 1.936174
0.730 1.215286
0.740 3.758772
0.750 1.157164
0.760 4.815879
0.770 2.158567
0.780 3.320552
0.790 2.498695
0.800 2.154931
0.810 3.325553
0.820 1.027737
0.830 0.240949
0.840 4.199137
0.850 5.248688
0.860 3.161542
0.870 4.983573
0.880 4.595915
0.890 1.528786
0.900 5.077009
0.910 3.960122
0.920 5.245346
0.930 3.811138
0.940 0.265526
0.950 0.622681
0.960 1.075111
0.970 3.812661
0.980 1.328120
0.990 2.135872
