0.000 8.611138
0.010 2.557276
0.020 3.355688
0.030 3.381067
0.040 7.521209
0.050 3.215086
0.060 2.604496
0.070 7.541353
0.080 1.115884
0.090 7.868222
0.100 2.331269
0.110 8.348716
0.120 4.036846
0.130 5.894076
0.140 8.398103
0.150 6.683841
0.160 8.486943
0.170 3.416687
0.180 6.684228
0.190 5.754932
0.200 2.402182
0.210 6.914932
0.220 6.610344
0.230 5.251706
0.240 8.177291
0.250 4.104912
0.260 8.478526
0.270 0.185548
0.280 2.868774
0.290 6.936509
0.300 4.617826
0.310 3.749531
0.320 6.554776
0.330 4.015367
0.340 5.511575
0.350 7.105139
0.360 4.460799
0.370 6.123308
0.380 0.682452
0.390 0.509617
0.400 7.014543
0.410 7.241612
0.420 7.725006
0.430 3.011723
0.440 2.564056
0.450 0.621820
0.460 1.623765
0.470 3.137601
0.480 0.410239
0.490 2.810877
0.500 3.214055
0.510 0.499669
0.520 7.734092
0.530 4.549472
0.540 8.035497
0.550 7.669309
0.560 6.290554
0.570 8.305502
0.580 6.478104
0.590 3.022431
0.600 8.316598
0.610 0.217842
0.620 0.017939
0.630 4.002394
0.640 8.346665
0.650 4.143598
0.660 0.553577
0.670 5.408810
0.680 4.694097
0.690 1.258419
0.700 4.336154
0.710 1.630198
0.720 5.697717
0.730 7.141177
0.740 7.880431
0.750 7.884786
0.760 6.194556
0.770 5.781927
0.780 3.344356
0.790 2.912314
0.800 1.180031
0.810 3.528035
0.820 2.461364
0.830 2.203319
0.840 5.330417
0.850 5.464857
0.860 4.306944
0.870 8.457371
0.880 3.385946
0.890 8.503912
0.900 8.050579
0.910 2.290817
0.920 6.283259
0.930 3.136229
0.940 0.586510
0.950 1.812542
0.960 7.995048
0.970 8.603477
0.980 3.850960
0.990 4.320584
