0.000 4.485109
0.010 3.776643
0.020 2.943463
0.030 5.180757
0.040 3.636671
0.050 2.564107
0.060 2.297674
0.070 5.519228
0.080 1.219875
0.090 3.880782
0.100 1.896918
0.110 2.522327
0.120 5.777424
0.130 4.302088
0.140 1.271932
0.150 3.805881
0.160 3.591920
0.170 2.823207
0.180 2.366865
0.190 3.827097
0.200 4.366412
0.210 5.004587
0.220 2.669835
0.230 0.849006
0.240 4.322988
0.250 2.479453
0.260 4.960360
0.270 0.072739
0.280 2.130915
0.290 1.207103
0.300 4.162076
0.310 1.815082
0.320 2.031230
0.330 0.268031
0.340 1.194204
0.350 3.086596
0.360 4.791170
0.370 4.181598
0.380 3.616753
0.390 0.621445
0.400 4.226911
0.410 0.446565
0.420 3.631724
0.430 1.243418
0.440 4.182547
0.450 5.393325
0.460 2.170859
0.470 0.355650
0.480 3.706211
0.490 0.027985
0.500 5.846458
0.510 1.184798
0.520 4.349825
0.530 3.536298
0.540 1.951647
0.550 6.241378
0.560 6.004885
0.570 0.518325
0.580 2.290861
0.590 5.280405
0.600 1.714083
0.610 6.106695
0.620 4.829227
0.630 2.923192
0.640 4.830051
0.650 3.328705
0.660 5.660323
0.670 5.691995
0.680 3.123389
0.690 2.973738
0.700 0.520370
0.710 1.569554
0.720 5.746808
0.730 1.634570
0.740 1.368287
0.750 1.182264
0.760 4.079290
0.770 0.769933
0.780 0.673661
0.790 0.838963
0.800 1.591199
0.810 6.162411
0.820 1.435874
0.830 3.644340
0.840 2.357828
0.850 4.095352
0.860 2.771199
0.870 4.868867
0.880 4.931012
0.890 0.765126
0.900 1.901335
0.910 4.685732
0.920 2.458813
0.930 4.162504
0.940 4.852300
0.950 2.888937
0.960 4.086741
0.970 1.879332
0.980 2.911204
0.990 1.016329
