0.000 0.069499
0.010 0.116341
0.020 0.603687
0.030 0.530606
0.040 0.877137
0.050 0.012463
0.060 0.469290
0.070 0.403521
0.080 0.178095
0.090 0.477097
0.100 0.478599
0.110 0.012770
0.120 0.485115
0.130 0.526667
0.140 0.166936
0.150 0.845826
0.160 0.370448
0.170 0.782204
0.180 0.158070
0.190 0.160273
0.200 0.180179
0.210 0.364341
0.220 0.244943
0.230 0.059178
0.240 0.156883
0.250 0.105292
0.260 0.087752
0.270 0.309135
0.280 0.141756
0.290 0.060533
0.300 0.048472
0.310 0.566435
0.320 0.060006
0.330 0.314665
0.340 0.633888
0.350 0.070921
0.360 0.731822
0.370 0.869422
0.380 0.622025
0.390 0.697937
0.400 0.192629
0.410 0.652945
0.420 0.796916
0.430 0.299175
0.440 0.660427
0.450 0.781809
0.460 0.017061
0.470 0.179605
0.480 0.618420
0.490 0.720849
0.500 0.086020
0.510 0.332248
0.520 0.732194
0.530 0.499462
0.540 0.682080
0.550 0.459430
0.560 0.788407
0.570 0.078423
0.580 0.785658
0.590 0.085481
0.600 0.677173
0.610 0.436844
0.620 0.873888
0.630 0.849687
0.640 0.544365
0.650 0.561772
0.660 0.083920
0.670 0.203775
0.680 0.684552
0.690 0.461785
0.700 0.250511
0.710 0.060170
0.720 0.816141
0.730 0.688383
0.740 0.701993
0.750 0.667315
0.760 0.776835
0.770 0.474873
0.780 0.704883
0.790 0.637017
0.800 0.567298
0.810 0.792552
0.820 0.702391
0.830 0.797131
0.840 0.536593
0.850 0.456496
0.860 0.565580
0.870 0.581393
0.880 0.568461
0.890 0.318267
0.900 0.724700
0.910 0.754170
0.920 0.093128
0.930 0.144721
0.940 0.233426
0.950 0.676318
0.960 0.247280
0.970 0.102153
0.980 0.840738
0.990 0.745239
