0.000 2.331787
0.010 3.651191
0.020 2.962042
0.030 4.588312
0.040 4.375929
0.050 1.222245
0.060 1.377669
0.070 0.735504
0.080 3.069520
0.090 0.515335
0.100 3.406941
0.110 0.951894
0.120 2.832993
0.130 1.802173
0.140 2.588261
0.150 3.629088
0.160 2.695893
0.170 3.143806
0.180 4.563676
0.190 1.348339
0.200 3.853921
0.210 2.795986
0.220 1.522504
0.230 3.918585
0.240 1.080124
0.250 3.473544
0.260 0.327505
0.270 0.214051
0.280 1.536984
0.290 1.813179
0.300 4.240544
0.310 3.783232
0.320 0.861550
0.330 1.732439
0.340 2.861599
0.350 1.695486
0.360 3.899986
0.370 0.059187
0.380 4.242427
0.390 4.532541
0.400 4.181091
0.410 1.496968
0.420 0.259679
0.430 1.939927
0.440 4.020325
0.450 4.385447
0.460 3.751273
0.470 1.586246
0.480 1.479639
0.490 3.469693
0.500 1.134533
0.510 0.930854
0.520 4.224999
0.530 1.969099
0.540 2.312265
0.550 1.149699
0.560 1.900036
0.570 1.499708
0.580 1.060111
0.590 3.654008
0.600 0.066622
0.610 0.225385
0.620 1.156054
0.630 4.160985
0.640 3.530397
0.650 0.894826
0.660 2.737240
0.670 1.086191
0.680 2.720379
0.690 2.362603
0.700 1.637314
0.710 2.221623
0.720 3.754949
0.730 0.983638
0.740 1.440337
0.750 0.744386
0.760 2.290619
0.770 1.172111
0.780 4.481659
0.790 3.208603
0.800 1.925664
0.810 3.872065
0.820 4.479165
0.830 2.325757
0.840 2.031352
0.850 0.857733
0.860 3.742896
0.870 3.675585
0.880 2.282873
0.890 2.645457
0.900 2.206189
0.910 4.255098
0.920 0.705721
0.930 0.689224
0.940 4.791775
0.950 2.091100
0.960 4.557524
0.970 2.627004
0.980 3.373076
0.990 3.270230
