0.000 7.446865
0.010 1.185812
0.020 7.015658
0.030 7.599816
0.040 3.372377
0.050 4.358413
0.060 0.210118
0.070 6.178523
0.080 6.435629
0.090 6.856142
0.100 7.956004
0.110 7.252372
0.120 1.296889
0.130 4.581629
0.140 0.606738
0.150 1.978137
0.160 3.278597
0.170 2.549623
0.180 1.498706
0.190 1.880055
0.200 7.088353
0.210 7.427820
0.220 0.800616
0.230 6.819740
0.240 2.650553
0.250 8.085527
0.260 6.967866
0.270 0.491037
0.280 1.562242
0.290 3.293499
0.300 0.442365
0.310 3.298463
0.320 0.391334
0.330 6.321676
0.340 0.479286
0.350 4.711697
0.360 1.312351
0.370 7.497551
0.380 7.115921
0.390 1.881413
0.400 7.666483
0.410 5.901846
0.420 5.597306
0.430 6.402180
0.440 5.057249
0.450 2.447096
0.460 1.074638
0.470 0.955826
0.480 3.203747
0.490 7.060312
0.500 0.590091
0.510 6.147173
0.520 7.052918
0.530 3.680735
0.540 3.934075
0.550 5.834266
0.560 0.450847
0.570 0.861265
0.580 4.781617
0.590 1.721424
0.600 2.665916
0.610 0.891110
0.620 4.381550
0.630 6.973628
0.640 1.175136
0.650 7.715634
0.660 7.508850
0.670 3.334818
0.680 7.765605
0.690 4.947892
0.700 3.969618
0.710 0.226828
0.720 2.738453
0.730 6.508768
0.740 2.672796
0.750 3.478741
0.760 3.211125
0.770 1.350626
0.780 5.698024
0.790 7.908836
0.800 5.605828
0.810 0.208298
0.820 0.244271
0.830 7.307890
0.840 7.317740
0.850 5.187541
0.860 3.591276
0.870 5.692519
0.880 5.867229
0.890 0.102034
0.900 3.980764
0.910 8.073895
0.920 2.241783
0.930 7.186797
0.940 4.173911
0.950 8.141757
0.960 6.630770
0.970 7.622276
0.980 6.411040
0.990 4.558520
