0.000 6.025754
0.010 8.823396
0.020 7.505799
0.030 6.272310
0.040 2.711191
0.050 4.507050
0.060 1.602185
0.070 8.454457
0.080 2.313128
0.090 0.396787
0.100 1.319671
0.110 4.933349
0.120 6.574052
0.130 2.717276
0.140 8.328617
0.150 4.627935
0.160 6.041366
0.170 5.230824
0.180 3.386202
0.190 0.008249
0.200 1.344707
0.210 4.420217
0.220 0.240159
0.230 3.801056
0.240 2.956281
0.250 6.640458
0.260 1.366313
0.270 4.130927
0.280 3.127887
0.290 0.537798
0.300 1.594910
0.310 7.669374
0.320 8.862300
0.330 0.814416
0.340 1.144892
0.350 7.755969
0.360 6.184183
0.370 6.601952
0.380 7.520458
0.390 7.490695
0.400 4.379814
0.410 4.116956
0.420 3.100417
0.430 5.136900
0.440 2.605448
0.450 6.345174
0.460 4.363996
0.470 0.185686
0.480 6.142606
0.490 8.491862
0.500 5.475624
0.510 8.206486
0.520 5.984254
0.530 6.217511
0.540 7.019642
0.550 3.394419
0.560 1.358316
0.570 8.200383
0.580 7.085694
0.590 1.939160
0.600 3.622880
0.610 2.100520
0.620 5.281332
0.630 2.529706
0.640 5.464584
0.650 4.922449
0.660 6.341312
0.670 2.593088
0.680 6.425291
0.690 1.113689
0.700 1.916857
0.710 8.865590
0.720 2.393530
0.730 2.711194
0.740 0.651103
0.750 6.932383
0.760 4.065843
0.770 4.966931
0.780 1.642372
0.790 4.429262
0.800 6.690083
0.810 8.279064
0.820 6.152424
0.830 3.813272
0.840 6.997072
0.850 6.443104
0.860 0.432827
0.870 1.576286
0.880 1.756075
0.890 3.265815
0.900 9.367013
0.910 3.074618
0.920 1.655542
0.930 8.193558
0.940 8.040091
0.950 1.609189
0.960 4.443315
0.970 4.921756
0.980 4.249538
0.990 3.805868
