0.000 0.161561
0.010 0.833578
0.020 0.063369
0.030 0.567061
0.040 0.509976
0.050 0.147941
0.060 0.945590
0.070 0.620172
0.080 0.681562
0.090 0.737704
0.100 0.842186
0.110 0.500390
0.120 0.693687
0.130 0.739060
0.140 0.499632
0.150 0.811628
0.160 0.138300
0.170 0.424502
0.180 0.419728
0.190 0.908894
0.200 0.437004
0.210 0.683245
0.220 0.166466
0.230 0.800242
0.240 0.175127
0.250 0.813432
0.260 0.882762
0.270 0.663362
0.280 0.618091
0.290 0.346872
0.300 0.278355
0.310 0.653999
0.320 0.814449
0.330 0.780289
0.340 0.283393
0.350 0.332634
0.360 0.143180
0.370 0.711356
0.380 0.919206
0.390 0.616559
0.400 0.280538
0.410 0.136255
0.420 0.664977
0.430 0.279833
0.440 0.510216
0.450 0.071862
0.460 0.032673
0.470 0.309760
0.480 0.876075
0.490 0.635095
0.500 0.319551
0.510 0.035685
0.520 0.923979
0.530 0.194590
0.540 0.687315
0.550 0.862566
0.560 0.794562
0.570 0.409952
0.580 0.100460
0.590 0.813414
0.600 0.821032
0.610 0.568187
0.620 0.774798
0.630 0.732174
0.640 0.191598
0.650 0.605913
0.660 0.219841
0.670 0.255044
0.680 0.069503
0.690 0.141398
0.700 0.285138
0.710 0.502963
0.720 0.017851
0.730 0.691667
0.740 0.134237
0.750 0.073350
0.760 0.355819
0.770 0.644463
0.780 0.757178
0.790 0.567622
0.800 0.754108
0.810 0.912405
0.820 0.675759
0.830 0.161290
0.840 0.735979
0.850 0.714428
0.860 0.258435
0.870 0.024958
0.880 0.776848
0.890 0.665075
0.900 0.549840
0.910 0.899458
0.920 0.782446
0.930 0.484333
0.940 0.185032
0.950 0.290462
0.960 0.404581
0.970 0.523063
0.980 0.575294
0.990 0.819534
