0.000 0.834079
0.010 0.233057
0.020 1.342557
0.030 0.050551
0.040 1.030385
0.050 1.869368
0.060 1.108040
0.070 0.838421
0.080 0.789069
0.090 1.948563
0.100 2.498854
0.110 0.408139
0.120 2.562177
0.130 1.167777
0.140 0.771107
0.150 2.640641
0.160 0.356159
0.170 2.845459
0.180 2.893917
0.190 1.876469
0.200 1.989469
0.210 0.192419
0.220 1.198180
0.230 1.637249
0.240 1.567829
0.250 0.357218
0.260 1.769443
0.270 1.824770
0.280 0.707864
0.290 0.515583
0.300 2.855209
0.310 1.404768
0.320 0.295526
0.330 0.036859
0.340 2.244826
0.350 1.088914
0.360 2.433587
0.370 1.452684
0.380 2.666347
0.390 1.597280
0.400 1.860531
0.410 1.110232
0.420 2.723245
0.430 2.048860
0.440 0.687379
0.450 1.171307
0.460 0.263009
0.470 1.643358
0.480 1.601636
0.490 1.004686
0.500 2.041840
0.510 1.670317
0.520 0.394879
0.530 1.244318
0.540 1.119915
0.550 0.742321
0.560 0.364655
0.570 1.479030
0.580 1.024181
0.590 2.865571
0.600 2.035702
0.610 0.859630
0.620 2.221163
0.630 2.197851
0.640 1.560837
0.650 1.245565
0.660 1.850283
0.670 1.372527
0.680 2.066139
0.690 0.339141
0.700 0.696834
0.710 2.075028
0.720 0.920520
0.730 2.736802
0.740 0.507175
0.750 0.895222
0.760 0.581959
0.770 1.313906
0.780 2.133155
0.790 0.502622
0.800 2.031312
0.810 1.455285
0.820 0.126491
0.830 1.900062
0.840 1.794261
0.850 2.761940
0.860 0.039897
0.870 2.695564
0.880 1.493201
0.890 1.139161
0.900 1.978529
0.910 2.009719
0.920 1.041763
0.930 2.528178
0.940 2.491925
0.950 0.885444
0.960 2.322248
0.970 2.511065
0.980 0.197527
0.990 2.387250
