0.000 0.380578
0.010 2.724548
0.020 2.123021
0.030 1.068321
0.040 2.704299
0.050 2.145961
0.060 0.934072
0.070 1.794607
0.080 1.459862
0.090 1.217866
0.100 0.135137
0.110 0.098261
0.120 0.085905
0.130 0.389175
0.140 1.929948
0.150 1.197972
0.160 0.708699
0.170 1.434449
0.180 0.703561
0.190 2.526864
0.200 0.219300
0.210 1.870264
0.220 1.347522
0.230 0.150357
0.240 1.708766
0.250 1.645518
0.260 1.032729
0.270 1.341599
0.280 0.399624
0.290 0.208845
0.300 2.184812
0.310 0.333799
0.320 0.937317
0.330 1.579577
0.340 1.962443
0.350 0.175821
0.360 1.428725
0.370 1.277121
0.380 2.566847
0.390 1.824236
0.400 0.765178
0.410 0.924254
0.420 0.151053
0.430 0.931578
0.440 0.767226
0.450 2.238221
0.460 1.584443
0.470 2.391936
0.480 1.533940
0.490 1.105689
0.500 1.239423
0.510 0.374318
0.520 0.385197
0.530 1.913843
0.540 0.630918
0.550 1.438795
0.560 0.585516
0.570 0.509839
0.580 2.444134
0.590 1.241317
0.600 1.691787
0.610 1.659420
0.620 0.549026
0.630 0.231033
0.640 2.378626
0.650 1.169102
0.660 0.779185
0.670 2.774683
0.680 0.260288
0.690 1.514157
0.700 1.364402
0.710 2.245928
0.720 0.161307
0.730 1.207422
0.740 2.006943
0.750 1.941816
0.760 2.567184
0.770 2.277394
0.780 1.833994
0.790 2.553769
0.800 1.428031
0.810 2.277303
0.820 2.093389
0.830 0.742480
0.840 0.408656
0.850 1.676348
0.860 2.769759
0.870 0.093923
0.880 1.374613
0.890 0.628010
0.900 0.525135
0.910 0.175392
0.920 1.958788
0.930 2.700494
0.940 2.130094
0.950 0.077522
0.960 2.102715
0.970 0.913052
0.980 2.043675
0.990 0.656846
