0.000 7.232219
0.010 2.980108
0.020 0.041827
0.030 2.745410
0.040 0.831443
0.050 3.232085
0.060 5.090652
0.070 1.397104
0.080 0.769724
0.090 6.866845
0.100 1.852276
0.110 6.967032
0.120 5.581063
0.130 6.436501
0.140 0.093912
0.150 4.539045
0.160 4.730066
0.170 2.707748
0.180 2.362191
0.190 3.454562
0.200 2.328641
0.210 3.448679
0.220 1.204541
0.230 0.380844
0.240 0.469634
0.250 4.446171
0.260 2.215686
0.270 4.547960
0.280 5.307571
0.290 4.725638
0.300 5.202804
0.310 6.771903
0.320 5.460668
0.330 0.401079
0.340 2.611587
0.350 1.348704
0.360 1.413323
0.370 3.232539
0.380 7.341584
0.390 3.409631
0.400 0.190900
0.410 4.392045
0.420 1.349873
0.430 5.002674
0.440 5.870224
0.450 5.569545
0.460 3.631167
0.470 2.849641
0.480 4.527693
0.490 3.854029
0.500 6.638778
0.510 4.752766
0.520 5.571018
0.530 2.120772
0.540 0.128171
0.550 7.253157
0.560 5.239660
0.570 5.062769
0.580 5.762090
0.590 1.443545
0.600 6.604337
0.610 2.979777
0.620 2.189789
0.630 7.114241
0.640 1.060809
0.650 2.353243
0.660 4.360964
0.670 6.940886
0.680 5.590206
0.690 2.988230
0.700 0.529258
0.710 6.743863
0.720 3.340496
0.730 7.074215
0.740 6.510664
0.750 4.543911
0.760 0.148678
0.770 1.435985
0.780 1.197742
0.790 3.845811
0.800 0.974446
0.810 1.015748
0.820 7.217421
0.830 5.113036
0.840 0.785979
0.850 3.799016
0.860 5.161428
0.870 6.652146
0.880 3.792205
0.890 6.039418
0.900 7.119982
0.910 3.533247
0.920 5.690651
0.930 3.363927
0.940 0.840127
0.950 0.707991
0.960 4.046414
0.970 3.226220
0.980 1.901563
0.990 3.941493
