0.000 0.650123
0.010 6.252392
0.020 7.988574
0.030 7.334707
0.040 3.740177
0.050 5.072912
0.060 8.080593
0.070 7.866349
0.080 0.044502
0.090 8.219532
0.100 3.891277
0.110 3.509049
0.120 1.966656
0.130 7.018064
0.140 1.246217
0.150 1.816167
0.160 3.326079
0.170 5.187004
0.180 0.840083
0.190 0.881138
0.200 5.483568
0.210 5.479371
0.220 2.256715
0.230 1.671701
0.240 3.829689
0.250 3.287931
0.260 1.975108
0.270 0.038384
0.280 1.717328
0.290 7.698370
0.300 1.434777
0.310 4.424249
0.320 0.449608
0.330 4.455725
0.340 3.355866
0.350 8.079760
0.360 5.320153
0.370 6.393614
0.380 3.514657
0.390 2.053928
0.400 6.436951
0.410 6.132658
0.420 2.609046
0.430 2.669937
0.440 7.815887
0.450 7.496500
0.460 5.010348
0.470 5.064772
0.480 4.572206
0.490 6.831883
0.500 4.463370
0.510 7.910493
0.520 7.473412
0.530 0.368963
0.540 6.273311
0.550 3.792523
0.560 5.459885
0.570 4.946703
0.580 5.358983
0.590 6.776325
0.600 6.214155
0.610 5.260868
0.620 6.489790
0.630 5.082028
0.640 2.568668
0.650 1.684706
0.660 8.509677
0.670 5.741614
0.680 5.643934
0.690 2.930906
0.700 2.072407
0.710 0.710566
0.720 0.454732
0.730 1.561119
0.740 5.514882
0.750 1.611779
0.760 2.901029
0.770 2.054068
0.780 2.876197
0.790 2.831841
0.800 8.407682
0.810 2.396064
0.820 0.211719
0.830 5.410703
0.840 1.972050
0.850 0.939395
0.860 6.415863
0.870 7.440201
0.880 5.347748
0.890 8.096685
0.900 8.317036
0.910 0.206051
0.920 4.057449
0.930 0.426297
0.940 0.670208
0.950 0.007405
0.960 5.286238
0.970 3.511548
0.980 7.639593
0.990 3.361372
