0.000 1.137324
0.010 0.393591
0.020 1.358254
0.030 6.138265
0.040 2.701851
0.050 5.047509
0.060 0.183277
0.070 6.042502
0.080 4.289170
0.090 2.218678
0.100 4.650021
0.110 5.942199
0.120 4.478632
0.130 3.276391
0.140 3.266253
0.150 6.295635
0.160 5.842933
0.170 0.255957
0.180 4.737316
0.190 5.683948
0.200 0.239678
0.210 1.997736
0.220 2.323962
0.230 3.900185
0.240 2.721731
0.250 4.757819
0.260 2.990616
0.270 2.619700
0.280 3.358789
0.290 3.379426
0.300 6.128399
0.310 6.298862
0.320 1.964137
0.330 0.475732
0.340 0.661534
0.350 0.800155
0.360 1.720363
0.370 4.008901
0.380 0.933639
0.390 5.298080
0.400 5.957181
0.410 0.445841
0.420 5.138394
0.430 6.474330
0.440 1.540191
0.450 1.116548
0.460 0.056939
0.470 2.376930
0.480 3.535051
0.490 5.415555
0.500 4.960202
0.510 1.224083
0.520 4.700807
0.530 2.689321
0.540 2.544933
0.550 1.470517
0.560 5.121818
0.570 6.001959
0.580 1.716913
0.590 2.034978
0.600 5.977022
0.610 1.444552
0.620 4.817824
0.630 3.817246
0.640 6.078782
0.650 4.736160
0.660 0.986624
0.670 3.503422
0.680 1.086677
0.690 4.234795
0.700 3.119819
0.710 2.975833
0.720 5.990859
0.730 1.181030
0.740 3.792861
0.750 0.688420
0.760 6.182444
0.770 3.230612
0.780 5.973255
0.790 2.205321
0.800 6.021470
0.810 6.097497
0.820 1.697595
0.830 2.710871
0.840 4.218378
0.850 4.330199
0.860 2.583530
0.870 4.832072
0.880 4.415799
0.890 3.507677
0.900 2.013691
0.910 3.921696
0.920 2.213127
0.930 3.374072
0.940 2.396954
0.950 4.243584
0.960 2.046171
0.970 2.227840
0.980 2.050494
0.990 3.805784
