0.000 1.871687
0.010 2.575098
0.020 0.924834
0.030 2.065866
0.040 0.843767
0.050 1.190893
0.060 1.657102
0.070 0.961375
0.080 1.094227
0.090 0.659219
0.100 0.765624
0.110 0.651679
0.120 1.748536
0.130 0.962034
0.140 1.620033
0.150 0.836740
0.160 0.830043
0.170 1.394297
0.180 2.739032
0.190 1.987334
0.200 2.599740
0.210 2.256695
0.220 0.371601
0.230 0.659434
0.240 1.277816
0.250 0.325989
0.260 1.753216
0.270 1.669519
0.280 0.344482
0.290 2.522167
0.300 0.676997
0.310 0.357911
0.320 1.805303
0.330 1.845720
0.340 2.301829
0.350 1.645146
0.360 2.423029
0.370 0.040346
0.380 1.075026
0.390 1.713633
0.400 1.551230
0.410 0.001820
0.420 2.263269
0.430 0.570675
0.440 2.606322
0.450 1.408694
0.460 1.435680
0.470 0.892847
0.480 2.698192
0.490 0.060669
0.500 1.384677
0.510 2.096041
0.520 0.368406
0.530 2.475080
0.540 2.398776
0.550 1.465359
0.560 2.186189
0.570 1.137355
0.580 0.084160
0.590 1.696744
0.600 1.578607
0.610 0.286366
0.620 1.665352
0.630 1.267476
0.640 1.867604
0.650 1.552436
0.660 1.875123
0.670 1.686195
0.680 2.657159
0.690 0.988408
0.700 0.784634
0.710 1.544503
0.720 1.413722
0.730 2.379206
0.740 0.957825
0.750 1.000160
0.760 0.267812
0.770 2.391613
0.780 0.155019
0.790 0.294153
0.800 1.929390
0.810 0.789566
0.820 2.205356
0.830 1.653791
0.840 0.950264
0.850 2.218263
0.860 2.166800
0.870 0.188067
0.880 1.857513
0.890 1.174496
0.900 2.618079
0.910 1.179877
0.920 1.510355
0.930 0.120476
0.940 0.273789
0.950 0.015858
0.960 0.318564
0.970 1.952176
0.980 1.410869
0.990 0.328037
