0.000 5.978701
0.010 0.922096
0.020 4.572455
0.030 2.352212
0.040 4.026673
0.050 4.791813
0.060 0.750449
0.070 6.137794
0.080 3.309892
0.090 2.983409
0.100 4.990929
0.110 0.086969
0.120 2.988590
0.130 0.062279
0.140 6.169076
0.150 4.665001
0.160 2.413662
0.170 3.634814
0.180 4.048667
0.190 4.733158
0.200 2.916579
0.210 4.800355
0.220 0.690396
0.230 2.981687
0.240 2.721028
0.250 5.866758
0.260 5.037820
0.270 0.877865
0.280 0.560055
0.290 1.923726
0.300 5.049062
0.310 5.994411
0.320 4.766378
0.330 4.037731
0.340 1.876733
0.350 5.865209
0.360 2.972920
0.370 5.000891
0.380 4.549057
0.390 5.795003
0.400 3.415095
0.410 4.543046
0.420 6.055650
0.430 1.840988
0.440 6.321939
0.450 3.346486
0.460 1.619528
0.470 5.953438
0.480 5.598348
0.490 5.531025
0.500 6.318391
0.510 3.301871
0.520 5.475260
0.530 0.885091
0.540 5.136529
0.550 5.341158
0.560 2.372089
0.570 1.681394
0.580 1.636489
0.590 5.912885
0.600 1.044885
0.610 3.456557
0.620 0.580177
0.630 2.471332
0.640 5.419845
0.650 5.345450
0.660 4.300475
0.670 2.689330
0.680 1.301040
0.690 5.185661
0.700 0.609987
0.710 5.077906
0.720 2.571591
0.730 2.835441
0.740 2.744568
0.750 0.852804
0.760 2.656883
0.770 4.715242
0.780 1.817340
0.790 2.253616
0.800 4.059978
0.810 1.810134
0.820 1.997668
0.830 2.050947
0.840 5.517848
0.850 4.289366
0.860 2.182580
0.870 1.362513
0.880 2.334044
0.890 0.981176
0.900 5.030031
0.910 0.750248
0.920 2.123629
0.930 2.242347
0.940 4.694445
0.950 4.847153
0.960 3.032254
0.970 5.224034
0.980 4.370451
0.990 4.959899
