0.000 4.801848
0.010 5.555472
0.020 6.098660
0.030 5.528521
0.040 6.562269
0.050 6.094747
0.060 0.655879
0.070 3.405849
0.080 4.805022
0.090 5.095669
0.100 1.571979
0.110 0.855811
0.120 4.789485
0.130 0.011222
0.140 3.178342
0.150 5.786293
0.160 2.005253
0.170 2.429606
0.180 0.012386
0.190 2.777442
0.200 0.890581
0.210 2.303990
0.220 6.354864
0.230 4.067978
0.240 1.541606
0.250 0.859874
0.260 6.701395
0.270 6.525532
0.280 0.148750
0.290 3.787175
0.300 4.628972
0.310 5.518794
0.320 0.576335
0.330 6.589602
0.340 3.884627
0.350 3.088438
0.360 4.492544
0.370 1.147900
0.380 6.457396
0.390 1.809296
0.400 3.373499
0.410 2.144799
0.420 2.228772
0.430 4.774897
0.440 5.126562
0.450 0.770276
0.460 2.314247
0.470 3.621364
0.480 5.065122
0.490 0.879855
0.500 5.084858
0.510 5.726655
0.520 5.780161
0.530 2.085939
0.540 6.542614
0.550 6.685565
0.560 2.354418
0.570 5.308166
0.580 5.065732
0.590 0.189145
0.600 4.775539
0.610 2.273421
0.620 2.375339
0.630 4.487722
0.640 2.138084
0.650 6.147005
0.660 2.873233
0.670 3.186768
0.680 1.708739
0.690 0.514403
0.700 5.394580
0.710 1.993445
0.720 2.846647
0.730 1.017495
0.740 5.224997
0.750 1.460330
0.760 4.646655
0.770 0.989905
0.780 5.872000
0.790 0.970436
0.800 0.205781
0.810 5.006285
0.820 2.655568
0.830 6.374285
0.840 3.189564
0.850 6.295629
0.860 5.057430
0.870 1.253180
0.880 3.412379
0.890 3.439490
0.900 0.650803
0.910 5.507246
0.920 1.096569
0.930 6.089124
0.940 4.091395
0.950 3.398350
0.960 3.611415
0.970 4.995698
0.980 5.360099
0.990 2.882409
