0.000 7.001092
0.010 6.987347
0.020 3.124441
0.030 4.767758
0.040 4.060819
0.050 2.010548
0.060 4.340105
0.070 8.316398
0.080 0.901174
0.090 8.409549
0.100 2.042671
0.110 6.783004
0.120 8.729275
0.130 7.962177
0.140 6.458540
0.150 2.020298
0.160 5.618524
0.170 5.733473
0.180 1.924495
0.190 0.090508
0.200 2.938478
0.210 1.506700
0.220 4.485673
0.230 3.294322
0.240 6.743222
0.250 2.222159
0.260 4.137119
0.270 6.353832
0.280 5.073558
0.290 3.720691
0.300 8.332865
0.310 6.320484
0.320 5.869990
0.330 2.306373
0.340 1.947860
0.350 6.463807
0.360 2.307457
0.370 6.874962
0.380 0.788830
0.390 2.061681
0.400 7.737477
0.410 8.455385
0.420 8.535074
0.430 5.808038
0.440 2.102950
0.450 2.287721
0.460 1.945343
0.470 0.797364
0.480 8.029808
0.490 7.657945
0.500 7.297261
0.510 7.384106
0.520 7.680762
0.530 3.386502
0.540 4.465220
0.550 6.344145
0.560 7.226820
0.570 6.899029
0.580 8.427247
0.590 3.661071
0.600 8.145954
0.610 5.280580
0.620 4.117777
0.630 4.023969
0.640 6.691247
0.650 6.727788
0.660 1.152399
0.670 3.431362
0.680 3.696050
0.690 1.134458
0.700 5.185588
0.710 6.186007
0.720 1.210529
0.730 4.170527
0.740 4.971827
0.750 4.814013
0.760 6.729861
0.770 0.650950
0.780 5.327379
0.790 1.083812
0.800 6.715603
0.810 5.036350
0.820 3.861825
0.830 0.720155
0.840 4.682057
0.850 5.996448
0.860 1.641774
0.870 1.716768
0.880 1.789275
0.890 4.790684
0.900 7.034142
0.910 7.912317
0.920 7.739959
0.930 3.797842
0.940 7.499233
0.950 3.472897
0.960 6.347928
0.970 0.372780
0.980 4.595839
0.990 4.136498
