0.000 2.165839
0.010 2.996670
0.020 -2.091227
0.030 0.640805
0.040 2.447444
0.050 2.889257
0.060 0.861385
0.070 3.789528
0.080 0.992416
0.090 -0.301713
0.100 0.447246
0.110 0.282401
0.120 2.536020
0.130 0.227361
0.140 4.045968
0.150 1.887035
0.160 0.566361
0.170 -0.868911
0.180 2.771054
0.190 2.945156
0.200 0.544788
0.210 0.255856
0.220 -1.060928
0.230 3.081840
0.240 -1.217835
0.250 1.555465
0.260 1.808398
0.270 -1.721039
0.280 1.114882
0.290 -0.214789
0.300 -0.498677
0.310 0.782207
0.320 -0.775224
0.330 -0.420701
0.340 2.687796
0.350 -2.912049
0.360 -2.763200
0.370 0.474943
0.380 -2.398003
0.390 1.037531
0.400 -0.461575
0.410 1.096018
0.420 -1.089821
0.430 3.316544
0.440 -0.437492
0.450 -0.286319
0.460 1.102744
0.470 -1.846141
0.480 -2.324230
0.490 1.191829
0.500 0.325739
0.510 1.824175
0.520 1.176917
0.530 -3.031620
0.540 0.268463
0.550 1.351268
0.560 0.466036
0.570 0.691844
0.580 0.398685
0.590 0.659198
0.600 -0.393133
0.610 1.845759
0.620 -2.628826
0.630 0.753830
0.640 1.384675
0.650 3.549978
0.660 0.662284
0.670 2.115886
0.680 1.398142
0.690 -1.396841
0.700 0.148129
0.710 -1.773541
0.720 -0.418251
0.730 -0.542686
0.740 -0.715164
0.750 1.349293
0.760 1.164211
0.770 0.337522
0.780 3.916053
0.790 -0.103908
0.800 1.751390
0.810 0.699596
0.820 -2.067232
0.830 -3.612841
0.840 -0.302215
0.850 0.674545
0.860 1.914828
0.870 0.519091
0.880 0.526412
0.890 -4.221393
0.900 0.608694
0.910 -0.147501
0.920 1.329915
0.930 1.000053
0.940 -1.373955
0.950 1.523575
0.960 -1.404989
0.970 -0.388474
0.980 -1.788088
0.990 0.168712
