0.000 5.774938
0.010 0.363024
0.020 3.824219
0.030 8.307715
0.040 2.924363
0.050 6.591521
0.060 3.093380
0.070 0.655774
0.080 3.189597
0.090 6.955258
0.100 3.350443
0.110 8.011575
0.120 7.627906
0.130 5.446963
0.140 5.253878
0.150 2.174221
0.160 3.183143
0.170 7.743808
0.180 2.125362
0.190 6.862363
0.200 1.703745
0.210 2.417328
0.220 5.790951
0.230 3.430678
0.240 7.553581
0.250 0.108045
0.260 5.204687
0.270 0.401557
0.280 0.088117
0.290 5.588760
0.300 7.327769
0.310 4.270848
0.320 4.321003
0.330 0.780748
0.340 6.910596
0.350 0.499693
0.360 7.221208
0.370 4.855400
0.380 8.165074
0.390 5.454408
0.400 0.083893
0.410 5.725738
0.420 6.036148
0.430 4.962388
0.440 1.901453
0.450 7.529522
0.460 8.506394
0.470 1.095249
0.480 8.518410
0.490 2.273328
0.500 2.882250
0.510 0.598276
0.520 7.085814
0.530 0.639181
0.540 7.155449
0.550 3.250704
0.560 4.401515
0.570 3.552069
0.580 8.341505
0.590 3.104478
0.600 3.027105
0.610 5.095301
0.620 7.781306
0.630 5.377982
0.640 8.029655
0.650 7.557808
0.660 0.301988
0.670 1.462257
0.680 3.476377
0.690 6.994174
0.700 0.799769
0.710 0.782287
0.720 7.803124
0.730 0.051938
0.740 5.408273
0.750 0.814856
0.760 3.627605
0.770 7.831904
0.780 8.750028
0.790 6.042850
0.800 2.492782
0.810 1.752669
0.820 2.608770
0.830 8.084608
0.840 4.459228
0.850 6.058123
0.860 8.255618
0.870 3.495398
0.880 6.202610
0.890 8.085363
0.900 5.747600
0.910 2.803151
0.920 4.793310
0.930 5.689059
0.940 6.451561
0.950 7.744273
0.960 2.360182
0.970 0.273101
0.980 6.513752
0.990 5.190897
