0.000 0.925082
0.010 4.186626
0.020 0.834740
0.030 2.807704
0.040 0.484326
0.050 3.068123
0.060 2.605501
0.070 0.678181
0.080 2.719795
0.090 1.335144
0.100 0.705895
0.110 4.109777
0.120 3.816553
0.130 2.570836
0.140 2.669769
0.150 0.371587
0.160 3.226634
0.170 0.498607
0.180 1.734023
0.190 3.137101
0.200 0.169117
0.210 1.307984
0.220 2.759015
0.230 2.783856
0.240 2.981609
0.250 4.155415
0.260 1.063208
0.270 0.896589
0.280 2.599167
0.290 2.128746
0.300 2.293760
0.310 1.523384
0.320 2.675183
0.330 1.950553
0.340 3.262326
0.350 0.395491
0.360 2.210736
0.370 3.665678
0.380 1.319920
0.390 4.018394
0.400 0.623743
0.410 1.480622
0.420 0.507351
0.430 3.768099
0.440 2.944907
0.450 1.156460
0.460 2.477276
0.470 2.332980
0.480 3.333111
0.490 1.826064
0.500 2.956546
0.510 1.132802
0.520 3.328765
0.530 1.435351
0.540 0.280832
0.550 2.853169
0.560 0.577870
0.570 2.386082
0.580 0.447801
0.590 0.329844
0.600 1.728858
0.610 1.198005
0.620 0.800590
0.630 2.247168
0.640 0.564465
0.650 4.059168
0.660 3.798273
0.670 1.294262
0.680 2.064788
0.690 0.582239
0.700 3.346831
0.710 4.159733
0.720 3.821182
0.730 4.052629
0.740 2.407115
0.750 3.039686
0.760 0.343523
0.770 0.805679
0.780 3.845359
0.790 2.236956
0.800 1.714492
0.810 4.182897
0.820 0.173529
0.830 3.199822
0.840 2.982870
0.850 3.538890
0.860 0.649814
0.870 4.079210
0.880 0.884864
0.890 2.009504
0.900 0.593343
0.910 3.952861
0.920 3.074852
0.930 2.390873
0.940 1.221818
0.950 0.060765
0.960 0.164876
0.970 2.427073
0.980 3.327751
0.990 2.346650
