0.000 5.215195
0.010 1.296843
0.020 4.279876
0.030 4.424655
0.040 4.516346
0.050 0.877389
0.060 5.277033
0.070 3.130547
0.080 0.648067
0.090 1.874759
0.100 3.289743
0.110 5.421044
0.120 5.433754
0.130 3.715571
0.140 2.068003
0.150 0.598254
0.160 0.618029
0.170 2.554359
0.180 1.137614
0.190 1.693431
0.200 2.455413
0.210 5.441165
0.220 5.366276
0.230 2.363319
0.240 1.164913
0.250 0.474869
0.260 1.236433
0.270 2.036773
0.280 4.736371
0.290 2.607472
0.300 5.308026
0.310 0.477810
0.320 3.813076
0.330 4.018938
0.340 2.896274
0.350 0.870131
0.360 1.192368
0.370 4.261880
0.380 1.233777
0.390 3.421181
0.400 1.753796
0.410 1.209728
0.420 2.876671
0.430 1.848108
0.440 1.859954
0.450 1.531561
0.460 4.296177
0.470 0.057911
0.480 2.311718
0.490 3.692743
0.500 4.130997
0.510 4.587353
0.520 5.345180
0.530 5.245439
0.540 3.641293
0.550 1.037485
0.560 4.178636
0.570 1.273130
0.580 3.090886
0.590 4.058990
0.600 3.686597
0.610 1.643003
0.620 0.180976
0.630 3.471753
0.640 2.961325
0.650 0.174949
0.660 0.073661
0.670 3.904403
0.680 5.184594
0.690 3.571158
0.700 0.961224
0.710 1.822517
0.720 2.408645
0.730 2.652125
0.740 1.779150
0.750 2.963639
0.760 2.319649
0.770 5.050023
0.780 0.294179
0.790 4.138887
0.800 1.857864
0.810 2.006544
0.820 1.188467
0.830 4.948671
0.840 3.353683
0.850 3.135969
0.860 4.441475
0.870 0.022566
0.880 3.654708
0.890 3.412623
0.900 2.854720
0.910 2.124288
0.920 3.843608
0.930 4.561385
0.940 1.434105
0.950 1.774021
0.960 0.942809
0.970 1.931959
0.980 4.358734
0.990 4.361295
