0.000 0.623434
0.010 2.246128
0.020 0.013616
0.030 1.562609
0.040 0.883843
0.050 1.111568
0.060 1.848526
0.070 0.857231
0.080 0.838022
0.090 1.363210
0.100 0.012565
0.110 0.764582
0.120 1.423051
0.130 2.429305
0.140 1.620892
0.150 1.993749
0.160 2.253823
0.170 2.423480
0.180 0.490107
0.190 0.463395
0.200 2.031881
0.210 0.118967
0.220 1.471771
0.230 1.454411
0.240 0.945831
0.250 0.328682
0.260 0.838678
0.270 1.057613
0.280 0.241177
0.290 1.089067
0.300 0.966614
0.310 1.357799
0.320 1.242091
0.330 0.507776
0.340 0.031662
0.350 0.437635
0.360 0.523709
0.370 0.172438
0.380 1.771893
0.390 2.006847
0.400 2.276952
0.410 0.277363
0.420 1.747794
0.430 2.406941
0.440 1.598857
0.450 1.859968
0.460 1.202239
0.470 0.768794
0.480 0.886521
0.490 0.855878
0.500 0.606721
0.510 0.611692
0.520 1.287560
0.530 1.243685
0.540 0.208666
0.550 0.884950
0.560 1.014422
0.570 0.654870
0.580 0.818724
0.590 0.324552
0.600 1.524599
0.610 0.494223
0.620 0.853701
0.630 2.378183
0.640 2.026605
0.650 1.386482
0.660 1.228272
0.670 0.599399
0.680 1.586088
0.690 1.146675
0.700 0.432318
0.710 0.613891
0.720 1.064863
0.730 1.938160
0.740 0.197824
0.750 1.278878
0.760 0.276564
0.770 0.744832
0.780 1.589949
0.790 1.796657
0.800 1.853717
0.810 0.232155
0.820 0.296553
0.830 1.714499
0.840 1.573180
0.850 0.480328
0.860 0.925287
0.870 1.445785
0.880 2.194241
0.890 0.388359
0.900 0.698968
0.910 1.325249
0.920 2.140233
0.930 0.321450
0.940 0.840126
0.950 0.795376
0.960 1.381903
0.970 2.241434
0.980 1.320993
0.990 0.171506
