0.000 -1.456859
0.010 2.517047
0.020 0.858939
0.030 3.185610
0.040 -2.523249
0.050 0.051779
0.060 1.506418
0.070 -2.353837
0.080 -1.640601
0.090 0.530348
0.100 1.070917
0.110 3.986986
0.120 -2.938698
0.130 -0.506915
0.140 3.816646
0.150 -0.433346
0.160 -0.133769
0.170 -1.709707
0.180 0.876344
0.190 -2.053182
0.200 0.686810
0.210 -0.952207
0.220 -0.242727
0.230 0.333312
0.240 0.111701
0.250 0.143934
0.260 0.217690
0.270 0.506943
0.280 2.808837
0.290 1.607166
0.300 -1.926755
0.310 2.253808
0.320 -1.152306
0.330 0.365775
0.340 -0.749571
0.350 2.107750
0.360 2.923806
0.370 0.987586
0.380 -2.198616
0.390 3.291243
0.400 1.795544
0.410 0.250544
0.420 1.008034
0.430 0.072209
0.440 -1.343310
0.450 -1.732572
0.460 -0.531960
0.470 -2.686735
0.480 -0.502147
0.490 1.815296
0.500 1.347227
0.510 -0.718322
0.520 0.863037
0.530 0.020491
0.540 -0.595252
0.550 0.637432
0.560 0.258209
0.570 0.845928
0.580 -0.041679
0.590 -0.798407
0.600 -0.290503
0.610 1.577200
0.620 -2.784704
0.630 1.631730
0.640 3.311128
0.650 2.286044
0.660 1.216721
0.670 0.062327
0.680 1.282813
0.690 2.065548
0.700 0.321925
0.710 2.879652
0.720 -0.496835
0.730 0.495575
0.740 1.319117
0.750 -0.141700
0.760 0.104885
0.770 -0.251859
0.780 -0.556950
0.790 -0.555776
0.800 0.919483
0.810 1.486494
0.820 0.529980
0.830 -0.683385
0.840 2.347035
0.850 -0.562145
0.860 -0.776099
0.870 -1.266104
0.880 -2.041094
0.890 1.477502
0.900 -1.483511
0.910 0.214414
0.920 -1.920923
0.930 -0.671834
0.940 3.735751
0.950 -1.678265
0.960 -0.794200
0.970 -1.795195
0.980 -1.088629
0.990 0.993451
