0.000 0.015921
0.010 6.070665
0.020 1.453245
0.030 5.294873
0.040 2.848454
0.050 0.296195
0.060 3.126199
0.070 4.643499
0.080 0.773314
0.090 0.606851
0.100 5.268269
0.110 2.543643
0.120 0.927250
0.130 2.239346
0.140 5.529784
0.150 5.946212
0.160 0.406959
0.170 3.914392
0.180 1.085975
0.190 4.070697
0.200 0.324741
0.210 3.636810
0.220 3.255532
0.230 0.821961
0.240 0.646257
0.250 1.060040
0.260 3.001670
0.270 2.150110
0.280 2.450646
0.290 0.014947
0.300 3.446418
0.310 2.818039
0.320 5.507692
0.330 4.736225
0.340 4.532657
0.350 0.312750
0.360 5.763985
0.370 0.237741
0.380 1.133713
0.390 2.620739
0.400 4.277566
0.410 1.481928
0.420 5.506953
0.430 1.131970
0.440 0.497600
0.450 2.103811
0.460 0.585199
0.470 0.536850
0.480 2.358409
0.490 1.864331
0.500 4.444756
0.510 4.360081
0.520 0.815891
0.530 5.519902
0.540 2.632766
0.550 4.040319
0.560 0.684472
0.570 0.309313
0.580 0.606421
0.590 3.290770
0.600 1.994784
0.610 4.891162
0.620 2.130170
0.630 1.065538
0.640 3.192480
0.650 4.040696
0.660 4.949996
0.670 2.236092
0.680 1.713887
0.690 4.746646
0.700 3.577151
0.710 1.216561
0.720 1.900800
0.730 0.842286
0.740 2.324387
0.750 0.453948
0.760 5.369933
0.770 4.693172
0.780 3.694341
0.790 3.207706
0.800 2.915315
0.810 4.478151
0.820 4.275403
0.830 3.223837
0.840 1.925564
0.850 3.310383
0.860 4.281080
0.870 3.217613
0.880 1.084474
0.890 1.215197
0.900 0.957904
0.910 3.539790
0.920 3.647860
0.930 3.502489
0.940 0.517548
0.950 2.367294
0.960 1.506010
0.970 3.347481
0.980 4.739845
0.990 2.330976
