0.000 1.576952
0.010 2.194501
0.020 1.286699
0.030 -0.254344
0.040 -1.611977
0.050 -0.656461
0.060 3.360899
0.070 2.276289
0.080 -0.724244
0.090 -1.300879
0.100 3.101512
0.110 1.296668
0.120 -2.234874
0.130 0.794008
0.140 1.655591
0.150 0.105685
0.160 2.727015
0.170 -0.996426
0.180 -1.912492
0.190 1.024450
0.200 1.397351
0.210 2.594977
0.220 -2.942224
0.230 -0.875009
0.240 0.917471
0.250 -0.252842
0.260 1.431071
0.270 2.819123
0.280 -0.741197
0.290 1.920259
0.300 0.944446
0.310 1.090264
0.320 -0.972612
0.330 -0.113834
0.340 2.223608
0.350 0.422490
0.360 -0.556592
0.370 1.954984
0.380 2.465385
0.390 -0.981355
0.400 2.379137
0.410 0.515898
0.420 2.635921
0.430 1.435013
0.440 2.273060
0.450 -2.868327
0.460 -1.392348
0.470 -0.506182
0.480 0.722348
0.490 1.842174
0.500 -1.439334
0.510 0.393899
0.520 0.544217
0.530 1.474518
0.540 1.566928
0.550 -0.818712
0.560 -1.255158
0.570 1.104638
0.580 0.461284
0.590 0.195491
0.600 2.179403
0.610 -3.575100
0.620 -1.306765
0.630 0.684974
0.640 -2.944993
0.650 1.135906
0.660 -1.264478
0.670 -2.586077
0.680 1.374067
0.690 -0.962684
0.700 3.690605
0.710 1.707992
0.720 -1.330862
0.730 0.557112
0.740 -1.092324
0.750 -3.237295
0.760 2.365161
0.770 0.641534
0.780 1.930970
0.790 0.445820
0.800 -0.546970
0.810 -1.831708
0.820 0.488804
0.830 3.881544
0.840 1.239909
0.850 -1.130978
0.860 1.388355
0.870 -0.510638
0.880 2.171364
0.890 -2.001621
0.900 -0.543431
0.910 1.634221
0.920 -0.093702
0.930 -1.620676
0.940 -1.129592
0.950 -2.529663
0.960 1.217068
0.970 0.395375
0.980 1.138190
0.990 0.518785
