0.000 0.493147
0.010 0.427809
0.020 0.466812
0.030 0.139158
0.040 0.462136
0.050 0.327452
0.060 0.486858
0.070 0.004738
0.080 0.152352
0.090 0.139105
0.100 0.351319
0.110 0.071571
0.120 0.260057
0.130 0.152939
0.140 0.327956
0.150 0.465606
0.160 0.168157
0.170 0.396199
0.180 0.239786
0.190 0.124013
0.200 0.402489
0.210 0.389002
0.220 0.481330
0.230 0.250464
0.240 0.350089
0.250 0.425152
0.260 0.254026
0.270 0.403084
0.280 0.323247
0.290 0.443239
0.300 0.079576
0.310 0.336820
0.320 0.081617
0.330 0.153474
0.340 0.442259
0.350 0.263116
0.360 0.370453
0.370 0.317200
0.380 0.280557
0.390 0.233819
0.400 0.026664
0.410 0.061011
0.420 0.276431
0.430 0.508082
0.440 0.462838
0.450 0.425217
0.460 0.095520
0.470 0.501614
0.480 0.364766
0.490 0.295850
0.500 0.495744
0.510 0.265386
0.520 0.089398
0.530 0.081241
0.540 0.477706
0.550 0.227063
0.560 0.136896
0.570 0.490306
0.580 0.489765
0.590 0.204522
0.600 0.269073
0.610 0.114324
0.620 0.005864
0.630 0.120228
0.640 0.493308
0.650 0.233046
0.660 0.090105
0.670 0.465224
0.680 0.461770
0.690 0.028186
0.700 0.361195
0.710 0.193101
0.720 0.287667
0.730 0.246989
0.740 0.074126
0.750 0.438310
0.760 0.088700
0.770 0.275536
0.780 0.021984
0.790 0.125344
0.800 0.454275
0.810 0.086016
0.820 0.254775
0.830 0.498125
0.840 0.362826
0.850 0.351938
0.860 0.422201
0.870 0.455392
0.880 0.043619
0.890 0.016289
0.900 0.212098
0.910 0.239720
0.920 0.178349
0.930 0.317825
0.940 0.303620
0.950 0.403264
0.960 0.114116
0.970 0.487875
0.980 0.324589
0.990 0.293506
