0.000 0.946042
0.010 2.460009
0.020 3.774494
0.030 1.437138
0.040 2.869208
0.050 0.577476
0.060 3.069827
0.070 0.423742
0.080 4.174685
0.090 3.727052
0.100 3.142160
0.110 3.039143
0.120 4.171937
0.130 3.185290
0.140 3.564113
0.150 2.217133
0.160 3.482453
0.170 1.101073
0.180 2.381339
0.190 3.124110
0.200 3.838529
0.210 0.410391
0.220 3.029939
0.230 3.456946
0.240 2.747704
0.250 4.247304
0.260 2.178376
0.270 3.670616
0.280 4.284443
0.290 4.133730
0.300 1.760639
0.310 3.381560
0.320 0.452656
0.330 3.914865
0.340 2.616798
0.350 2.073586
0.360 1.200192
0.370 3.594088
0.380 3.490129
0.390 4.231034
0.400 4.166550
0.410 4.047049
0.420 2.625279
0.430 4.040166
0.440 0.903723
0.450 0.549853
0.460 3.638673
0.470 0.695426
0.480 2.207824
0.490 1.109531
0.500 3.478938
0.510 0.312661
0.520 2.319903
0.530 4.361988
0.540 0.893269
0.550 2.144938
0.560 2.120601
0.570 2.430590
0.580 3.976126
0.590 1.144913
0.600 3.358821
0.610 3.100157
0.620 3.804731
0.630 1.940424
0.640 2.566898
0.650 2.322827
0.660 4.389198
0.670 3.944116
0.680 4.182717
0.690 2.487661
0.700 3.412425
0.710 1.566203
0.720 0.834995
0.730 2.316261
0.740 0.236541
0.750 1.526622
0.760 1.148287
0.770 2.592110
0.780 4.379037
0.790 1.303350
0.800 3.038307
0.810 3.945845
0.820 3.572248
0.830 1.359594
0.840 4.280340
0.850 1.802161
0.860 2.848304
0.870 0.061137
0.880 0.837128
0.890 1.742788
0.900 4.059265
0.910 0.510545
0.920 3.357811
0.930 4.347061
0.940 1.728810
0.950 4.234401
0.960 4.486303
0.970 2.344399
0.980 3.833794
0.990 2.927190
