0.000 0.429403
0.010 -0.613818
0.020 -1.048049
0.030 -1.304348
0.040 -0.577547
0.050 -1.146495
0.060 -0.487849
0.070 0.357358
0.080 1.866619
0.090 -1.432173
0.100 -0.425514
0.110 2.533264
0.120 2.362649
0.130 1.671522
0.140 0.692168
0.150 0.352681
0.160 2.140880
0.170 -2.293649
0.180 -1.451059
0.190 -1.391250
0.200 1.525405
0.210 2.873278
0.220 -0.491582
0.230 1.341122
0.240 -0.372972
0.250 -0.554147
0.260 1.122905
0.270 2.454561
0.280 1.036720
0.290 -0.559558
0.300 0.076241
0.310 -0.108329
0.320 -3.481900
0.330 1.178854
0.340 0.138402
0.350 0.611939
0.360 -1.234496
0.370 1.573037
0.380 -0.026152
0.390 3.175903
0.400 -1.047802
0.410 -2.581393
0.420 0.798744
0.430 -1.626844
0.440 -0.860540
0.450 -0.738340
0.460 2.265398
0.470 3.834739
0.480 -1.734441
0.490 -0.695437
0.500 -1.941776
0.510 -0.711435
0.520 1.427527
0.530 -0.115201
0.540 -1.971302
0.550 0.315318
0.560 0.031462
0.570 1.856485
0.580 -1.080310
0.590 -4.053937
0.600 4.180972
0.610 -3.435810
0.620 0.021973
0.630 1.715191
0.640 0.599650
0.650 0.469645
0.660 1.410131
0.670 -0.344792
0.680 -2.711268
0.690 0.582518
0.700 0.148631
0.710 -1.448799
0.720 0.263014
0.730 1.818465
0.740 -1.438278
0.750 1.290939
0.760 -0.478559
0.770 0.871713
0.780 0.283598
0.790 0.739033
0.800 -0.092994
0.810 -1.021308
0.820 -0.357330
0.830 1.932479
0.840 -2.921130
0.850 -0.834042
0.860 0.021239
0.870 0.173028
0.880 0.013146
0.890 -1.949650
0.900 1.597001
0.910 -0.838370
0.920 2.530697
0.930 1.369367
0.940 0.510370
0.950 -2.164235
0.960 3.094944
0.970 0.922063
0.980 4.922063
0.990 2.308151
