0.000 5.907400
0.010 3.327589
0.020 1.155701
0.030 3.253873
0.040 1.233097
0.050 0.608654
0.060 5.238472
0.070 5.222423
0.080 2.330458
0.090 1.006049
0.100 6.003750
0.110 2.330594
0.120 3.777020
0.130 3.304512
0.140 6.240834
0.150 5.665611
0.160 5.276167
0.170 5.035374
0.180 0.985085
0.190 4.219576
0.200 3.580585
0.210 0.387624
0.220 4.870033
0.230 4.942300
0.240 5.425271
0.250 5.323131
0.260 0.066512
0.270 6.258975
0.280 0.632196
0.290 5.956543
0.300 5.991162
0.310 5.488990
0.320 5.246937
0.330 4.424857
0.340 0.481844
0.350 5.932056
0.360 2.092353
0.370 0.458933
0.380 1.506546
0.390 1.745494
0.400 0.557558
0.410 0.332255
0.420 4.888124
0.430 1.867635
0.440 1.894400
0.450 3.927657
0.460 3.540259
0.470 3.529109
0.480 4.770423
0.490 4.177844
0.500 4.076259
0.510 4.737883
0.520 2.636159
0.530 5.430120
0.540 4.180983
0.550 1.970627
0.560 2.313088
0.570 6.220416
0.580 0.427103
0.590 3.117299
0.600 1.708795
0.610 2.737211
0.620 1.100435
0.630 6.163254
0.640 5.800663
0.650 1.526617
0.660 3.184910
0.670 4.556830
0.680 3.889038
0.690 2.411765
0.700 1.160330
0.710 5.800875
0.720 3.509646
0.730 1.404567
0.740 2.183673
0.750 1.447568
0.760 4.146272
0.770 4.296368
0.780 3.762724
0.790 6.023695
0.800 3.968590
0.810 1.194927
0.820 1.683345
0.830 4.203306
0.840 6.304218
0.850 2.681485
0.860 5.387237
0.870 3.028685
0.880 2.291797
0.890 0.541537
0.900 0.041391
0.910 5.211853
0.920 4.657416
0.930 5.629582
0.940 0.073114
0.950 6.016533
0.960 5.981279
0.970 0.556560
0.980 4.783726
0.990 0.001358
