0.000 -0.091911
0.010 2.700694
0.020 3.339340
0.030 0.694798
0.040 0.640613
0.050 0.246870
0.060 -0.997233
0.070 0.062183
0.080 2.545264
0.090 -1.006186
0.100 -3.945859
0.110 2.176708
0.120 2.524940
0.130 -2.455596
0.140 3.245462
0.150 -1.136980
0.160 -3.040773
0.170 0.765925
0.180 0.192004
0.190 0.505713
0.200 -0.068188
0.210 2.231141
0.220 -0.262790
0.230 1.844606
0.240 0.062362
0.250 0.456301
0.260 0.994218
0.270 1.052748
0.280 -2.329217
0.290 0.488554
0.300 0.537076
0.310 -1.253074
0.320 0.580582
0.330 -1.731677
0.340 -0.712918
0.350 -0.783317
0.360 2.679822
0.370 0.868156
0.380 1.337838
0.390 -0.176240
0.400 1.433855
0.410 0.172948
0.420 1.002270
0.430 -0.589154
0.440 -1.315758
0.450 -1.900015
0.460 -0.794476
0.470 2.327260
0.480 1.738508
0.490 2.012978
0.500 2.460087
0.510 3.428310
0.520 1.773406
0.530 -1.010964
0.540 0.492158
0.550 -1.115905
0.560 -0.416257
0.570 1.053687
0.580 0.012839
0.590 -0.301695
0.600 -0.871598
0.610 -1.056280
0.620 0.794413
0.630 -0.050310
0.640 -1.282689
0.650 0.109662
0.660 -0.279914
0.670 -0.660476
0.680 -0.435945
0.690 -1.251481
0.700 0.884401
0.710 0.224188
0.720 -1.884905
0.730 2.210716
0.740 0.218853
0.750 1.142121
0.760 0.655494
0.770 1.793202
0.780 -1.457900
0.790 1.766709
0.800 1.513565
0.810 -0.310506
0.820 5.426259
0.830 0.978809
0.840 -3.588990
0.850 1.455386
0.860 3.791876
0.870 1.881914
0.880 -0.128455
0.890 1.505198
0.900 0.491381
0.910 -1.152240
0.920 -0.933813
0.930 -0.867374
0.940 3.653887
0.950 0.764370
0.960 0.151574
0.970 -0.659117
0.980 -1.444481
0.990 1.983589
