0.000 7.410105
0.010 6.421193
0.020 3.035779
0.030 6.513001
0.040 5.161608
0.050 4.369882
0.060 7.603305
0.070 2.189904
0.080 7.561963
0.090 4.862432
0.100 7.795518
0.110 3.781950
0.120 0.929851
0.130 3.410149
0.140 5.178585
0.150 0.751044
0.160 6.735901
0.170 6.841111
0.180 7.832425
0.190 2.936033
0.200 3.544096
0.210 0.967370
0.220 3.884435
0.230 5.037778
0.240 3.809406
0.250 1.960446
0.260 0.713520
0.270 1.474252
0.280 1.132898
0.290 3.072787
0.300 1.018471
0.310 6.185082
0.320 1.965729
0.330 3.042662
0.340 7.172024
0.350 4.488227
0.360 5.057028
0.370 1.411208
0.380 7.668006
0.390 1.460231
0.400 2.546174
0.410 8.195999
0.420 2.575926
0.430 6.366134
0.440 7.200227
0.450 1.457833
0.460 1.073252
0.470 7.399799
0.480 0.036765
0.490 3.392231
0.500 1.480694
0.510 5.836636
0.520 6.500818
0.530 4.572898
0.540 1.026288
0.550 4.933135
0.560 1.815971
0.570 0.591477
0.580 8.327610
0.590 5.282616
0.600 6.149833
0.610 0.221304
0.620 0.545980
0.630 3.506206
0.640 2.729748
0.650 0.490381
0.660 4.227550
0.670 3.952308
0.680 4.883972
0.690 4.893120
0.700 6.142914
0.710 4.283545
0.720 0.726688
0.730 0.111418
0.740 8.538009
0.750 3.061920
0.760 4.803326
0.770 3.235663
0.780 0.427926
0.790 0.454940
0.800 3.557866
0.810 7.461611
0.820 8.559224
0.830 0.630128
0.840 2.117251
0.850 3.844466
0.860 0.934986
0.870 0.211148
0.880 3.389023
0.890 8.038880
0.900 6.612266
0.910 5.392745
0.920 0.618895
0.930 5.444955
0.940 5.257207
0.950 3.239965
0.960 2.094224
0.970 7.633376
0.980 6.447958
0.990 5.316010
