0.000 0.286783
0.010 0.918277
0.020 0.218963
0.030 1.057475
0.040 0.676231
0.050 1.203891
0.060 0.032694
0.070 1.157580
0.080 0.844145
0.090 0.623764
0.100 0.384361
0.110 0.376577
0.120 1.046879
0.130 0.523438
0.140 0.370476
0.150 0.566453
0.160 0.863998
0.170 0.258849
0.180 1.133272
0.190 0.893969
0.200 0.372648
0.210 0.767423
0.220 0.342591
0.230 0.597419
0.240 1.079200
0.250 0.649219
0.260 0.488229
0.270 0.553052
0.280 1.023464
0.290 1.129772
0.300 0.743306
0.310 0.230001
0.320 1.240439
0.330 0.584956
0.340 1.216283
0.350 1.108630
0.360 0.656833
0.370 0.503959
0.380 1.108406
0.390 1.165680
0.400 0.909246
0.410 0.060301
0.420 1.033618
0.430 1.196196
0.440 0.624188
0.450 0.368529
0.460 1.236959
0.470 0.463845
0.480 0.862333
0.490 0.916171
0.500 0.308550
0.510 0.275498
0.520 0.859056
0.530 0.171815
0.540 1.238972
0.550 0.850259
0.560 0.124843
0.570 0.446850
0.580 0.161923
0.590 1.224420
0.600 1.017216
0.610 0.370165
0.620 1.159900
0.630 1.158587
0.640 0.649065
0.650 0.055449
0.660 0.600780
0.670 0.029344
0.680 0.500459
0.690 0.096376
0.700 0.021665
0.710 0.346062
0.720 0.947879
0.730 1.052947
0.740 0.097490
0.750 0.267643
0.760 1.150565
0.770 0.676299
0.780 0.376509
0.790 0.929150
0.800 0.176200
0.810 0.567136
0.820 0.473539
0.830 0.818458
0.840 0.390559
0.850 1.234969
0.860 0.536932
0.870 0.114597
0.880 0.624699
0.890 0.255187
0.900 0.903397
0.910 0.804885
0.920 0.128537
0.930 0.159726
0.940 0.646391
0.950 0.620407
0.960 0.064730
0.970 0.314882
0.980 0.753458
0.990 0.125641
