0.000 0.452535
0.010 0.442934
0.020 0.902206
0.030 0.289971
0.040 0.053333
0.050 0.597855
0.060 0.566670
0.070 0.198516
0.080 0.080884
0.090 0.329970
0.100 0.287991
0.110 0.913534
0.120 0.741135
0.130 0.138813
0.140 0.363384
0.150 0.224070
0.160 0.819864
0.170 0.809380
0.180 0.888619
0.190 0.388379
0.200 0.403221
0.210 0.035137
0.220 0.700269
0.230 0.603232
0.240 0.246823
0.250 0.066831
0.260 0.544980
0.270 0.904351
0.280 0.765589
0.290 0.263355
0.300 0.421822
0.310 0.569753
0.320 0.592486
0.330 0.829380
0.340 0.737938
0.350 0.853024
0.360 0.462242
0.370 0.070506
0.380 0.224850
0.390 0.602901
0.400 0.238913
0.410 0.195159
0.420 0.682433
0.430 0.442666
0.440 0.063335
0.450 0.365375
0.460 0.274837
0.470 0.369074
0.480 0.510264
0.490 0.259149
0.500 0.609881
0.510 0.773294
0.520 0.032451
0.530 0.713324
0.540 0.374198
0.550 0.602545
0.560 0.847157
0.570 0.306645
0.580 0.753988
0.590 0.099911
0.600 0.749167
0.610 0.164484
0.620 0.571061
0.630 0.237404
0.640 0.278420
0.650 0.390733
0.660 0.859581
0.670 0.849304
0.680 0.906463
0.690 0.245734
0.700 0.268857
0.710 0.387349
0.720 0.782575
0.730 0.643874
0.740 0.525653
0.750 0.669685
0.760 0.673452
0.770 0.122021
0.780 0.566843
0.790 0.872214
0.800 0.275399
0.810 0.646306
0.820 0.279166
0.830 0.694916
0.840 0.606113
0.850 0.354806
0.860 0.703290
0.870 0.152149
0.880 0.839782
0.890 0.530264
0.900 0.756151
0.910 0.459289
0.920 0.124121
0.930 0.380422
0.940 0.207699
0.950 0.437456
0.960 0.312280
0.970 0.044109
0.980 0.321063
0.990 0.633927
