0.000 2.949800
0.010 3.828018
0.020 1.308681
0.030 2.190238
0.040 2.345445
0.050 1.066244
0.060 0.724604
0.070 3.162963
0.080 2.928961
0.090 3.411722
0.100 0.006681
0.110 0.225090
0.120 2.613353
0.130 4.241177
0.140 2.816334
0.150 3.614182
0.160 2.094585
0.170 0.193884
0.180 4.159159
0.190 1.094982
0.200 2.933142
0.210 1.120501
0.220 3.937355
0.230 3.551782
0.240 2.054308
0.250 2.653236
0.260 2.560891
0.270 1.036906
0.280 3.810180
0.290 4.244063
0.300 4.145398
0.310 1.389775
0.320 2.609530
0.330 1.366997
0.340 2.915585
0.350 1.005918
0.360 3.572225
0.370 1.921804
0.380 0.437270
0.390 3.478831
0.400 3.486348
0.410 0.175953
0.420 0.213510
0.430 3.457972
0.440 4.272426
0.450 0.066654
0.460 3.379165
0.470 1.029246
0.480 4.091601
0.490 3.495424
0.500 1.387435
0.510 2.066899
0.520 1.627716
0.530 1.579339
0.540 3.145456
0.550 1.115672
0.560 2.149529
0.570 0.152801
0.580 0.452746
0.590 4.247945
0.600 2.744537
0.610 1.708711
0.620 2.156377
0.630 1.563269
0.640 2.042842
0.650 3.004548
0.660 0.806850
0.670 2.551929
0.680 3.876332
0.690 3.530953
0.700 1.080618
0.710 0.595154
0.720 1.006226
0.730 0.025395
0.740 2.829367
0.750 4.179880
0.760 4.249197
0.770 3.387817
0.780 1.446383
0.790 0.971220
0.800 2.389693
0.810 1.637371
0.820 3.078671
0.830 1.335166
0.840 1.725801
0.850 0.929731
0.860 1.267873
0.870 0.496497
0.880 0.291671
0.890 2.173212
0.900 3.826370
0.910 0.815880
0.920 2.016106
0.930 0.269433
0.940 3.220200
0.950 1.105368
0.960 4.055739
0.970 2.289875
0.980 0.186752
0.990 2.514072
