0.000 5.179075
0.010 2.931362
0.020 4.783970
0.030 2.160368
0.040 1.683123
0.050 5.733358
0.060 1.848122
0.070 0.885556
0.080 1.933999
0.090 3.703049
0.100 3.898201
0.110 3.391483
0.120 1.697763
0.130 5.320498
0.140 3.843545
0.150 4.192760
0.160 1.304111
0.170 4.846040
0.180 1.228273
0.190 3.645817
0.200 3.498219
0.210 1.778122
0.220 3.394591
0.230 1.639558
0.240 1.596767
0.250 0.744634
0.260 4.702664
0.270 1.715598
0.280 1.041019
0.290 3.131734
0.300 3.695719
0.310 2.604999
0.320 0.323253
0.330 0.776609
0.340 6.429335
0.350 1.244248
0.360 2.883966
0.370 2.926859
0.380 1.095977
0.390 3.000997
0.400 2.912509
0.410 3.574199
0.420 4.874823
0.430 1.692051
0.440 0.294452
0.450 2.601566
0.460 5.305437
0.470 2.181395
0.480 5.918369
0.490 5.508559
0.500 3.329551
0.510 2.332025
0.520 2.345054
0.530 1.328253
0.540 1.697975
0.550 4.866545
0.560 0.674219
0.570 5.700567
0.580 2.974970
0.590 1.150692
0.600 3.957690
0.610 0.786294
0.620 0.217247
0.630 1.573683
0.640 0.870014
0.650 3.519843
0.660 5.098143
0.670 2.248266
0.680 0.668420
0.690 0.588996
0.700 5.109228
0.710 5.662124
0.720 0.547928
0.730 0.551909
0.740 2.966620
0.750 1.465149
0.760 1.594668
0.770 0.927615
0.780 3.310623
0.790 3.577500
0.800 1.979254
0.810 3.301325
0.820 5.460195
0.830 6.031381
0.840 5.038606
0.850 5.087538
0.860 5.726810
0.870 2.061705
0.880 3.514855
0.890 3.778713
0.900 2.310480
0.910 5.208900
0.920 0.345107
0.930 1.942506
0.940 6.495775
0.950 2.647133
0.960 1.044696
0.970 2.606785
0.980 3.247340
0.990 6.367284
