0.000 0.046570
0.010 0.060910
0.020 0.090733
0.030 0.098962
0.040 0.075781
0.050 0.102822
0.060 0.053424
0.070 0.076775
0.080 0.118641
0.090 0.078097
0.100 0.051515
0.110 0.007100
0.120 0.111474
0.130 0.098551
0.140 0.067326
0.150 0.077165
0.160 0.034204
0.170 0.080793
0.180 0.070702
0.190 0.013755
0.200 0.066369
0.210 0.038226
0.220 0.090313
0.230 0.048934
0.240 0.033267
0.250 0.074579
0.260 0.101409
0.270 0.007417
0.280 0.052004
0.290 0.089161
0.300 0.002127
0.310 0.086966
0.320 0.031022
0.330 0.115464
0.340 0.025325
0.350 0.000645
0.360 0.061760
0.370 0.116821
0.380 0.023253
0.390 0.000246
0.400 0.002218
0.410 0.106454
0.420 0.098685
0.430 0.073724
0.440 0.034504
0.450 0.088309
0.460 0.076477
0.470 0.077798
0.480 0.028047
0.490 0.061383
0.500 0.050976
0.510 0.078360
0.520 0.067751
0.530 0.089654
0.540 0.097363
0.550 0.092292
0.560 0.099849
0.570 0.043028
0.580 0.100210
0.590 0.018081
0.600 0.083799
0.610 0.057607
0.620 0.091183
0.630 0.044875
0.640 0.109905
0.650 0.098299
0.660 0.092416
0.670 0.055332
0.680 0.057274
0.690 0.011062
0.700 0.119227
0.710 0.085251
0.720 0.115506
0.730 0.085446
0.740 0.047846
0.750 0.093851
0.760 0.012119
0.770 0.050253
0.780 0.115805
0.790 0.086600
0.800 0.014264
0.810 0.093063
0.820 0.099409
0.830 0.013019
0.840 0.042542
0.850 0.055860
0.860 0.108151
0.870 0.032317
0.880 0.090177
0.890 0.114855
0.900 0.020111
0.910 0.071682
0.920 0.079203
0.930 0.074597
0.940 0.068964
0.950 0.104499
0.960 0.104792
0.970 0.074291
0.980 0.042295
0.990 0.002543
