0.000 3.498939
0.010 2.633876
0.020 0.372870
0.030 7.533326
0.040 9.059628
0.050 5.282136
0.060 1.323758
0.070 8.240500
0.080 6.569133
0.090 7.502543
0.100 7.507387
0.110 8.151788
0.120 7.607487
0.130 1.722387
0.140 7.642830
0.150 8.195444
0.160 2.471474
0.170 4.455559
0.180 6.489070
0.190 6.336246
0.200 3.077676
0.210 7.975763
0.220 7.246209
0.230 7.221631
0.240 3.367888
0.250 4.808163
0.260 6.972963
0.270 2.593258
0.280 2.313077
0.290 8.340763
0.300 7.475085
0.310 0.192319
0.320 6.793420
0.330 6.772684
0.340 5.077328
0.350 0.716081
0.360 0.644006
0.370 3.602205
0.380 4.986975
0.390 2.869779
0.400 7.542182
0.410 7.090600
0.420 6.043621
0.430 8.882755
0.440 4.471342
0.450 1.721659
0.460 2.410282
0.470 3.659896
0.480 2.101071
0.490 5.535501
0.500 0.231786
0.510 3.436040
0.520 4.543987
0.530 3.630963
0.540 3.640553
0.550 7.310302
0.560 1.781578
0.570 6.715759
0.580 7.360355
0.590 6.421006
0.600 6.598766
0.610 2.977436
0.620 9.083494
0.630 4.406098
0.640 5.943952
0.650 4.727446
0.660 8.642642
0.670 5.967197
0.680 6.236488
0.690 0.605347
0.700 5.240535
0.710 5.385122
0.720 5.764730
0.730 6.095071
0.740 8.318578
0.750 6.695152
0.760 4.933285
0.770 1.399363
0.780 8.175841
0.790 0.875943
0.800 0.561334
0.810 5.602254
0.820 3.844371
0.830 5.218717
0.840 7.159372
0.850 9.067975
0.860 6.147241
0.870 0.132986
0.880 6.585366
0.890 5.759085
0.900 2.827139
0.910 2.476830
0.920 7.935859
0.930 3.878637
0.940 9.306984
0.950 4.928250
0.960 3.561937
0.970 5.245106
0.980 7.908722
0.990 8.162283
