0.000 8.626700
0.010 0.835570
0.020 4.648974
0.030 4.794216
0.040 7.296804
0.050 0.111213
0.060 7.044771
0.070 5.014320
0.080 0.319811
0.090 1.202999
0.100 0.687633
0.110 4.855231
0.120 7.247290
0.130 6.684893
0.140 7.309891
0.150 5.433852
0.160 0.324713
0.170 2.739801
0.180 4.492374
0.190 3.014346
0.200 1.327683
0.210 3.010071
0.220 3.989896
0.230 0.208007
0.240 4.803123
0.250 8.525664
0.260 1.825661
0.270 8.289075
0.280 9.438080
0.290 0.306563
0.300 0.886794
0.310 8.073336
0.320 7.586974
0.330 1.696129
0.340 9.148550
0.350 7.893962
0.360 6.040937
0.370 8.771175
0.380 7.103265
0.390 6.984837
0.400 4.370897
0.410 1.835627
0.420 3.523181
0.430 5.222804
0.440 0.967835
0.450 8.747415
0.460 1.138217
0.470 0.211163
0.480 4.582744
0.490 7.222824
0.500 3.220208
0.510 9.296910
0.520 1.254222
0.530 2.152725
0.540 6.165073
0.550 0.207960
0.560 5.147319
0.570 1.474857
0.580 1.681062
0.590 2.518763
0.600 1.844747
0.610 7.871514
0.620 6.028444
0.630 1.099816
0.640 5.130956
0.650 3.806854
0.660 7.182111
0.670 3.870658
0.680 6.087369
0.690 5.130110
0.700 1.053904
0.710 0.897553
0.720 1.914486
0.730 7.635846
0.740 0.730070
0.750 7.474596
0.760 2.407542
0.770 1.721980
0.780 4.001499
0.790 1.588074
0.800 2.863774
0.810 1.929028
0.820 3.707720
0.830 5.015988
0.840 2.231104
0.850 8.926972
0.860 5.150544
0.870 0.532744
0.880 1.061052
0.890 2.966796
0.900 1.307666
0.910 5.705695
0.920 9.078346
0.930 8.720472
0.940 1.081373
0.950 6.865051
0.960 5.224287
0.970 6.460214
0.980 6.572665
0.990 0.959446
