0.000 6.678925
0.010 0.491735
0.020 0.344836
0.030 2.257186
0.040 5.690547
0.050 2.157760
0.060 5.127112
0.070 5.702510
0.080 6.710775
0.090 0.600817
0.100 3.584397
0.110 6.449522
0.120 6.416283
0.130 7.017981
0.140 4.050771
0.150 2.405110
0.160 3.755948
0.170 7.859182
0.180 7.028913
0.190 1.706181
0.200 8.182544
0.210 3.684654
0.220 0.079651
0.230 6.604023
0.240 6.905195
0.250 7.959376
0.260 4.907465
0.270 1.039277
0.280 1.501285
0.290 3.839667
0.300 6.295071
0.310 4.095554
0.320 8.211531
0.330 3.321154
0.340 3.902646
0.350 7.313106
0.360 5.198926
0.370 0.487806
0.380 3.160050
0.390 0.505097
0.400 7.955299
0.410 5.011288
0.420 4.332782
0.430 1.649610
0.440 6.714059
0.450 1.112277
0.460 5.629070
0.470 2.019793
0.480 2.672988
0.490 1.243370
0.500 5.192100
0.510 5.066153
0.520 5.580232
0.530 1.810368
0.540 1.903426
0.550 6.501809
0.560 1.722404
0.570 7.227332
0.580 7.223899
0.590 1.927526
0.600 4.075747
0.610 6.769872
0.620 5.652428
0.630 2.485650
0.640 4.977691
0.650 2.247830
0.660 1.010438
0.670 3.959904
0.680 7.865769
0.690 7.707958
0.700 0.625380
0.710 7.718123
0.720 2.358652
0.730 2.394552
0.740 5.007035
0.750 5.440249
0.760 7.406565
0.770 7.951005
0.780 1.320278
0.790 3.925756
0.800 0.838928
0.810 2.240059
0.820 5.203432
0.830 4.535317
0.840 0.078102
0.850 6.941777
0.860 1.700946
0.870 6.126165
0.880 5.325100
0.890 2.300156
0.900 7.357145
0.910 2.297391
0.920 4.187866
0.930 7.845689
0.940 1.643688
0.950 6.447277
0.960 8.005093
0.970 2.437635
0.980 0.708082
0.990 8.130856
