0.000 2.100840
0.010 3.105144
0.020 3.583448
0.030 4.061663
0.040 4.183668
0.050 2.379306
0.060 2.977129
0.070 1.903785
0.080 2.144649
0.090 3.483772
0.100 2.049348
0.110 1.769653
0.120 1.564535
0.130 2.132868
0.140 3.893298
0.150 2.110284
0.160 1.812062
0.170 0.807901
0.180 2.183756
0.190 1.699813
0.200 0.024063
0.210 2.070822
0.220 2.444862
0.230 2.110780
0.240 3.526490
0.250 2.797883
0.260 0.696627
0.270 2.372573
0.280 1.607462
0.290 2.658267
0.300 4.088494
0.310 3.566783
0.320 4.199356
0.330 0.222519
0.340 1.981913
0.350 1.157329
0.360 0.152520
0.370 2.230892
0.380 0.557428
0.390 2.351615
0.400 3.618420
0.410 1.600949
0.420 1.203705
0.430 2.984996
0.440 0.337005
0.450 4.151400
0.460 1.446846
0.470 0.450938
0.480 1.584712
0.490 2.132764
0.500 1.315775
0.510 4.113991
0.520 2.786693
0.530 3.743819
0.540 1.491205
0.550 4.119618
0.560 2.121608
0.570 3.073840
0.580 0.330070
0.590 2.469886
0.600 0.650395
0.610 0.517533
0.620 2.725555
0.630 2.772907
0.640 3.024340
0.650 2.591582
0.660 2.935066
0.670 1.254705
0.680 3.919776
0.690 1.444409
0.700 4.350043
0.710 2.264130
0.720 2.775884
0.730 0.543906
0.740 1.946330
0.750 3.328428
0.760 3.218456
0.770 0.213148
0.780 4.101530
0.790 1.428696
0.800 0.637667
0.810 0.528097
0.820 0.349015
0.830 4.141094
0.840 0.389972
0.850 1.238800
0.860 1.275024
0.870 1.127853
0.880 1.429271
0.890 1.065853
0.900 1.201543
0.910 1.313225
0.920 0.700927
0.930 0.168472
0.940 3.568686
0.950 1.298930
0.960 4.323943
0.970 1.595441
0.980 3.483018
0.990 2.177412
