0.000 0.056626
0.010 0.048053
0.020 0.008597
0.030 0.001701
0.040 0.059490
0.050 0.028342
0.060 0.062412
0.070 0.011869
0.080 0.037985
0.090 0.011880
0.100 0.040091
0.110 0.001199
0.120 0.031860
0.130 0.063066
0.140 0.021602
0.150 0.074663
0.160 0.070986
0.170 0.057068
0.180 0.038042
0.190 0.053537
0.200 0.047030
0.210 0.075508
0.220 0.032438
0.230 0.036517
0.240 0.012740
0.250 0.009064
0.260 0.067261
0.270 0.026010
0.280 0.075411
0.290 0.009952
0.300 0.051114
0.310 0.047797
0.320 0.001489
0.330 0.064585
0.340 0.038964
0.350 0.018110
0.360 0.005081
0.370 0.017779
0.380 0.073887
0.390 0.072600
0.400 0.046946
0.410 0.073040
0.420 0.015186
0.430 0.028600
0.440 0.021972
0.450 0.039093
0.460 0.073249
0.470 0.010339
0.480 0.014059
0.490 0.078434
0.500 0.036294
0.510 0.016643
0.520 0.027628
0.530 0.075082
0.540 0.052401
0.550 0.022864
0.560 0.061825
0.570 0.022571
0.580 0.028775
0.590 0.027336
0.600 0.073720
0.610 0.010893
0.620 0.035393
0.630 0.018507
0.640 0.078338
0.650 0.036636
0.660 0.001248
0.670 0.045828
0.680 0.026239
0.690 0.064314
0.700 0.040616
0.710 0.047125
0.720 0.076256
0.730 0.016731
0.740 0.076950
0.750 0.019437
0.760 0.028692
0.770 0.042874
0.780 0.003073
0.790 0.054959
0.800 0.046009
0.810 0.017562
0.820 0.048080
0.830 0.006682
0.840 0.036971
0.850 0.038898
0.860 0.011449
0.870 0.017189
0.880 0.075141
0.890 0.075448
0.900 0.048464
0.910 0.041161
0.920 0.028363
0.930 0.018666
0.940 0.023293
0.950 0.057254
0.960 0.057537
0.970 0.013807
0.980 0.049748
0.990 0.027134
