0.000 0.779961
0.010 -0.510873
0.020 -2.724498
0.030 0.865780
0.040 -1.658993
0.050 3.639499
0.060 -0.895873
0.070 -1.654946
0.080 4.781013
0.090 2.937584
0.100 1.113784
0.110 -0.476723
0.120 1.126835
0.130 2.506871
0.140 -1.575782
0.150 2.158728
0.160 0.025881
0.170 0.383947
0.180 1.690802
0.190 -2.953053
0.200 2.122878
0.210 -2.597460
0.220 1.518567
0.230 1.800305
0.240 0.460977
0.250 -0.738009
0.260 2.208716
0.270 -0.918665
0.280 2.077187
0.290 2.375986
0.300 -0.374232
0.310 1.375967
0.320 -1.004732
0.330 -2.640647
0.340 1.319759
0.350 0.438817
0.360 2.499019
0.370 -0.055637
0.380 1.718035
0.390 -0.293659
0.400 -0.213634
0.410 1.414088
0.420 2.907285
0.430 -0.633789
0.440 1.719681
0.450 1.123546
0.460 -0.231200
0.470 1.386739
0.480 0.489798
0.490 0.966562
0.500 -0.947036
0.510 -0.062331
0.520 0.060762
0.530 0.609447
0.540 -0.063427
0.550 -0.036451
0.560 1.116074
0.570 -1.759712
0.580 0.560439
0.590 -0.935398
0.600 -0.151565
0.610 -0.513368
0.620 0.527697
0.630 -0.238564
0.640 -3.973009
0.650 -1.297349
0.660 1.032192
0.670 -0.073649
0.680 2.348107
0.690 2.629496
0.700 -0.747425
0.710 0.617113
0.720 -0.587528
0.730 2.161366
0.740 1.512936
0.750 -0.365187
0.760 -1.479366
0.770 2.091000
0.780 -1.963167
0.790 -2.766341
0.800 1.131543
0.810 0.488013
0.820 -0.575785
0.830 2.204362
0.840 -3.853747
0.850 1.371687
0.860 2.166328
0.870 -2.949619
0.880 1.100052
0.890 0.953908
0.900 -1.374404
0.910 0.480875
0.920 -0.211619
0.930 -1.137444
0.940 0.531093
0.950 -1.065039
0.960 1.420916
0.970 -0.788678
0.980 0.524787
0.990 -0.355522
