0.000 3.509714
0.010 1.691667
0.020 0.250987
0.030 1.304159
0.040 3.081248
0.050 0.748674
0.060 1.404571
0.070 2.389589
0.080 3.674149
0.090 2.210344
0.100 0.350519
0.110 1.072537
0.120 0.216802
0.130 0.227655
0.140 0.266666
0.150 2.806091
0.160 1.970015
0.170 1.262466
0.180 1.274002
0.190 1.346746
0.200 3.276006
0.210 3.225150
0.220 1.587763
0.230 2.077250
0.240 2.829671
0.250 1.824260
0.260 0.677248
0.270 0.863250
0.280 2.120757
0.290 2.442974
0.300 2.629135
0.310 2.399384
0.320 3.634563
0.330 0.164324
0.340 0.794482
0.350 2.021475
0.360 0.786496
0.370 2.524352
0.380 0.180324
0.390 2.180941
0.400 1.310144
0.410 0.044233
0.420 1.795209
0.430 0.981329
0.440 1.603204
0.450 2.997053
0.460 0.396197
0.470 2.981456
0.480 1.108093
0.490 3.777984
0.500 1.938309
0.510 2.494184
0.520 0.098912
0.530 2.857263
0.540 0.382945
0.550 0.829746
0.560 0.156640
0.570 0.823399
0.580 0.928882
0.590 0.969116
0.600 2.310721
0.610 0.736696
0.620 0.683888
0.630 1.932479
0.640 1.896856
0.650 0.735960
0.660 1.269218
0.670 2.610485
0.680 2.376815
0.690 2.876413
0.700 3.072211
0.710 0.933316
0.720 0.900912
0.730 1.552678
0.740 1.650964
0.750 1.163719
0.760 3.431280
0.770 3.083619
0.780 0.741434
0.790 0.842515
0.800 3.797305
0.810 2.191551
0.820 1.473798
0.830 2.189494
0.840 1.292597
0.850 2.125838
0.860 2.275394
0.870 2.874184
0.880 2.832272
0.890 1.204686
0.900 0.010907
0.910 1.476541
0.920 3.356443
0.930 3.284675
0.940 2.865234
0.950 1.473540
0.960 0.733830
0.970 3.407553
0.980 1.539628
0.990 1.412395
