0.000 0.176350
0.010 -0.024944
0.020 0.222839
0.030 1.375811
0.040 -0.840388
0.050 0.563097
0.060 -2.766484
0.070 0.328608
0.080 3.044303
0.090 -0.939839
0.100 -2.750150
0.110 0.714868
0.120 2.019070
0.130 0.860308
0.140 -0.786062
0.150 -0.797096
0.160 0.391140
0.170 1.750518
0.180 -0.543715
0.190 1.042324
0.200 0.392578
0.210 2.630927
0.220 -1.655878
0.230 -3.102185
0.240 0.747386
0.250 -0.045471
0.260 -0.034886
0.270 -0.948966
0.280 -2.124956
0.290 2.916363
0.300 -0.323546
0.310 -0.016765
0.320 1.505204
0.330 0.619554
0.340 1.548570
0.350 2.207318
0.360 0.009396
0.370 -0.021286
0.380 0.513060
0.390 -2.540634
0.400 4.357286
0.410 -0.248397
0.420 -0.197374
0.430 -0.570584
0.440 -2.701822
0.450 4.144272
0.460 1.514737
0.470 -0.919259
0.480 -0.603841
0.490 -2.428634
0.500 -1.285441
0.510 2.968811
0.520 0.175321
0.530 -0.552521
0.540 0.841388
0.550 -0.744990
0.560 2.480252
0.570 -0.429035
0.580 -0.374041
0.590 1.213048
0.600 1.406150
0.610 0.274433
0.620 -1.933180
0.630 0.065433
0.640 0.463853
0.650 -4.139993
0.660 0.380015
0.670 0.678912
0.680 -0.927361
0.690 -0.370484
0.700 -1.013014
0.710 1.139496
0.720 -0.368192
0.730 0.048345
0.740 2.736149
0.750 -0.898597
0.760 0.159710
0.770 -0.904408
0.780 2.007359
0.790 1.111762
0.800 -1.714402
0.810 -1.108859
0.820 2.134398
0.830 2.807828
0.840 1.070149
0.850 -1.217263
0.860 2.405108
0.870 1.154688
0.880 2.004817
0.890 0.096820
0.900 1.439415
0.910 -1.854462
0.920 1.460250
0.930 0.772303
0.940 -1.070978
0.950 -0.326819
0.960 1.888556
0.970 0.375444
0.980 -1.187095
0.990 1.688775
