0.000 0.014469
0.010 0.275433
0.020 0.589946
0.030 0.340665
0.040 0.628375
0.050 0.343868
0.060 0.360514
0.070 0.638858
0.080 0.418968
0.090 0.689281
0.100 0.278692
0.110 0.536329
0.120 0.463254
0.130 0.689319
0.140 0.542202
0.150 0.446984
0.160 0.302963
0.170 0.293648
0.180 0.047054
0.190 0.152588
0.200 0.119543
0.210 0.416941
0.220 0.619925
0.230 0.106788
0.240 0.237026
0.250 0.104241
0.260 0.647924
0.270 0.581641
0.280 0.605767
0.290 0.753014
0.300 0.403278
0.310 0.756215
0.320 0.478824
0.330 0.315944
0.340 0.390275
0.350 0.389571
0.360 0.326849
0.370 0.658458
0.380 0.759195
0.390 0.753046
0.400 0.492320
0.410 0.014638
0.420 0.245955
0.430 0.688233
0.440 0.649122
0.450 0.435974
0.460 0.346118
0.470 0.615406
0.480 0.440819
0.490 0.202577
0.500 0.525718
0.510 0.633763
0.520 0.367554
0.530 0.658695
0.540 0.526315
0.550 0.588513
0.560 0.323767
0.570 0.465055
0.580 0.442396
0.590 0.640198
0.600 0.490165
0.610 0.452342
0.620 0.509091
0.630 0.074986
0.640 0.044516
0.650 0.250323
0.660 0.215580
0.670 0.359971
0.680 0.752305
0.690 0.237289
0.700 0.319169
0.710 0.173323
0.720 0.579197
0.730 0.320480
0.740 0.565921
0.750 0.247309
0.760 0.650433
0.770 0.160872
0.780 0.439875
0.790 0.425642
0.800 0.261531
0.810 0.674133
0.820 0.415013
0.830 0.171092
0.840 0.282425
0.850 0.635822
0.860 0.457469
0.870 0.065923
0.880 0.015961
0.890 0.511596
0.900 0.171927
0.910 0.676901
0.920 0.123577
0.930 0.265143
0.940 0.495387
0.950 0.599488
0.960 0.711053
0.970 0.744954
0.980 0.395200
0.990 0.203094
