0.000 0.899722
0.010 4.359394
0.020 0.982213
0.030 4.013458
0.040 4.355707
0.050 0.194283
0.060 1.081132
0.070 3.361147
0.080 2.622688
0.090 2.672018
0.100 0.648795
0.110 0.347321
0.120 1.096935
0.130 0.960076
0.140 5.735942
0.150 1.762361
0.160 3.332207
0.170 0.309632
0.180 0.769229
0.190 0.209818
0.200 1.078689
0.210 5.505630
0.220 1.249082
0.230 4.590936
0.240 4.814510
0.250 2.038461
0.260 2.451404
0.270 1.779800
0.280 0.478723
0.290 5.863194
0.300 0.551805
0.310 5.068424
0.320 3.284314
0.330 3.149997
0.340 2.721804
0.350 2.042682
0.360 0.102986
0.370 1.526639
0.380 4.265941
0.390 0.568775
0.400 5.020697
0.410 2.429341
0.420 3.875298
0.430 1.402145
0.440 5.247090
0.450 0.502149
0.460 1.196778
0.470 5.524956
0.480 0.891617
0.490 1.137039
0.500 0.574658
0.510 2.342353
0.520 1.477204
0.530 5.029048
0.540 2.081268
0.550 3.384417
0.560 2.050839
0.570 5.565894
0.580 1.876204
0.590 0.220922
0.600 2.860836
0.610 0.055872
0.620 2.208892
0.630 2.108858
0.640 0.933651
0.650 4.207462
0.660 2.795646
0.670 5.038278
0.680 5.583745
0.690 4.567430
0.700 0.725885
0.710 0.766729
0.720 2.988805
0.730 5.112551
0.740 1.080686
0.750 0.219847
0.760 3.352616
0.770 5.068451
0.780 1.977731
0.790 5.459939
0.800 1.596337
0.810 4.320776
0.820 2.143960
0.830 0.643507
0.840 1.131802
0.850 2.921731
0.860 0.022776
0.870 4.312287
0.880 2.436625
0.890 0.955791
0.900 0.682030
0.910 1.624296
0.920 2.265519
0.930 0.532086
0.940 1.270544
0.950 5.414452
0.960 4.552983
0.970 0.528091
0.980 0.229350
0.990 3.807029
