0.000 1.450439
0.010 0.082166
0.020 2.679890
0.030 4.767020
0.040 3.947647
0.050 1.403346
0.060 4.828712
0.070 4.909310
0.080 2.933572
0.090 3.055407
0.100 0.643984
0.110 0.402202
0.120 1.181289
0.130 3.468974
0.140 3.230492
0.150 1.881099
0.160 4.688909
0.170 0.586618
0.180 3.394976
0.190 4.837151
0.200 1.644255
0.210 3.381823
0.220 1.020569
0.230 1.468406
0.240 2.627613
0.250 4.659589
0.260 0.433949
0.270 3.859099
0.280 3.361492
0.290 1.251915
0.300 0.565332
0.310 2.060352
0.320 2.477967
0.330 0.615494
0.340 2.150625
0.350 3.274525
0.360 1.276293
0.370 2.619515
0.380 3.895439
0.390 3.196079
0.400 4.041798
0.410 2.711678
0.420 4.715773
0.430 3.617009
0.440 1.548586
0.450 0.156040
0.460 2.584645
0.470 0.567288
0.480 2.396949
0.490 1.690219
0.500 0.491495
0.510 3.382320
0.520 2.132944
0.530 3.574660
0.540 1.396092
0.550 1.750087
0.560 3.099454
0.570 3.188396
0.580 0.438774
0.590 4.425192
0.600 1.038884
0.610 1.409024
0.620 0.474026
0.630 1.493809
0.640 0.238932
0.650 4.538436
0.660 1.873138
0.670 0.172748
0.680 1.383552
0.690 1.390578
0.700 0.009116
0.710 1.207688
0.720 2.338310
0.730 2.568382
0.740 1.381008
0.750 0.481943
0.760 1.085308
0.770 0.300849
0.780 3.620527
0.790 1.974242
0.800 2.134915
0.810 1.693362
0.820 0.786340
0.830 4.542969
0.840 3.136863
0.850 1.066657
0.860 4.526949
0.870 1.948532
0.880 0.440554
0.890 3.624371
0.900 1.661773
0.910 3.258197
0.920 1.993625
0.930 1.004627
0.940 0.190806
0.950 3.643605
0.960 0.008888
0.970 0.015420
0.980 0.592471
0.990 1.251648
