0.000 0.890980
0.010 0.728648
0.020 2.288305
0.030 -0.465883
0.040 0.598136
0.050 -0.587093
0.060 2.303166
0.070 -1.787809
0.080 1.851510
0.090 0.867023
0.100 0.349596
0.110 0.323901
0.120 0.633539
0.130 -1.859256
0.140 0.772834
0.150 1.090300
0.160 0.256843
0.170 1.820606
0.180 1.177678
0.190 -1.312969
0.200 -2.513322
0.210 -0.506228
0.220 5.262198
0.230 0.100082
0.240 1.735341
0.250 0.896135
0.260 -1.782659
0.270 -0.236704
0.280 -0.272910
0.290 1.909515
0.300 1.152861
0.310 0.123523
0.320 -2.773328
0.330 -0.553300
0.340 0.127191
0.350 1.219849
0.360 3.326118
0.370 -2.673875
0.380 2.167543
0.390 -0.876862
0.400 -1.622521
0.410 0.117417
0.420 -3.045508
0.430 -0.560782
0.440 0.003843
0.450 2.583399
0.460 -4.613676
0.470 -0.330021
0.480 2.128240
0.490 1.255747
0.500 1.290803
0.510 1.008729
0.520 -0.580537
0.530 -1.627867
0.540 -0.308136
0.550 2.734750
0.560 0.156958
0.570 0.686371
0.580 -4.020495
0.590 -1.673067
0.600 0.729623
0.610 2.794309
0.620 -1.652007
0.630 0.228513
0.640 -1.690570
0.650 -0.122409
0.660 0.345301
0.670 2.028557
0.680 0.245529
0.690 -1.091179
0.700 2.072062
0.710 0.287901
0.720 -2.209278
0.730 0.781930
0.740 -0.841312
0.750 1.418294
0.760 2.596409
0.770 1.017391
0.780 0.962134
0.790 2.379547
0.800 3.023579
0.810 0.459490
0.820 0.487752
0.830 2.724837
0.840 -3.586232
0.850 -0.728823
0.860 -1.715958
0.870 -1.349705
0.880 -1.650712
0.890 -1.268271
0.900 -0.806307
0.910 -3.294089
0.920 0.315679
0.930 -0.968414
0.940 2.417298
0.950 0.207028
0.960 1.948836
0.970 -2.882149
0.980 -4.084172
0.990 -1.313051
