0.000 0.167222
0.010 3.232538
0.020 0.785332
0.030 1.352674
0.040 1.821942
0.050 2.981813
0.060 3.311424
0.070 2.725490
0.080 2.402725
0.090 1.590503
0.100 3.781323
0.110 0.252072
0.120 4.341792
0.130 1.034917
0.140 3.396332
0.150 0.693374
0.160 1.557014
0.170 1.388213
0.180 1.789738
0.190 2.523629
0.200 2.548975
0.210 1.219771
0.220 0.622793
0.230 0.721853
0.240 0.239319
0.250 0.434547
0.260 3.999503
0.270 0.981429
0.280 2.472707
0.290 3.127112
0.300 4.147473
0.310 3.940234
0.320 3.398562
0.330 2.204494
0.340 2.878437
0.350 3.893373
0.360 4.222542
0.370 1.840731
0.380 0.501161
0.390 0.810977
0.400 3.104702
0.410 1.495224
0.420 1.873558
0.430 2.739905
0.440 3.945204
0.450 3.231471
0.460 1.384862
0.470 3.360423
0.480 2.132052
0.490 3.503458
0.500 0.840683
0.510 2.854338
0.520 4.095908
0.530 1.022575
0.540 1.500523
0.550 4.086259
0.560 2.246689
0.570 3.061392
0.580 0.887795
0.590 0.349472
0.600 3.402877
0.610 1.241716
0.620 1.743849
0.630 1.698605
0.640 4.346635
0.650 3.771690
0.660 0.107395
0.670 4.049673
0.680 3.036255
0.690 0.828444
0.700 0.818758
0.710 0.164651
0.720 1.998895
0.730 0.790331
0.740 0.851615
0.750 0.438812
0.760 1.498241
0.770 2.082344
0.780 3.455722
0.790 3.673678
0.800 3.861241
0.810 4.368070
0.820 1.632001
0.830 0.906173
0.840 2.264277
0.850 2.446292
0.860 3.123784
0.870 1.627523
0.880 1.962811
0.890 2.651804
0.900 3.344877
0.910 0.961263
0.920 3.290969
0.930 3.199425
0.940 1.408379
0.950 3.400613
0.960 4.201788
0.970 2.811598
0.980 0.924315
0.990 2.200875
