0.000 0.137700
0.010 2.022013
0.020 2.396618
0.030 0.426563
0.040 1.616802
0.050 2.388311
0.060 1.446886
0.070 1.420847
0.080 0.957041
0.090 1.464502
0.100 2.051823
0.110 2.131075
0.120 1.306952
0.130 2.116701
0.140 2.073993
0.150 2.267570
0.160 1.566730
0.170 0.265992
0.180 1.968622
0.190 2.332836
0.200 2.072653
0.210 0.149259
0.220 0.576131
0.230 1.953934
0.240 0.012668
0.250 2.493631
0.260 2.386606
0.270 0.834446
0.280 0.000182
0.290 0.611032
0.300 2.310393
0.310 1.631939
0.320 1.160111
0.330 0.864038
0.340 1.583818
0.350 0.201292
0.360 0.024088
0.370 0.280134
0.380 1.664320
0.390 0.163748
0.400 0.876148
0.410 2.201412
0.420 2.436966
0.430 1.798385
0.440 0.168853
0.450 0.373330
0.460 0.778014
0.470 0.689059
0.480 0.172503
0.490 2.262320
0.500 2.262168
0.510 0.521557
0.520 0.824942
0.530 1.516057
0.540 0.575799
0.550 0.457500
0.560 0.136397
0.570 0.345793
0.580 2.392697
0.590 1.407974
0.600 0.612644
0.610 0.228829
0.620 1.888067
0.630 1.794025
0.640 0.398629
0.650 0.914543
0.660 2.116309
0.670 1.738999
0.680 2.157013
0.690 1.458264
0.700 0.264526
0.710 0.887044
0.720 1.307186
0.730 0.657071
0.740 2.469327
0.750 1.463644
0.760 0.292341
0.770 1.333731
0.780 1.909853
0.790 1.717701
0.800 1.090710
0.810 0.416651
0.820 1.959676
0.830 0.190167
0.840 1.590766
0.850 0.968771
0.860 0.082167
0.870 1.272531
0.880 1.131399
0.890 2.033306
0.900 1.075435
0.910 0.168777
0.920 0.051056
0.930 0.945977
0.940 1.390269
0.950 0.347779
0.960 1.951084
0.970 0.281756
0.980 1.835948
0.990 0.496366
