0.000 1.096141
0.010 1.000828
0.020 2.175297
0.030 5.218195
0.040 3.334114
0.050 3.964405
0.060 0.073526
0.070 4.552905
0.080 2.068852
0.090 0.773368
0.100 4.374745
0.110 0.381496
0.120 4.480492
0.130 5.521489
0.140 4.511845
0.150 6.026144
0.160 4.150761
0.170 0.984668
0.180 5.247229
0.190 2.105034
0.200 1.663853
0.210 6.571627
0.220 1.072982
0.230 6.341708
0.240 1.917588
0.250 4.909391
0.260 0.171018
0.270 3.320298
0.280 4.328970
0.290 7.067216
0.300 0.710766
0.310 3.184630
0.320 6.956157
0.330 2.209204
0.340 3.888664
0.350 0.640001
0.360 3.634752
0.370 2.367896
0.380 2.184409
0.390 1.670612
0.400 4.151598
0.410 3.351296
0.420 5.137664
0.430 3.299459
0.440 6.621839
0.450 5.055352
0.460 5.857813
0.470 1.263428
0.480 0.907378
0.490 2.865288
0.500 4.602136
0.510 6.014600
0.520 4.964809
0.530 0.335397
0.540 6.796289
0.550 7.013452
0.560 2.867881
0.570 4.589108
0.580 3.297533
0.590 6.991387
0.600 2.333831
0.610 0.116975
0.620 5.764892
0.630 6.412623
0.640 2.674067
0.650 1.117529
0.660 2.966486
0.670 0.654413
0.680 2.604084
0.690 3.762882
0.700 4.509941
0.710 1.968788
0.720 0.646654
0.730 5.621225
0.740 6.331088
0.750 2.605210
0.760 5.294962
0.770 2.136209
0.780 0.401096
0.790 4.519276
0.800 2.714480
0.810 3.648911
0.820 0.235861
0.830 6.418057
0.840 3.006020
0.850 2.724240
0.860 0.402018
0.870 6.097709
0.880 5.848197
0.890 2.181151
0.900 1.896021
0.910 6.280123
0.920 1.432396
0.930 5.791600
0.940 6.872001
0.950 0.746913
0.960 0.198131
0.970 1.200100
0.980 3.614219
0.990 2.904094
