0.000 1.018619
0.010 1.566626
0.020 1.532700
0.030 0.721230
0.040 1.481228
0.050 1.570534
0.060 1.915364
0.070 0.452519
0.080 0.449091
0.090 1.438231
0.100 1.111514
0.110 1.638233
0.120 1.906120
0.130 0.681797
0.140 1.766017
0.150 1.951779
0.160 1.972834
0.170 1.201494
0.180 0.293956
0.190 0.131160
0.200 1.337832
0.210 0.516312
0.220 2.121933
0.230 1.234235
0.240 0.830540
0.250 1.911432
0.260 0.195550
0.270 0.038280
0.280 1.509406
0.290 0.072099
0.300 0.293628
0.310 1.035209
0.320 0.980110
0.330 0.802022
0.340 1.458163
0.350 1.631992
0.360 0.351011
0.370 0.575018
0.380 2.049165
0.390 0.463130
0.400 0.860100
0.410 0.315749
0.420 1.281040
0.430 0.912591
0.440 1.491046
0.450 2.142140
0.460 0.170078
0.470 0.098718
0.480 1.656043
0.490 1.191611
0.500 0.544661
0.510 1.238121
0.520 0.576450
0.530 1.121329
0.540 0.277483
0.550 0.103502
0.560 0.438947
0.570 0.280502
0.580 1.277697
0.590 0.029031
0.600 0.128761
0.610 1.710899
0.620 1.469675
0.630 0.568959
0.640 1.586060
0.650 0.424016
0.660 2.039941
0.670 1.242718
0.680 1.318234
0.690 0.965939
0.700 2.092231
0.710 2.206335
0.720 1.827143
0.730 1.291550
0.740 1.605248
0.750 0.229649
0.760 0.298231
0.770 1.686218
0.780 0.977411
0.790 1.531782
0.800 0.163436
0.810 1.264894
0.820 0.824021
0.830 0.224293
0.840 1.031131
0.850 0.634326
0.860 0.929891
0.870 1.855234
0.880 0.083860
0.890 1.257663
0.900 1.337445
0.910 0.286444
0.920 1.098403
0.930 1.565282
0.940 1.008100
0.950 1.136356
0.960 0.766813
0.970 1.239831
0.980 1.449379
0.990 1.813656
