0.000 0.440595
0.010 1.068564
0.020 0.873230
0.030 0.880155
0.040 0.296005
0.050 0.170278
0.060 0.941583
0.070 0.203326
0.080 1.227787
0.090 1.027068
0.100 0.150229
0.110 1.080250
0.120 0.036748
0.130 0.914035
0.140 0.169492
0.150 0.982016
0.160 1.044671
0.170 0.507982
0.180 1.115242
0.190 0.384452
0.200 0.697535
0.210 0.782846
0.220 0.048392
0.230 0.505508
0.240 0.287390
0.250 0.976866
0.260 0.093884
0.270 0.923266
0.280 1.210351
0.290 0.505911
0.300 1.041398
0.310 0.050915
0.320 0.204696
0.330 1.085709
0.340 0.723467
0.350 0.104074
0.360 1.126952
0.370 0.006664
0.380 0.919043
0.390 0.480036
0.400 0.277849
0.410 0.539152
0.420 0.920515
0.430 0.005941
0.440 0.291965
0.450 0.092229
0.460 0.719776
0.470 0.680112
0.480 0.920274
0.490 1.227257
0.500 0.189375
0.510 0.168013
0.520 0.978910
0.530 1.131531
0.540 1.193909
0.550 0.556496
0.560 1.121177
0.570 0.728916
0.580 0.214904
0.590 0.586455
0.600 1.086144
0.610 0.550999
0.620 0.238031
0.630 0.885280
0.640 0.296323
0.650 0.880464
0.660 0.432771
0.670 1.055959
0.680 0.710157
0.690 1.061244
0.700 0.140884
0.710 0.176125
0.720 0.218491
0.730 1.093024
0.740 0.284154
0.750 0.002724
0.760 0.047282
0.770 0.844512
0.780 1.052882
0.790 0.251414
0.800 0.876734
0.810 0.075730
0.820 0.291494
0.830 0.657773
0.840 0.871376
0.850 0.044955
0.860 1.035010
0.870 0.774789
0.880 1.273201
0.890 0.479949
0.900 0.548965
0.910 0.831759
0.920 0.000008
0.930 1.045045
0.940 0.762502
0.950 0.628980
0.960 0.660249
0.970 0.405015
0.980 0.016577
0.990 0.763230
