0.000 5.491010
0.010 5.380297
0.020 3.505088
0.030 2.328808
0.040 0.669078
0.050 3.745121
0.060 0.001537
0.070 3.410311
0.080 1.223484
0.090 0.547635
0.100 4.164353
0.110 4.013315
0.120 1.597784
0.130 2.637254
0.140 2.153793
0.150 5.288500
0.160 5.010224
0.170 0.685936
0.180 1.005857
0.190 1.964728
0.200 4.246177
0.210 3.984960
0.220 2.602552
0.230 3.267715
0.240 0.793241
0.250 0.656826
0.260 0.770359
0.270 3.315801
0.280 1.534020
0.290 3.538948
0.300 1.562763
0.310 3.086524
0.320 0.153093
0.330 1.738462
0.340 2.189801
0.350 0.174327
0.360 2.617615
0.370 5.237309
0.380 3.060534
0.390 1.031356
0.400 4.523884
0.410 5.870856
0.420 1.384039
0.430 5.405030
0.440 0.797013
0.450 1.079128
0.460 2.385791
0.470 3.953651
0.480 5.251971
0.490 1.751259
0.500 3.617405
0.510 0.951238
0.520 0.924722
0.530 1.431272
0.540 4.305533
0.550 3.883145
0.560 3.475294
0.570 1.285771
0.580 1.762706
0.590 1.344426
0.600 2.296328
0.610 3.591674
0.620 5.070677
0.630 0.249185
0.640 2.484493
0.650 4.556508
0.660 3.837989
0.670 1.401650
0.680 3.665488
0.690 3.899108
0.700 5.652259
0.710 1.746968
0.720 0.460470
0.730 0.536081
0.740 0.948190
0.750 5.238493
0.760 2.356458
0.770 3.287404
0.780 3.026077
0.790 2.912841
0.800 4.315443
0.810 5.339649
0.820 1.546150
0.830 1.087492
0.840 5.868800
0.850 0.946967
0.860 5.100085
0.870 0.490651
0.880 3.506025
0.890 5.182835
0.900 1.132441
0.910 2.612241
0.920 3.416562
0.930 2.791831
0.940 4.328695
0.950 4.167704
0.960 0.451568
0.970 1.488153
0.980 5.098382
0.990 0.726252
