0.000 2.029954
0.010 0.771855
0.020 2.307790
0.030 3.116812
0.040 2.369611
0.050 3.540961
0.060 3.679363
0.070 0.941630
0.080 0.689922
0.090 1.379015
0.100 1.148174
0.110 1.851075
0.120 1.763361
0.130 3.498530
0.140 3.010790
0.150 0.444592
0.160 2.338820
0.170 3.075262
0.180 2.223990
0.190 2.233806
0.200 2.206419
0.210 0.425096
0.220 0.851729
0.230 1.670876
0.240 1.857371
0.250 0.217514
0.260 0.694290
0.270 3.494438
0.280 2.465464
0.290 2.194727
0.300 3.942796
0.310 2.975053
0.320 3.355054
0.330 1.241245
0.340 1.703373
0.350 1.054610
0.360 1.349735
0.370 0.046629
0.380 0.402949
0.390 1.975238
0.400 2.746982
0.410 3.551666
0.420 0.195026
0.430 0.302344
0.440 3.307253
0.450 0.159172
0.460 0.966776
0.470 3.887457
0.480 3.533635
0.490 1.363214
0.500 2.348519
0.510 1.604064
0.520 0.937373
0.530 0.181138
0.540 3.905394
0.550 1.536024
0.560 2.497109
0.570 2.125808
0.580 3.059595
0.590 1.954646
0.600 3.557678
0.610 0.310254
0.620 2.192438
0.630 2.998553
0.640 1.115667
0.650 0.248917
0.660 0.718145
0.670 2.999687
0.680 2.061400
0.690 0.182663
0.700 2.849637
0.710 0.029908
0.720 1.736569
0.730 3.884363
0.740 2.038859
0.750 3.140589
0.760 1.642321
0.770 0.905016
0.780 2.427656
0.790 0.663760
0.800 2.541466
0.810 1.794493
0.820 2.232494
0.830 2.281636
0.840 2.679995
0.850 3.314527
0.860 0.887032
0.870 1.870643
0.880 0.814752
0.890 3.933788
0.900 0.215348
0.910 0.484496
0.920 0.671812
0.930 0.914623
0.940 1.736875
0.950 3.858112
0.960 1.788866
0.970 3.504043
0.980 1.048476
0.990 3.423173
