0.000 3.249192
0.010 2.789886
0.020 2.893279
0.030 1.513501
0.040 1.789500
0.050 0.939445
0.060 3.932088
0.070 2.972872
0.080 1.159545
0.090 0.368924
0.100 1.316773
0.110 0.473966
0.120 0.004652
0.130 0.713583
0.140 3.921405
0.150 3.968630
0.160 4.493241
0.170 3.495069
0.180 2.928443
0.190 2.218025
0.200 0.618503
0.210 2.124137
0.220 0.980335
0.230 0.883078
0.240 4.620498
0.250 4.274639
0.260 3.799381
0.270 3.544213
0.280 3.141977
0.290 3.351039
0.300 0.855878
0.310 4.180673
0.320 3.106021
0.330 3.897625
0.340 3.557219
0.350 0.451721
0.360 4.303970
0.370 4.087761
0.380 1.051864
0.390 3.798799
0.400 3.050426
0.410 3.770978
0.420 3.733550
0.430 2.072071
0.440 3.992147
0.450 4.409284
0.460 0.473455
0.470 1.275072
0.480 1.001081
0.490 0.405024
0.500 1.253448
0.510 0.048049
0.520 1.015992
0.530 1.943575
0.540 4.130027
0.550 4.315404
0.560 4.803112
0.570 2.910697
0.580 4.779401
0.590 1.090931
0.600 3.294986
0.610 0.127652
0.620 3.850798
0.630 3.350241
0.640 3.221506
0.650 0.534679
0.660 0.580841
0.670 0.236371
0.680 3.127192
0.690 4.202131
0.700 1.632343
0.710 4.242547
0.720 2.189036
0.730 1.192289
0.740 1.562887
0.750 3.413049
0.760 1.449587
0.770 2.524748
0.780 3.667671
0.790 3.738770
0.800 3.996149
0.810 2.975723
0.820 4.143854
0.830 2.468737
0.840 3.087192
0.850 1.700258
0.860 2.535538
0.870 4.431759
0.880 2.564717
0.890 4.335564
0.900 1.434595
0.910 4.775354
0.920 0.691968
0.930 3.217527
0.940 3.636398
0.950 1.215720
0.960 1.805214
0.970 0.155276
0.980 4.401879
0.990 4.780219
