0.000 8.333925
0.010 7.919173
0.020 5.833925
0.030 4.926041
0.040 8.526994
0.050 2.100492
0.060 8.101526
0.070 2.565470
0.080 0.375778
0.090 3.545774
0.100 4.740487
0.110 7.632012
0.120 4.467104
0.130 0.543556
0.140 0.669695
0.150 5.720700
0.160 2.299908
0.170 7.800619
0.180 0.401269
0.190 5.077082
0.200 0.139735
0.210 0.886833
0.220 9.226940
0.230 3.620796
0.240 3.090694
0.250 6.451810
0.260 5.820339
0.270 3.321517
0.280 8.067792
0.290 1.521766
0.300 2.804274
0.310 4.983922
0.320 1.799229
0.330 5.981330
0.340 0.101186
0.350 0.125955
0.360 0.159266
0.370 3.953115
0.380 0.616344
0.390 7.635118
0.400 2.795459
0.410 9.128292
0.420 0.566314
0.430 4.650146
0.440 7.803089
0.450 8.618481
0.460 8.565303
0.470 2.418806
0.480 7.287269
0.490 9.025102
0.500 6.484063
0.510 6.172863
0.520 0.723286
0.530 0.025318
0.540 0.744742
0.550 6.701426
0.560 2.917989
0.570 7.571929
0.580 1.570098
0.590 5.238096
0.600 1.931271
0.610 7.080518
0.620 1.443571
0.630 1.922095
0.640 4.021407
0.650 2.491793
0.660 6.827448
0.670 8.539170
0.680 0.954433
0.690 6.521420
0.700 8.693459
0.710 4.026750
0.720 0.271486
0.730 0.659425
0.740 3.717071
0.750 0.837853
0.760 0.676031
0.770 1.070978
0.780 4.992901
0.790 8.811110
0.800 3.163749
0.810 5.095584
0.820 9.026777
0.830 0.802644
0.840 0.973016
0.850 8.108221
0.860 7.195387
0.870 4.054413
0.880 3.512279
0.890 8.122821
0.900 7.875020
0.910 5.701794
0.920 2.245922
0.930 7.154559
0.940 2.965767
0.950 6.886715
0.960 3.193230
0.970 7.476014
0.980 5.046502
0.990 0.439178
