0.000 0.122377
0.010 1.009687
0.020 0.722787
0.030 0.802970
0.040 1.258597
0.050 0.166361
0.060 0.198460
0.070 1.143535
0.080 0.356024
0.090 0.445012
0.100 1.214375
0.110 0.336655
0.120 0.926133
0.130 0.866418
0.140 0.204695
0.150 1.202287
0.160 0.628435
0.170 0.039608
0.180 0.636897
0.190 0.572727
0.200 0.757624
0.210 0.866936
0.220 0.825611
0.230 0.187170
0.240 0.778709
0.250 0.822853
0.260 0.548779
0.270 0.201985
0.280 0.004903
0.290 1.138523
0.300 0.073818
0.310 1.463239
0.320 0.386797
0.330 0.490226
0.340 1.113474
0.350 0.787193
0.360 0.353740
0.370 0.090402
0.380 0.727522
0.390 1.053067
0.400 0.374059
0.410 0.470235
0.420 1.213128
0.430 0.771985
0.440 1.298990
0.450 0.918353
0.460 0.515652
0.470 1.214408
0.480 1.231277
0.490 0.032899
0.500 0.656505
0.510 1.133403
0.520 0.234983
0.530 1.403299
0.540 0.201125
0.550 1.060550
0.560 0.306537
0.570 0.517905
0.580 0.013031
0.590 0.400068
0.600 0.399605
0.610 0.796299
0.620 1.198456
0.630 0.680330
0.640 0.669603
0.650 0.635198
0.660 0.505422
0.670 0.447524
0.680 1.214174
0.690 1.405942
0.700 0.658727
0.710 0.933686
0.720 1.341972
0.730 0.914408
0.740 0.419430
0.750 0.241241
0.760 0.329442
0.770 0.657963
0.780 1.014449
0.790 0.721151
0.800 1.126419
0.810 1.370798
0.820 0.314288
0.830 0.237347
0.840 1.006695
0.850 0.629259
0.860 0.036188
0.870 1.051201
0.880 0.886951
0.890 1.062949
0.900 1.176488
0.910 1.141586
0.920 0.308346
0.930 0.814933
0.940 0.522351
0.950 0.298579
0.960 0.764116
0.970 1.052971
0.980 0.541826
0.990 0.793416
